timestamp,close,high,low,open,volume
2017-09-11 09:31:00,105.05,105.28,104.99,105.0,9546.0
2017-09-11 09:32:00,105.02,105.02,104.96,104.96,1100.0
2017-09-11 09:34:00,105.35,105.35,105.2,105.26,862.0
2017-09-11 09:35:00,105.33,105.4,105.33,105.3707,500.0
2017-09-11 09:36:00,105.19,105.37,105.19,105.37,800.0
2017-09-11 09:37:00,105.28,105.28,105.27,105.27,200.0
2017-09-11 09:39:00,105.32,105.32,105.31,105.32,300.0
2017-09-11 09:40:00,105.5,105.5,105.3,105.34,5595.0
2017-09-11 09:41:00,105.65,105.71,105.58,105.62,2092.0
2017-09-11 09:42:00,105.68,105.73,105.67,105.67,516.0
2017-09-11 09:43:00,105.65,105.679,105.62,105.67,1913.0
2017-09-11 09:44:00,105.6075,105.63,105.6,105.62,1400.0
2017-09-11 09:45:00,105.68,105.72,105.62,105.66,1500.0
2017-09-11 09:46:00,105.69,105.69,105.68,105.68,440.0
2017-09-11 09:47:00,105.67,105.7,105.65,105.7,900.0
2017-09-11 09:48:00,105.69,105.74,105.67,105.67,1300.0
2017-09-11 09:49:00,105.74,105.7652,105.6592,105.72,1875.0
2017-09-11 09:50:00,105.76,105.76,105.7,105.7264,788.0
2017-09-11 09:51:00,105.6888,105.81,105.6888,105.77,2472.0
2017-09-11 09:52:00,105.69,105.69,105.69,105.69,100.0
2017-09-11 09:53:00,105.8074,105.8074,105.68,105.68,700.0
2017-09-11 09:54:00,105.72,105.77,105.72,105.77,500.0
2017-09-11 09:55:00,105.72,105.77,105.72,105.75,400.0
2017-09-11 09:56:00,105.73,105.73,105.73,105.73,100.0
2017-09-11 09:57:00,105.65,105.7,105.65,105.7,266.0
2017-09-11 09:58:00,105.63,105.71,105.63,105.71,1000.0
2017-09-11 09:59:00,105.63,105.63,105.58,105.58,300.0
2017-09-11 10:00:00,105.53,105.58,105.53,105.56,700.0
2017-09-11 10:01:00,105.58,105.63,105.53,105.54,3312.0
2017-09-11 10:02:00,105.66,105.66,105.55,105.56,694.0
2017-09-11 10:03:00,105.65,105.65,105.62,105.64,890.0
2017-09-11 10:04:00,105.64,105.67,105.64,105.65,2300.0
2017-09-11 10:05:00,105.685,105.685,105.64,105.65,1062.0
2017-09-11 10:06:00,105.66,105.71,105.66,105.685,2645.0
2017-09-11 10:07:00,105.7,105.7,105.69,105.69,700.0
2017-09-11 10:08:00,105.74,105.74,105.74,105.74,100.0
2017-09-11 10:09:00,105.75,105.76,105.71,105.73,2700.0
2017-09-11 10:10:00,105.77,105.77,105.77,105.77,100.0
2017-09-11 10:11:00,105.79,105.79,105.755,105.77,1000.0
2017-09-11 10:12:00,105.83,105.83,105.78,105.82,300.0
2017-09-11 10:13:00,105.785,105.82,105.77,105.78,2862.0
2017-09-11 10:14:00,105.82,105.82,105.78,105.78,1250.0
2017-09-11 10:15:00,105.82,105.83,105.8,105.8,801.0
2017-09-11 10:16:00,105.88,105.89,105.84,105.84,3298.0
2017-09-11 10:17:00,105.8899,105.9,105.855,105.89,2320.0
2017-09-11 10:18:00,105.89,105.89,105.88,105.88,200.0
2017-09-11 10:19:00,105.86,105.91,105.86,105.91,2200.0
2017-09-11 10:20:00,105.8699,105.9,105.86,105.88,1575.0
2017-09-11 10:22:00,105.866,105.866,105.85,105.85,200.0
2017-09-11 10:23:00,105.83,105.88,105.83,105.865,900.0
2017-09-11 10:24:00,105.79,105.845,105.78,105.845,2365.0
2017-09-11 10:25:00,105.71,105.75,105.7001,105.75,1976.0
2017-09-11 10:26:00,105.72,105.72,105.7,105.7,200.0
2017-09-11 10:27:00,105.71,105.7369,105.71,105.72,1011.0
2017-09-11 10:28:00,105.72,105.74,105.72,105.73,730.0
2017-09-11 10:29:00,105.7201,105.73,105.72,105.72,700.0
2017-09-11 10:30:00,105.73,105.74,105.73,105.74,800.0
2017-09-11 10:31:00,105.725,105.74,105.71,105.72,1650.0
2017-09-11 10:32:00,105.69,105.83,105.6401,105.74,5711.0
2017-09-11 10:33:00,105.615,105.69,105.5901,105.69,1793.0
2017-09-11 10:34:00,105.59,105.59,105.59,105.59,593.0
2017-09-11 10:35:00,105.61,105.64,105.61,105.61,853.0
2017-09-11 10:36:00,105.64,105.65,105.6,105.6,1539.0
2017-09-11 10:37:00,105.59,105.66,105.59,105.66,1254.0
2017-09-11 10:38:00,105.59,105.61,105.59,105.59,300.0
2017-09-11 10:39:00,105.61,105.61,105.61,105.61,200.0
2017-09-11 10:40:00,105.56,105.63,105.56,105.61,2550.0
2017-09-11 10:41:00,105.54,105.59,105.54,105.58,1200.0
2017-09-11 10:42:00,105.53,105.59,105.53,105.54,1202.0
2017-09-11 10:43:00,105.545,105.55,105.545,105.55,300.0
2017-09-11 10:44:00,105.57,105.59,105.56,105.56,700.0
2017-09-11 10:45:00,105.58,105.6,105.56,105.59,2209.0
2017-09-11 10:46:00,105.53,105.59,105.52,105.59,3493.0
2017-09-11 10:47:00,105.53,105.53,105.51,105.52,2100.0
2017-09-11 10:48:00,105.53,105.53,105.52,105.52,1000.0
2017-09-11 10:49:00,105.51,105.54,105.51,105.54,1500.0
2017-09-11 10:50:00,105.49,105.52,105.49,105.52,601.0
2017-09-11 10:51:00,105.55,105.55,105.51,105.51,1201.0
2017-09-11 10:52:00,105.56,105.56,105.56,105.56,103.0
2017-09-11 10:53:00,105.62,105.62,105.57,105.57,1100.0
2017-09-11 10:54:00,105.67,105.67,105.645,105.65,450.0
2017-09-11 10:55:00,105.67,105.67,105.67,105.67,200.0
2017-09-11 10:56:00,105.62,105.67,105.6,105.67,4393.0
2017-09-11 10:57:00,105.7,105.7,105.63,105.63,1781.0
2017-09-11 10:58:00,105.68,105.7,105.67,105.7,1600.0
2017-09-11 10:59:00,105.66,105.69,105.66,105.67,1441.0
2017-09-11 11:00:00,105.68,105.68,105.68,105.68,200.0
2017-09-11 11:01:00,105.69,105.7,105.66,105.68,1100.0
2017-09-11 11:02:00,105.725,105.735,105.7,105.7,1200.0
2017-09-11 11:03:00,105.72,105.76,105.72,105.74,1900.0
2017-09-11 11:04:00,105.76,105.76,105.73,105.74,500.0
2017-09-11 11:05:00,105.72,105.76,105.71,105.76,2711.0
2017-09-11 11:06:00,105.725,105.725,105.725,105.725,100.0
2017-09-11 11:08:00,105.7,105.71,105.7,105.71,200.0
2017-09-11 11:09:00,105.73,105.73,105.73,105.73,100.0
2017-09-11 11:10:00,105.73,105.73,105.73,105.73,200.0
2017-09-11 11:11:00,105.75,105.77,105.72,105.72,1800.0
2017-09-11 11:12:00,105.74,105.76,105.74,105.7507,390.0
2017-09-11 11:13:00,105.76,105.77,105.755,105.77,600.0
2017-09-11 11:14:00,105.7202,105.75,105.7202,105.75,1936.0
2017-09-11 11:15:00,105.69,105.72,105.68,105.71,850.0
2017-09-11 11:16:00,105.69,105.69,105.69,105.69,100.0
2017-09-11 11:18:00,105.65,105.66,105.65,105.66,200.0
2017-09-11 11:19:00,105.62,105.66,105.62,105.65,2819.0
2017-09-11 11:20:00,105.56,105.6,105.56,105.6,200.0
2017-09-11 11:21:00,105.565,105.565,105.555,105.56,500.0
2017-09-11 11:22:00,105.58,105.58,105.57,105.57,600.0
2017-09-11 11:23:00,105.55,105.57,105.55,105.57,1300.0
2017-09-11 11:24:00,105.54,105.56,105.54,105.55,953.0
2017-09-11 11:25:00,105.55,105.55,105.53,105.54,700.0
2017-09-11 11:26:00,105.59,105.59,105.555,105.57,550.0
2017-09-11 11:28:00,105.52,105.605,105.52,105.605,1000.0
2017-09-11 11:29:00,105.51,105.51,105.51,105.51,100.0
2017-09-11 11:30:00,105.56,105.56,105.53,105.53,1200.0
2017-09-11 11:31:00,105.58,105.58,105.58,105.58,100.0
2017-09-11 11:32:00,105.57,105.57,105.57,105.57,200.0
2017-09-11 11:33:00,105.55,105.58,105.55,105.58,1900.0
2017-09-11 11:34:00,105.6,105.6,105.55,105.55,2461.0
2017-09-11 11:35:00,105.63,105.63,105.61,105.62,300.0
2017-09-11 11:36:00,105.645,105.65,105.64,105.65,400.0
2017-09-11 11:37:00,105.6428,105.6428,105.6428,105.6428,165.0
2017-09-11 11:38:00,105.65,105.66,105.64,105.66,432.0
2017-09-11 11:39:00,105.63,105.66,105.63,105.66,1900.0
2017-09-11 11:41:00,105.64,105.64,105.64,105.64,760.0
2017-09-11 11:42:00,105.62,105.62,105.6,105.6,250.0
2017-09-11 11:43:00,105.64,105.67,105.64,105.65,1198.0
2017-09-11 11:46:00,105.66,105.67,105.63,105.63,1400.0
2017-09-11 11:47:00,105.66,105.66,105.66,105.66,494.0
2017-09-11 11:48:00,105.67,105.67,105.67,105.67,100.0
2017-09-11 11:49:00,105.65,105.65,105.63,105.65,1887.0
2017-09-11 11:50:00,105.62,105.65,105.62,105.64,1623.0
2017-09-11 11:51:00,105.6123,105.63,105.61,105.61,976.0
2017-09-11 11:52:00,105.6103,105.6312,105.61,105.6276,800.0
2017-09-11 11:53:00,105.61,105.62,105.61,105.62,400.0
2017-09-11 11:54:00,105.65,105.65,105.63,105.63,1083.0
2017-09-11 11:55:00,105.7,105.7,105.655,105.655,2193.0
2017-09-11 11:56:00,105.67,105.71,105.67,105.71,600.0
2017-09-11 11:57:00,105.74,105.74,105.705,105.705,593.0
2017-09-11 11:58:00,105.78,105.78,105.75,105.75,1200.0
2017-09-11 11:59:00,105.78,105.81,105.78,105.81,200.0
2017-09-11 12:00:00,105.795,105.81,105.78,105.81,1920.0
2017-09-11 12:01:00,105.78,105.81,105.78,105.81,800.0
2017-09-11 12:03:00,105.78,105.78,105.76,105.78,2000.0
2017-09-11 12:04:00,105.78,105.78,105.78,105.78,200.0
2017-09-11 12:05:00,105.77,105.81,105.77,105.8,2454.0
2017-09-11 12:06:00,105.77,105.8,105.77,105.77,3400.0
2017-09-11 12:07:00,105.73,105.76,105.73,105.76,900.0
2017-09-11 12:08:00,105.69,105.75,105.69,105.74,2805.0
2017-09-11 12:09:00,105.62,105.67,105.61,105.67,1700.0
2017-09-11 12:10:00,105.67,105.67,105.62,105.62,1833.0
2017-09-11 12:13:00,105.69,105.69,105.69,105.69,200.0
2017-09-11 12:14:00,105.7,105.7,105.69,105.69,964.0
2017-09-11 12:16:00,105.67,105.72,105.67,105.72,200.0
2017-09-11 12:17:00,105.73,105.73,105.72,105.72,600.0
2017-09-11 12:18:00,105.7525,105.7645,105.73,105.73,1445.0
2017-09-11 12:19:00,105.79,105.79,105.765,105.765,200.0
2017-09-11 12:20:00,105.8,105.8,105.8,105.8,200.0
2017-09-11 12:21:00,105.8,105.8,105.8,105.8,200.0
2017-09-11 12:22:00,105.8,105.8,105.8,105.8,200.0
2017-09-11 12:23:00,105.8,105.8,105.8,105.8,100.0
2017-09-11 12:24:00,105.84,105.84,105.8,105.8,2700.0
2017-09-11 12:25:00,105.83,105.83,105.83,105.83,1600.0
2017-09-11 12:26:00,105.84,105.85,105.83,105.84,2169.0
2017-09-11 12:27:00,105.84,105.84,105.83,105.84,859.0
2017-09-11 12:28:00,105.76,105.8396,105.76,105.8396,2834.0
2017-09-11 12:29:00,105.78,105.78,105.78,105.78,100.0
2017-09-11 12:30:00,105.82,105.82,105.8,105.8,1551.0
2017-09-11 12:31:00,105.81,105.81,105.81,105.81,100.0
2017-09-11 12:32:00,105.8169,105.8169,105.8169,105.8169,267.0
2017-09-11 12:33:00,105.8,105.8,105.8,105.8,601.0
2017-09-11 12:34:00,105.79,105.79,105.78,105.78,863.0
2017-09-11 12:35:00,105.75,105.78,105.75,105.78,300.0
2017-09-11 12:37:00,105.7476,105.75,105.7476,105.75,400.0
2017-09-11 12:38:00,105.75,105.75,105.75,105.75,100.0
2017-09-11 12:39:00,105.78,105.78,105.76,105.76,1450.0
2017-09-11 12:40:00,105.74,105.78,105.74,105.78,1300.0
2017-09-11 12:41:00,105.7811,105.7855,105.7788,105.7788,3305.0
2017-09-11 12:43:00,105.82,105.83,105.79,105.79,1800.0
2017-09-11 12:44:00,105.83,105.85,105.83,105.85,200.0
2017-09-11 12:45:00,105.87,105.87,105.85,105.85,500.0
2017-09-11 12:46:00,105.9,105.9,105.86,105.87,700.0
2017-09-11 12:47:00,105.89,105.89,105.89,105.89,100.0
2017-09-11 12:48:00,105.89,105.89,105.86,105.87,1800.0
2017-09-11 12:50:00,105.84,105.88,105.84,105.88,2171.0
2017-09-11 12:52:00,105.78,105.78,105.78,105.78,100.0
2017-09-11 12:54:00,105.79,105.79,105.79,105.79,228.0
2017-09-11 12:55:00,105.78,105.8,105.775,105.79,2041.0
2017-09-11 12:56:00,105.82,105.82,105.82,105.82,100.0
2017-09-11 12:57:00,105.8,105.81,105.79,105.81,300.0
2017-09-11 12:58:00,105.82,105.82,105.82,105.82,100.0
2017-09-11 12:59:00,105.8144,105.82,105.8144,105.82,1226.0
2017-09-11 13:00:00,105.84,105.84,105.8211,105.84,400.0
2017-09-11 13:01:00,105.89,105.89,105.84,105.84,1156.0
2017-09-11 13:02:00,105.895,105.9,105.89,105.89,1344.0
2017-09-11 13:03:00,105.88,105.9,105.88,105.89,300.0
2017-09-11 13:04:00,105.88,105.89,105.88,105.89,200.0
2017-09-11 13:05:00,105.93,105.93,105.9,105.9,1700.0
2017-09-11 13:06:00,105.9,105.92,105.9,105.92,1499.0
2017-09-11 13:07:00,105.83,105.89,105.83,105.89,1600.0
2017-09-11 13:08:00,105.85,105.85,105.83,105.84,2600.0
2017-09-11 13:09:00,105.87,105.87,105.87,105.87,300.0
2017-09-11 13:10:00,105.85,105.87,105.85,105.87,900.0
2017-09-11 13:11:00,105.88,105.88,105.85,105.86,600.0
2017-09-11 13:13:00,105.89,105.89,105.885,105.89,500.0
2017-09-11 13:14:00,105.9,105.9,105.9,105.9,100.0
2017-09-11 13:15:00,105.895,105.9,105.89,105.89,1652.0
2017-09-11 13:16:00,105.89,105.89,105.88,105.89,1402.0
2017-09-11 13:17:00,105.92,105.925,105.88,105.88,1926.0
2017-09-11 13:18:00,105.92,105.92,105.92,105.92,545.0
2017-09-11 13:19:00,105.93,105.93,105.92,105.92,500.0
2017-09-11 13:20:00,105.92,105.92,105.92,105.92,100.0
2017-09-11 13:21:00,105.92,105.92,105.92,105.92,100.0
2017-09-11 13:22:00,105.91,105.92,105.89,105.92,2300.0
2017-09-11 13:23:00,105.88,105.92,105.88,105.91,1100.0
2017-09-11 13:24:00,105.905,105.905,105.9,105.9,500.0
2017-09-11 13:25:00,105.91,105.91,105.9,105.9,400.0
2017-09-11 13:27:00,105.88,105.88,105.88,105.88,100.0
2017-09-11 13:28:00,105.89,105.89,105.87,105.87,200.0
2017-09-11 13:29:00,105.9,105.9,105.88,105.88,1848.0
2017-09-11 13:30:00,105.8888,105.8888,105.88,105.88,700.0
2017-09-11 13:32:00,105.91,105.91,105.89,105.9,1650.0
2017-09-11 13:33:00,105.92,105.93,105.9,105.92,3372.0
2017-09-11 13:34:00,105.93,105.96,105.93,105.93,3348.0
2017-09-11 13:35:00,105.95,105.95,105.95,105.95,200.0
2017-09-11 13:36:00,105.95,105.95,105.935,105.935,400.0
2017-09-11 13:37:00,105.92,105.92,105.88,105.91,2600.0
2017-09-11 13:38:00,105.91,105.9235,105.91,105.92,725.0
2017-09-11 13:39:00,105.91,105.91,105.91,105.91,800.0
2017-09-11 13:40:00,105.87,105.91,105.87,105.91,2200.0
2017-09-11 13:41:00,105.86,105.86,105.86,105.86,200.0
2017-09-11 13:42:00,105.85,105.85799999999999,105.85,105.855,1200.0
2017-09-11 13:43:00,105.86,105.86,105.84,105.85,900.0
2017-09-11 13:44:00,105.84,105.86,105.83,105.85,2700.0
2017-09-11 13:45:00,105.85,105.86,105.85,105.86,400.0
2017-09-11 13:46:00,105.9,105.9,105.87,105.87,1000.0
2017-09-11 13:47:00,105.86,105.9,105.86,105.89,2100.0
2017-09-11 13:48:00,105.84,105.85,105.84,105.85,300.0
2017-09-11 13:49:00,105.85,105.85,105.81,105.84,1876.0
2017-09-11 13:51:00,105.8,105.8,105.8,105.8,100.0
2017-09-11 13:52:00,105.77,105.8,105.77,105.8,2100.0
2017-09-11 13:53:00,105.84,105.84,105.77,105.77,2700.0
2017-09-11 13:54:00,105.8,105.8,105.8,105.8,100.0
2017-09-11 13:55:00,105.78,105.8088,105.78,105.8088,635.0
2017-09-11 13:56:00,105.75,105.77,105.75,105.77,1020.0
2017-09-11 13:57:00,105.74,105.75,105.74,105.75,600.0
2017-09-11 13:58:00,105.74,105.74,105.71,105.74,3249.0
2017-09-11 13:59:00,105.68,105.73,105.68,105.73,1800.0
2017-09-11 14:00:00,105.71,105.71,105.5898,105.615,3543.0
2017-09-11 14:01:00,105.72,105.72,105.69,105.69,1819.0
2017-09-11 14:03:00,105.67,105.72,105.67,105.71,1100.0
2017-09-11 14:04:00,105.74,105.74,105.71,105.71,800.0
2017-09-11 14:06:00,105.74,105.74,105.7,105.71,1500.0
2017-09-11 14:07:00,105.8,105.8,105.77,105.77,1110.0
2017-09-11 14:08:00,105.84,105.84,105.8,105.8,400.0
2017-09-11 14:09:00,105.81,105.84,105.81,105.82,2000.0
2017-09-11 14:10:00,105.81,105.81,105.8,105.8,800.0
2017-09-11 14:12:00,105.85,105.8799,105.825,105.825,6802.0
2017-09-11 14:13:00,105.88,105.88,105.85,105.88,1218.0
2017-09-11 14:14:00,105.87,105.87,105.87,105.87,500.0
2017-09-11 14:15:00,105.82,105.82,105.82,105.82,100.0
2017-09-11 14:16:00,105.835,105.835,105.835,105.835,100.0
2017-09-11 14:17:00,105.85,105.86,105.8,105.82,10100.0
2017-09-11 14:18:00,105.88,105.88,105.845,105.845,1000.0
2017-09-11 14:19:00,105.89,105.89,105.88,105.89,1508.0
2017-09-11 14:20:00,105.86,105.89,105.85,105.88,3995.0
2017-09-11 14:21:00,105.85,105.85,105.83,105.84,2767.0
2017-09-11 14:22:00,105.86,105.86,105.84,105.85,1336.0
2017-09-11 14:24:00,105.88,105.89,105.87,105.87,2100.0
2017-09-11 14:26:00,105.87,105.88,105.86,105.88,2422.0
2017-09-11 14:27:00,105.83,105.86,105.83,105.86,2000.0
2017-09-11 14:28:00,105.85,105.85,105.845,105.85,1144.0
2017-09-11 14:29:00,105.82,105.85,105.795,105.845,3500.0
2017-09-11 14:30:00,105.86,105.87,105.83,105.84,4089.0
2017-09-11 14:31:00,105.88,105.88,105.88,105.88,300.0
2017-09-11 14:33:00,105.89,105.9,105.89,105.89,929.0
2017-09-11 14:34:00,105.96,105.96,105.9,105.9,2800.0
2017-09-11 14:35:00,105.93799999999999,105.96,105.93799999999999,105.96,1599.0
2017-09-11 14:36:00,105.95,105.95,105.95,105.95,400.0
2017-09-11 14:37:00,105.95,105.95,105.94,105.94,700.0
2017-09-11 14:38:00,105.92,105.93,105.9,105.93,1650.0
2017-09-11 14:39:00,105.91,105.91,105.91,105.91,150.0
2017-09-11 14:40:00,105.93,105.93,105.9038,105.91,861.0
2017-09-11 14:41:00,105.91,105.92,105.91,105.91,300.0
2017-09-11 14:42:00,105.84,105.9,105.84,105.89,1696.0
2017-09-11 14:43:00,105.87,105.87,105.84,105.84,2300.0
2017-09-11 14:44:00,105.9,105.91,105.88,105.88,1500.0
2017-09-11 14:45:00,105.92,105.92,105.91,105.91,1806.0
2017-09-11 14:46:00,105.92,105.93,105.92,105.925,700.0
2017-09-11 14:48:00,105.92,105.94,105.91,105.94,1212.0
2017-09-11 14:49:00,105.92,105.92,105.91,105.92,1200.0
2017-09-11 14:50:00,105.92,105.925,105.92,105.92,603.0
2017-09-11 14:51:00,105.93,105.95,105.92,105.93,3135.0
2017-09-11 14:52:00,105.9,105.93,105.9,105.92,600.0
2017-09-11 14:53:00,105.86,105.89,105.86,105.89,1000.0
2017-09-11 14:54:00,105.91,105.91,105.86,105.86,1800.0
2017-09-11 14:55:00,105.94,105.94,105.93,105.93,600.0
2017-09-11 14:56:00,105.93,105.95,105.93,105.94,900.0
2017-09-11 14:57:00,105.92,105.97,105.92,105.94,2900.0
2017-09-11 15:00:00,105.88,105.917,105.88,105.917,2550.0
2017-09-11 15:01:00,105.87,105.87,105.87,105.87,200.0
2017-09-11 15:02:00,105.865,105.88,105.86,105.86,3407.0
2017-09-11 15:03:00,105.89,105.9,105.88,105.89,500.0
2017-09-11 15:04:00,105.86,105.91,105.86,105.91,1400.0
2017-09-11 15:05:00,105.9,105.9,105.87,105.87,1399.0
2017-09-11 15:06:00,105.91,105.91,105.89,105.89,300.0
2017-09-11 15:07:00,105.92,105.92,105.87,105.91,3055.0
2017-09-11 15:08:00,105.9,105.9,105.88,105.88,700.0
2017-09-11 15:09:00,105.91,105.91,105.9,105.91,400.0
2017-09-11 15:10:00,105.88,105.9156,105.88,105.9156,1957.0
2017-09-11 15:11:00,105.885,105.885,105.86,105.86,900.0
2017-09-11 15:12:00,105.91,105.91,105.885,105.89,1400.0
2017-09-11 15:13:00,105.8956,105.92,105.89,105.91,1707.0
2017-09-11 15:14:00,105.9,105.91,105.9,105.9,1200.0
2017-09-11 15:15:00,105.95,105.95,105.89,105.89,1250.0
2017-09-11 15:16:00,105.93,105.99,105.93,105.97,5139.0
2017-09-11 15:17:00,105.92,105.92,105.92,105.92,200.0
2017-09-11 15:18:00,105.945,105.945,105.92,105.92,2013.0
2017-09-11 15:19:00,105.94,105.95,105.935,105.94,3618.0
2017-09-11 15:20:00,105.98,105.99,105.95,105.95,3000.0
2017-09-11 15:21:00,105.98,105.98,105.98,105.98,100.0
2017-09-11 15:22:00,105.975,105.99,105.975,105.9849,3695.0
2017-09-11 15:23:00,106.0,106.0,105.98,105.98,1781.0
2017-09-11 15:24:00,105.98,106.01,105.97,106.0,3900.0
2017-09-11 15:25:00,105.975,105.975,105.975,105.975,1410.0
2017-09-11 15:26:00,105.995,105.995,105.98,105.98,1600.0
2017-09-11 15:27:00,106.04,106.04,105.995,106.0,3237.0
2017-09-11 15:28:00,106.03,106.05,106.02,106.05,2527.0
2017-09-11 15:29:00,106.1,106.11,106.04,106.04,5458.0
2017-09-11 15:30:00,106.14,106.15,106.09,106.1,5171.0
2017-09-11 15:31:00,106.15,106.15,106.1299,106.14,3134.0
2017-09-11 15:32:00,106.16,106.16,106.145,106.15,861.0
2017-09-11 15:33:00,106.135,106.17,106.13,106.16,4300.0
2017-09-11 15:34:00,106.1,106.14,106.1,106.14,2702.0
2017-09-11 15:35:00,106.08,106.11,106.08,106.1,2300.0
2017-09-11 15:36:00,106.08,106.09,106.08,106.09,800.0
2017-09-11 15:37:00,106.05,106.08,106.04,106.08,4000.0
2017-09-11 15:38:00,106.04,106.05,106.03,106.05,3414.0
2017-09-11 15:39:00,106.09,106.09,106.04,106.04,5093.0
2017-09-11 15:40:00,106.14,106.15,106.08,106.085,6049.0
2017-09-11 15:41:00,106.1068,106.14,106.1068,106.14,2250.0
2017-09-11 15:42:00,106.05,106.1,106.04,106.1,2549.0
2017-09-11 15:43:00,106.06,106.07,106.05,106.05,1764.0
2017-09-11 15:44:00,105.99,106.06,105.99,106.06,5662.0
2017-09-11 15:45:00,106.05,106.08,106.0,106.0,13171.0
2017-09-11 15:46:00,106.05,106.0901,106.05,106.07,6559.0
2017-09-11 15:47:00,106.03,106.05,106.03,106.05,2400.0
2017-09-11 15:48:00,106.09,106.09,106.03,106.03,3659.0
2017-09-11 15:49:00,106.065,106.08,106.06,106.08,1992.0
2017-09-11 15:50:00,106.05,106.07,106.05,106.065,3941.0
2017-09-11 15:51:00,106.06,106.06,106.02,106.05,13759.0
2017-09-11 15:52:00,106.08,106.09,106.06,106.065,4998.0
2017-09-11 15:53:00,106.11,106.15,106.08,106.08,15319.0
2017-09-11 15:54:00,106.11,106.13,106.11,106.11,6013.0
2017-09-11 15:55:00,106.12,106.13,106.11,106.12,10222.0
2017-09-11 15:56:00,106.11,106.1299,106.1,106.12,10430.0
2017-09-11 15:57:00,106.08,106.115,106.08,106.11,6296.0
2017-09-11 15:58:00,106.07,106.08,106.05,106.08,11191.0
2017-09-11 15:59:00,106.12,106.12,106.05,106.05,6732.0
2017-09-11 16:00:00,106.05,106.13,106.03,106.12,26469.0
2017-09-12 09:31:00,106.0,106.0,106.0,106.0,7409.0
2017-09-12 09:33:00,106.1,106.1,106.1,106.1,100.0
2017-09-12 09:34:00,106.0634,106.07,106.03,106.07,409.0
2017-09-12 09:35:00,106.16,106.18,106.1,106.1,1696.0
2017-09-12 09:36:00,106.34,106.35,106.25,106.25,800.0
2017-09-12 09:37:00,106.47,106.49,106.45,106.45,840.0
2017-09-12 09:38:00,106.38,106.44,106.38,106.44,926.0
2017-09-12 09:39:00,106.365,106.37,106.35,106.37,500.0
2017-09-12 09:40:00,106.36,106.36,106.36,106.36,100.0
2017-09-12 09:41:00,106.35,106.3975,106.35,106.3975,614.0
2017-09-12 09:42:00,106.4224,106.4224,106.36,106.36,835.0
2017-09-12 09:43:00,106.48,106.48,106.4241,106.4241,2478.0
2017-09-12 09:44:00,106.42,106.45,106.42,106.45,600.0
2017-09-12 09:45:00,106.42,106.42,106.4,106.4,200.0
2017-09-12 09:46:00,106.495,106.51,106.47,106.47,773.0
2017-09-12 09:47:00,106.44,106.47,106.44,106.47,525.0
2017-09-12 09:48:00,106.43,106.44,106.43,106.44,400.0
2017-09-12 09:49:00,106.45,106.47,106.4,106.45,1200.0
2017-09-12 09:50:00,106.44,106.49,106.44,106.48,1300.0
2017-09-12 09:51:00,106.375,106.425,106.375,106.425,400.0
2017-09-12 09:52:00,106.405,106.405,106.405,106.405,100.0
2017-09-12 09:53:00,106.37,106.37,106.35,106.37,510.0
2017-09-12 09:54:00,106.4,106.4,106.39,106.39,200.0
2017-09-12 09:56:00,106.44,106.45,106.39,106.4,2063.0
2017-09-12 09:57:00,106.5,106.5,106.44,106.45,3200.0
2017-09-12 09:58:00,106.44,106.5,106.42,106.5,1500.0
2017-09-12 09:59:00,106.4,106.4,106.4,106.4,100.0
2017-09-12 10:00:00,106.47,106.47,106.41,106.41,930.0
2017-09-12 10:01:00,106.4975,106.5,106.45,106.45,5312.0
2017-09-12 10:02:00,106.475,106.49,106.45,106.47,1506.0
2017-09-12 10:03:00,106.48,106.48,106.48,106.48,300.0
2017-09-12 10:04:00,106.47,106.5,106.46,106.48,1100.0
2017-09-12 10:05:00,106.45,106.45,106.45,106.45,200.0
2017-09-12 10:06:00,106.4581,106.49,106.4581,106.47,2502.0
2017-09-12 10:07:00,106.4,106.44,106.4,106.44,900.0
2017-09-12 10:08:00,106.404,106.404,106.404,106.404,100.0
2017-09-12 10:09:00,106.43,106.45,106.41,106.44,1800.0
2017-09-12 10:10:00,106.43,106.43,106.43,106.43,300.0
2017-09-12 10:11:00,106.46,106.46,106.45,106.45,200.0
2017-09-12 10:12:00,106.47,106.47,106.47,106.47,100.0
2017-09-12 10:13:00,106.39,106.4632,106.39,106.4632,1285.0
2017-09-12 10:14:00,106.4,106.4,106.4,106.4,200.0
2017-09-12 10:15:00,106.37,106.37,106.37,106.37,100.0
2017-09-12 10:16:00,106.3,106.37,106.3,106.37,1340.0
2017-09-12 10:17:00,106.24,106.305,106.24,106.305,300.0
2017-09-12 10:18:00,106.2,106.24,106.2,106.24,400.0
2017-09-12 10:19:00,106.195,106.23,106.19,106.2,2010.0
2017-09-12 10:20:00,106.195,106.195,106.195,106.195,189.0
2017-09-12 10:21:00,106.23,106.24,106.15,106.15,900.0
2017-09-12 10:22:00,106.16,106.22,106.16,106.22,500.0
2017-09-12 10:23:00,106.2,106.2,106.16,106.16,200.0
2017-09-12 10:24:00,106.182,106.2,106.165,106.2,500.0
2017-09-12 10:25:00,106.08,106.13,106.08,106.13,700.0
2017-09-12 10:26:00,106.14,106.14,106.08,106.08,400.0
2017-09-12 10:27:00,106.17,106.17,106.17,106.17,100.0
2017-09-12 10:28:00,106.17,106.17,106.12,106.12,300.0
2017-09-12 10:29:00,106.16,106.17,106.11,106.17,1400.0
2017-09-12 10:30:00,106.24,106.24,106.24,106.24,100.0
2017-09-12 10:31:00,106.29,106.29,106.25,106.25,500.0
2017-09-12 10:32:00,106.21,106.29,106.21,106.29,1402.0
2017-09-12 10:33:00,106.18,106.18,106.18,106.18,200.0
2017-09-12 10:35:00,106.13,106.14,106.11,106.12,700.0
2017-09-12 10:36:00,106.1,106.11,106.1,106.11,400.0
2017-09-12 10:37:00,106.17,106.17,106.1,106.1,500.0
2017-09-12 10:38:00,106.16,106.18,106.155,106.17,1100.0
2017-09-12 10:39:00,106.2,106.2,106.19,106.19,200.0
2017-09-12 10:40:00,106.17,106.19,106.17,106.19,500.0
2017-09-12 10:41:00,106.19,106.22,106.19,106.19,600.0
2017-09-12 10:42:00,106.24,106.24,106.22,106.22,800.0
2017-09-12 10:43:00,106.26,106.26,106.26,106.26,100.0
2017-09-12 10:44:00,106.25,106.26,106.24,106.26,500.0
2017-09-12 10:45:00,106.29,106.29,106.25,106.25,1200.0
2017-09-12 10:46:00,106.27,106.31,106.26,106.28,1800.0
2017-09-12 10:47:00,106.25,106.28,106.25,106.28,1000.0
2017-09-12 10:49:00,106.27,106.28,106.27,106.27,600.0
2017-09-12 10:50:00,106.28,106.28,106.28,106.28,100.0
2017-09-12 10:52:00,106.23,106.3,106.23,106.3,1200.0
2017-09-12 10:53:00,106.265,106.265,106.24,106.26,300.0
2017-09-12 10:54:00,106.28,106.28,106.28,106.28,100.0
2017-09-12 10:56:00,106.26,106.26,106.26,106.26,600.0
2017-09-12 10:57:00,106.28,106.32,106.26,106.29,2000.0
2017-09-12 10:58:00,106.28,106.33,106.28,106.28,900.0
2017-09-12 10:59:00,106.2978,106.2978,106.285,106.285,260.0
2017-09-12 11:00:00,106.28,106.31,106.28,106.31,700.0
2017-09-12 11:01:00,106.28,106.3,106.28,106.3,400.0
2017-09-12 11:02:00,106.285,106.31,106.26,106.29,2529.0
2017-09-12 11:03:00,106.2647,106.32,106.26,106.31,2749.0
2017-09-12 11:04:00,106.28,106.28,106.27,106.27,500.0
2017-09-12 11:05:00,106.28,106.32,106.28,106.31,600.0
2017-09-12 11:06:00,106.28,106.28,106.26,106.28,1102.0
2017-09-12 11:07:00,106.27,106.27,106.27,106.27,200.0
2017-09-12 11:08:00,106.28,106.3,106.28,106.3,1800.0
2017-09-12 11:10:00,106.27,106.3,106.26,106.28,1602.0
2017-09-12 11:11:00,106.285,106.3,106.285,106.3,400.0
2017-09-12 11:12:00,106.26,106.27,106.26,106.27,600.0
2017-09-12 11:13:00,106.32,106.33,106.27,106.27,1700.0
2017-09-12 11:14:00,106.31,106.33,106.31,106.33,1000.0
2017-09-12 11:15:00,106.33,106.33,106.31,106.32,600.0
2017-09-12 11:16:00,106.32,106.33,106.32,106.33,200.0
2017-09-12 11:17:00,106.29,106.31,106.29,106.31,963.0
2017-09-12 11:18:00,106.2952,106.3,106.29,106.3,900.0
2017-09-12 11:19:00,106.28,106.3,106.27,106.28,2964.0
2017-09-12 11:20:00,106.27,106.29,106.27,106.29,550.0
2017-09-12 11:21:00,106.24,106.26,106.24,106.26,400.0
2017-09-12 11:22:00,106.24,106.24,106.24,106.24,500.0
2017-09-12 11:23:00,106.26,106.26,106.25,106.25,1150.0
2017-09-12 11:24:00,106.285,106.285,106.28,106.28,200.0
2017-09-12 11:25:00,106.295,106.31,106.28,106.28,900.0
2017-09-12 11:26:00,106.29,106.32,106.28,106.3,500.0
2017-09-12 11:27:00,106.28,106.31,106.28,106.31,1300.0
2017-09-12 11:28:00,106.32,106.34,106.3,106.3,3850.0
2017-09-12 11:29:00,106.3,106.32,106.3,106.32,600.0
2017-09-12 11:30:00,106.29,106.29,106.29,106.29,300.0
2017-09-12 11:31:00,106.29,106.29,106.28,106.29,500.0
2017-09-12 11:32:00,106.32,106.32,106.28,106.28,1200.0
2017-09-12 11:33:00,106.345,106.345,106.32,106.32,430.0
2017-09-12 11:35:00,106.3,106.36,106.3,106.35,2000.0
2017-09-12 11:36:00,106.32,106.33,106.29,106.3,1300.0
2017-09-12 11:37:00,106.33,106.33,106.33,106.33,300.0
2017-09-12 11:38:00,106.3314,106.34,106.3,106.34,1000.0
2017-09-12 11:39:00,106.31,106.35,106.31,106.335,1900.0
2017-09-12 11:40:00,106.28,106.3,106.28,106.3,900.0
2017-09-12 11:41:00,106.25,106.29,106.25,106.29,1260.0
2017-09-12 11:43:00,106.27,106.28,106.26,106.26,900.0
2017-09-12 11:44:00,106.26,106.28,106.26,106.28,300.0
2017-09-12 11:45:00,106.27,106.27,106.24,106.26,600.0
2017-09-12 11:46:00,106.27,106.27,106.26,106.26,800.0
2017-09-12 11:47:00,106.2814,106.2814,106.27,106.28,500.0
2017-09-12 11:48:00,106.27,106.28,106.26,106.28,1500.0
2017-09-12 11:50:00,106.28,106.29,106.27,106.27,760.0
2017-09-12 11:51:00,106.28,106.28,106.28,106.28,100.0
2017-09-12 11:53:00,106.27,106.27,106.27,106.27,1400.0
2017-09-12 11:54:00,106.26,106.26,106.26,106.26,300.0
2017-09-12 11:55:00,106.26,106.27,106.26,106.26,700.0
2017-09-12 11:56:00,106.26,106.27,106.26,106.27,1100.0
2017-09-12 11:57:00,106.25,106.255,106.25,106.25,500.0
2017-09-12 11:58:00,106.23,106.23,106.23,106.23,200.0
2017-09-12 11:59:00,106.18,106.22,106.18,106.22,800.0
2017-09-12 12:00:00,106.17,106.185,106.17,106.18,1500.0
2017-09-12 12:01:00,106.1,106.16,106.08,106.16,1500.0
2017-09-12 12:02:00,106.15,106.15,106.1,106.1,775.0
2017-09-12 12:03:00,106.13,106.13,106.13,106.13,100.0
2017-09-12 12:05:00,106.065,106.12,106.05,106.12,1100.0
2017-09-12 12:06:00,106.04899999999999,106.04899999999999,106.04899999999999,106.04899999999999,110.0
2017-09-12 12:07:00,106.07,106.07,106.03,106.05,1135.0
2017-09-12 12:09:00,106.12,106.12,106.11,106.11,454.0
2017-09-12 12:10:00,106.14,106.14,106.09,106.1,1060.0
2017-09-12 12:11:00,106.16,106.16,106.15,106.16,400.0
2017-09-12 12:12:00,106.15,106.16,106.15,106.16,300.0
2017-09-12 12:13:00,106.18,106.18,106.17,106.17,500.0
2017-09-12 12:14:00,106.16,106.16,106.16,106.16,200.0
2017-09-12 12:15:00,106.17,106.17,106.15,106.15,1106.0
2017-09-12 12:16:00,106.19,106.19,106.15,106.16,800.0
2017-09-12 12:17:00,106.19,106.19,106.19,106.19,100.0
2017-09-12 12:18:00,106.2188,106.22,106.21,106.21,633.0
2017-09-12 12:19:00,106.235,106.24,106.23,106.23,700.0
2017-09-12 12:20:00,106.25,106.25,106.22,106.24,1706.0
2017-09-12 12:22:00,106.21,106.23,106.21,106.23,300.0
2017-09-12 12:24:00,106.2,106.2,106.2,106.2,288.0
2017-09-12 12:25:00,106.21,106.21,106.2,106.2,750.0
2017-09-12 12:26:00,106.18,106.19,106.17,106.19,1200.0
2017-09-12 12:27:00,106.17,106.18,106.17,106.18,200.0
2017-09-12 12:28:00,106.17,106.18,106.17,106.18,832.0
2017-09-12 12:29:00,106.18,106.18,106.18,106.18,200.0
2017-09-12 12:30:00,106.15,106.171,106.15,106.171,400.0
2017-09-12 12:31:00,106.15,106.15,106.14,106.14,807.0
2017-09-12 12:32:00,106.1101,106.15,106.1101,106.15,1423.0
2017-09-12 12:33:00,106.12,106.12,106.12,106.12,500.0
2017-09-12 12:34:00,106.13,106.13,106.13,106.13,400.0
2017-09-12 12:35:00,106.13,106.14,106.13,106.14,500.0
2017-09-12 12:36:00,106.14,106.15,106.12,106.12,615.0
2017-09-12 12:37:00,106.1,106.11,106.1,106.11,300.0
2017-09-12 12:38:00,106.01,106.06,106.01,106.06,2000.0
2017-09-12 12:39:00,106.06700000000001,106.06700000000001,106.04,106.04,600.0
2017-09-12 12:40:00,106.08,106.09,106.0688,106.07,800.0
2017-09-12 12:41:00,106.11,106.11,106.09,106.09,600.0
2017-09-12 12:42:00,106.13,106.13,106.11,106.11,900.0
2017-09-12 12:43:00,106.13,106.13,106.13,106.13,405.0
2017-09-12 12:44:00,106.1255,106.1255,106.1255,106.1255,740.0
2017-09-12 12:45:00,106.12,106.12,106.09,106.12,1000.0
2017-09-12 12:46:00,106.12,106.12,106.11,106.11,200.0
2017-09-12 12:47:00,106.09,106.12,106.09,106.12,500.0
2017-09-12 12:48:00,106.13,106.13,106.11,106.11,550.0
2017-09-12 12:49:00,106.13,106.14,106.13,106.14,200.0
2017-09-12 12:50:00,106.12,106.12,106.12,106.12,100.0
2017-09-12 12:51:00,106.12,106.12,106.12,106.12,400.0
2017-09-12 12:52:00,106.17,106.17,106.13,106.13,1600.0
2017-09-12 12:54:00,106.15,106.15,106.15,106.15,300.0
2017-09-12 12:57:00,106.15,106.16,106.15,106.16,970.0
2017-09-12 12:58:00,106.16,106.17,106.16,106.16,500.0
2017-09-12 12:59:00,106.13,106.16,106.13,106.16,1400.0
2017-09-12 13:00:00,106.15,106.17,106.14,106.14,700.0
2017-09-12 13:02:00,106.15,106.16,106.15,106.15,500.0
2017-09-12 13:03:00,106.16,106.18,106.16,106.18,1498.0
2017-09-12 13:04:00,106.17,106.17,106.17,106.17,100.0
2017-09-12 13:05:00,106.18,106.19,106.18,106.19,411.0
2017-09-12 13:06:00,106.22,106.22,106.19,106.19,700.0
2017-09-12 13:07:00,106.2,106.22,106.2,106.22,961.0
2017-09-12 13:10:00,106.2,106.2,106.2,106.2,100.0
2017-09-12 13:11:00,106.2,106.2,106.2,106.2,200.0
2017-09-12 13:12:00,106.08,106.19,106.08,106.19,2547.0
2017-09-12 13:13:00,106.1,106.1,106.08,106.1,1660.0
2017-09-12 13:15:00,106.07,106.07,106.07,106.07,100.0
2017-09-12 13:16:00,106.07,106.08,106.07,106.08,800.0
2017-09-12 13:17:00,106.07,106.08,106.07,106.08,420.0
2017-09-12 13:18:00,106.09,106.09,106.06,106.06,700.0
2017-09-12 13:23:00,106.1,106.1,106.08,106.09,1000.0
2017-09-12 13:25:00,106.09,106.09,106.09,106.09,300.0
2017-09-12 13:26:00,106.04,106.07,106.04,106.07,400.0
2017-09-12 13:27:00,106.04,106.04,106.04,106.04,200.0
2017-09-12 13:29:00,106.06,106.06,106.06,106.06,115.0
2017-09-12 13:30:00,106.02,106.03,106.02,106.03,500.0
2017-09-12 13:31:00,106.03,106.03,106.03,106.03,600.0
2017-09-12 13:32:00,106.05,106.05,106.0255,106.0255,803.0
2017-09-12 13:33:00,106.07,106.07,106.05,106.05,500.0
2017-09-12 13:34:00,106.06,106.07,106.06,106.07,1000.0
2017-09-12 13:35:00,106.05,106.05,106.05,106.05,200.0
2017-09-12 13:36:00,106.08,106.09,106.07,106.07,1350.0
2017-09-12 13:37:00,106.08,106.08,106.07,106.08,751.0
2017-09-12 13:38:00,106.12,106.12,106.1,106.1,700.0
2017-09-12 13:40:00,106.1097,106.11,106.08,106.11,1000.0
2017-09-12 13:42:00,106.12,106.12,106.11,106.11,741.0
2017-09-12 13:47:00,106.02,106.09,106.02,106.09,1800.0
2017-09-12 13:48:00,106.02,106.03,106.0,106.0,1050.0
2017-09-12 13:49:00,106.04,106.04,106.03,106.03,533.0
2017-09-12 13:50:00,106.04,106.04,106.04,106.04,400.0
2017-09-12 13:51:00,106.02,106.04,106.02,106.04,500.0
2017-09-12 13:53:00,106.0,106.0,106.0,106.0,100.0
2017-09-12 13:54:00,106.0,106.02,106.0,106.02,400.0
2017-09-12 13:56:00,105.9999,106.0,105.9999,106.0,1768.0
2017-09-12 13:57:00,106.0,106.0,106.0,106.0,460.0
2017-09-12 13:58:00,106.0,106.04,106.0,106.03,1750.0
2017-09-12 14:00:00,105.97,106.025,105.97,106.025,2123.0
2017-09-12 14:01:00,106.0,106.0,105.98,105.98,1000.0
2017-09-12 14:02:00,106.04,106.04,106.01,106.01,800.0
2017-09-12 14:03:00,106.05,106.05,106.045,106.05,500.0
2017-09-12 14:04:00,106.02,106.07,106.02,106.07,1115.0
2017-09-12 14:05:00,106.02,106.02,106.02,106.02,200.0
2017-09-12 14:06:00,106.01,106.01,106.01,106.01,100.0
2017-09-12 14:07:00,106.01,106.01,106.01,106.01,200.0
2017-09-12 14:08:00,106.0,106.01,106.0,106.01,632.0
2017-09-12 14:10:00,105.99,106.01,105.99,106.01,588.0
2017-09-12 14:11:00,106.0,106.0,105.99,106.0,1419.0
2017-09-12 14:12:00,106.01,106.01,106.0,106.01,850.0
2017-09-12 14:13:00,106.02,106.02,106.02,106.02,400.0
2017-09-12 14:14:00,105.99,106.02,105.99,106.02,500.0
2017-09-12 14:15:00,106.01,106.01,106.01,106.01,100.0
2017-09-12 14:16:00,106.02,106.02,106.01,106.01,802.0
2017-09-12 14:17:00,106.01,106.01,106.01,106.01,100.0
2017-09-12 14:18:00,106.0,106.01,106.0,106.01,800.0
2017-09-12 14:19:00,106.0,106.0,106.0,106.0,201.0
2017-09-12 14:20:00,105.99,105.99,105.99,105.99,200.0
2017-09-12 14:22:00,106.005,106.005,105.98,105.98,818.0
2017-09-12 14:23:00,106.0,106.0,106.0,106.0,200.0
2017-09-12 14:24:00,106.01,106.02,106.01,106.01,1080.0
2017-09-12 14:25:00,105.95,106.01,105.94,106.01,2678.0
2017-09-12 14:26:00,105.9795,105.9795,105.95,105.95,200.0
2017-09-12 14:28:00,105.93,105.93,105.92,105.93,400.0
2017-09-12 14:29:00,105.96,105.96,105.935,105.94,1008.0
2017-09-12 14:30:00,105.965,105.965,105.965,105.965,100.0
2017-09-12 14:31:00,105.93,105.94,105.92,105.94,911.0
2017-09-12 14:32:00,105.92,105.92,105.92,105.92,100.0
2017-09-12 14:33:00,105.92,105.96,105.92,105.93,1750.0
2017-09-12 14:34:00,105.92,105.92,105.92,105.92,304.0
2017-09-12 14:35:00,105.94,105.94,105.94,105.94,100.0
2017-09-12 14:36:00,105.92,105.93,105.92,105.93,200.0
2017-09-12 14:37:00,105.94,105.94,105.925,105.925,900.0
2017-09-12 14:38:00,105.92,105.93,105.91,105.93,960.0
2017-09-12 14:40:00,105.92,105.92,105.92,105.92,300.0
2017-09-12 14:41:00,105.94,105.96,105.91,105.91,1806.0
2017-09-12 14:42:00,105.94,105.94,105.94,105.94,750.0
2017-09-12 14:43:00,105.945,105.945,105.945,105.945,100.0
2017-09-12 14:44:00,105.94,105.94,105.91,105.93,800.0
2017-09-12 14:46:00,105.93,105.94,105.93,105.94,300.0
2017-09-12 14:48:00,105.9,105.94,105.9,105.93,1600.0
2017-09-12 14:50:00,105.9275,105.95,105.9275,105.95,311.0
2017-09-12 14:51:00,105.94,105.94,105.94,105.94,296.0
2017-09-12 14:52:00,105.94,105.94,105.94,105.94,100.0
2017-09-12 14:55:00,105.93,105.93,105.93,105.93,200.0
2017-09-12 14:56:00,105.92,105.92,105.92,105.92,300.0
2017-09-12 14:57:00,105.94,105.94,105.91,105.91,1230.0
2017-09-12 14:58:00,105.97,105.97,105.95,105.95,1300.0
2017-09-12 14:59:00,105.99,105.99,105.97,105.97,600.0
2017-09-12 15:00:00,106.01,106.01,105.97,105.99,2000.0
2017-09-12 15:01:00,106.03,106.03,106.01,106.01,400.0
2017-09-12 15:02:00,106.02,106.02,106.02,106.02,100.0
2017-09-12 15:03:00,106.0,106.01,105.99,106.01,800.0
2017-09-12 15:04:00,106.03,106.03,106.01,106.01,700.0
2017-09-12 15:05:00,106.04,106.04,106.0,106.03,1000.0
2017-09-12 15:07:00,106.01,106.01,105.99,106.01,1200.0
2017-09-12 15:08:00,106.02,106.02,106.02,106.02,300.0
2017-09-12 15:09:00,106.01,106.02,106.01,106.02,800.0
2017-09-12 15:10:00,106.03,106.03,106.02,106.02,500.0
2017-09-12 15:11:00,106.02,106.02,106.01,106.02,1200.0
2017-09-12 15:12:00,106.02,106.04,106.01,106.03,2025.0
2017-09-12 15:13:00,106.03,106.03,106.03,106.03,300.0
2017-09-12 15:14:00,106.03,106.03,106.01,106.03,1800.0
2017-09-12 15:15:00,106.04,106.04,106.04,106.04,100.0
2017-09-12 15:16:00,106.08,106.08,106.04,106.04,1500.0
2017-09-12 15:17:00,106.08,106.08,106.08,106.08,100.0
2017-09-12 15:18:00,106.06,106.08,106.06,106.07,1812.0
2017-09-12 15:19:00,106.0,106.05,106.0,106.05,1600.0
2017-09-12 15:20:00,106.01,106.05,106.01,106.02,1280.0
2017-09-12 15:22:00,106.07,106.07,106.04,106.04,200.0
2017-09-12 15:23:00,106.06,106.06,106.04,106.04,1082.0
2017-09-12 15:24:00,106.07,106.07,106.06,106.06,600.0
2017-09-12 15:25:00,106.07,106.07,106.07,106.07,500.0
2017-09-12 15:26:00,106.07,106.07,106.07,106.07,100.0
2017-09-12 15:27:00,106.1,106.1,106.07,106.07,1500.0
2017-09-12 15:29:00,106.1,106.1,106.08,106.09,400.0
2017-09-12 15:30:00,106.08,106.08,106.07,106.08,1310.0
2017-09-12 15:31:00,106.09,106.09,106.07,106.07,2636.0
2017-09-12 15:32:00,106.09,106.09,106.085,106.085,700.0
2017-09-12 15:33:00,106.1,106.1,106.1,106.1,300.0
2017-09-12 15:34:00,106.09,106.1,106.09,106.1,900.0
2017-09-12 15:35:00,106.09,106.09,106.09,106.09,600.0
2017-09-12 15:36:00,106.09,106.09,106.09,106.09,100.0
2017-09-12 15:37:00,106.09,106.1,106.09,106.09,1404.0
2017-09-12 15:38:00,106.095,106.1,106.095,106.1,500.0
2017-09-12 15:39:00,106.09,106.11,106.09,106.1,2638.0
2017-09-12 15:40:00,106.06,106.09,106.06,106.09,2396.0
2017-09-12 15:41:00,106.06,106.06,106.06,106.06,500.0
2017-09-12 15:42:00,106.05,106.06,106.05,106.06,1349.0
2017-09-12 15:43:00,106.05,106.05,106.05,106.05,100.0
2017-09-12 15:44:00,106.04,106.05,106.04,106.05,2606.0
2017-09-12 15:45:00,106.04,106.06,106.04,106.05,5108.0
2017-09-12 15:46:00,106.06,106.08,106.06,106.06,1993.0
2017-09-12 15:47:00,106.07,106.07,106.06,106.06,888.0
2017-09-12 15:48:00,106.09,106.09,106.07,106.07,1279.0
2017-09-12 15:49:00,106.08,106.08,106.07,106.07,1869.0
2017-09-12 15:50:00,106.06,106.09,106.05,106.07,41461.0
2017-09-12 15:51:00,106.1,106.1,106.05,106.06,4355.0
2017-09-12 15:52:00,106.09,106.1,106.07,106.08,8901.0
2017-09-12 15:53:00,106.07,106.09,106.07,106.09,3600.0
2017-09-12 15:54:00,106.06,106.08,106.06,106.07,915.0
2017-09-12 15:55:00,106.08,106.08,106.06,106.08,3068.0
2017-09-12 15:56:00,106.09,106.09,106.07,106.08,2500.0
2017-09-12 15:57:00,106.05,106.07,106.04,106.07,5953.0
2017-09-12 15:58:00,106.08,106.08,106.06,106.06,2830.0
2017-09-12 15:59:00,106.09,106.11,106.07,106.07,7180.0
2017-09-12 16:00:00,106.11,106.13,106.05,106.09,11050.0
2017-09-13 09:30:00,105.92,105.92,105.92,105.92,2891.0
2017-09-13 09:31:00,105.57,105.57,105.57,105.57,100.0
2017-09-13 09:36:00,105.88,105.8938,105.67,105.67,1100.0
2017-09-13 09:37:00,106.1,106.1,105.76,105.86,3440.0
2017-09-13 09:38:00,106.03,106.06,106.03,106.06,713.0
2017-09-13 09:39:00,106.0205,106.0205,105.96,105.96,650.0
2017-09-13 09:40:00,105.945,106.02,105.945,106.02,2000.0
2017-09-13 09:42:00,106.0,106.0,105.9,105.9,865.0
2017-09-13 09:46:00,105.98,106.0,105.81,105.95,1000.0
2017-09-13 09:48:00,105.92,105.92,105.92,105.92,200.0
2017-09-13 09:49:00,105.88,105.945,105.88,105.945,11700.0
2017-09-13 09:50:00,105.875,105.94,105.875,105.94,1100.0
2017-09-13 09:52:00,105.77,105.885,105.77,105.885,1700.0
2017-09-13 09:53:00,105.8,105.8,105.74,105.74,300.0
2017-09-13 09:54:00,105.77,105.77,105.77,105.77,100.0
2017-09-13 09:55:00,105.79,105.795,105.76,105.77,1300.0
2017-09-13 09:56:00,105.79,105.79,105.79,105.79,100.0
2017-09-13 09:57:00,105.78,105.8,105.75,105.8,600.0
2017-09-13 09:58:00,105.7004,105.745,105.7004,105.745,337.0
2017-09-13 09:59:00,105.65,105.7,105.64,105.7,600.0
2017-09-13 10:00:00,105.61,105.65,105.6,105.65,600.0
2017-09-13 10:01:00,105.57,105.595,105.51,105.57,2700.0
2017-09-13 10:02:00,105.49,105.575,105.46,105.57,5400.0
2017-09-13 10:03:00,105.51,105.51,105.48,105.51,700.0
2017-09-13 10:04:00,105.53,105.53,105.515,105.52,1100.0
2017-09-13 10:05:00,105.58,105.58,105.5,105.5,300.0
2017-09-13 10:06:00,105.64,105.64,105.58,105.58,1100.0
2017-09-13 10:07:00,105.55,105.6,105.53,105.56,1200.0
2017-09-13 10:09:00,105.51,105.525,105.49,105.525,500.0
2017-09-13 10:10:00,105.51,105.52,105.5,105.52,1300.0
2017-09-13 10:12:00,105.55,105.56,105.49,105.5,1300.0
2017-09-13 10:13:00,105.53,105.53,105.53,105.53,1160.0
2017-09-13 10:14:00,105.535,105.55,105.52,105.5493,3206.0
2017-09-13 10:15:00,105.57,105.57,105.52,105.53,1560.0
2017-09-13 10:16:00,105.54,105.57,105.54,105.57,907.0
2017-09-13 10:17:00,105.5,105.53,105.5,105.53,500.0
2017-09-13 10:18:00,105.46,105.5,105.44,105.5,1800.0
2017-09-13 10:19:00,105.4,105.45,105.4,105.45,3600.0
2017-09-13 10:20:00,105.41,105.44,105.41,105.44,300.0
2017-09-13 10:21:00,105.44,105.44,105.44,105.44,500.0
2017-09-13 10:22:00,105.35,105.45,105.35,105.45,4617.0
2017-09-13 10:23:00,105.34,105.34,105.31,105.33,300.0
2017-09-13 10:24:00,105.35,105.4,105.34,105.34,3300.0
2017-09-13 10:26:00,105.39,105.41,105.35,105.35,1500.0
2017-09-13 10:27:00,105.43,105.46,105.4,105.4,3100.0
2017-09-13 10:28:00,105.38,105.44,105.38,105.44,1100.0
2017-09-13 10:30:00,105.43,105.43,105.3741,105.3741,600.0
2017-09-13 10:31:00,105.44,105.44,105.43,105.43,600.0
2017-09-13 10:32:00,105.46,105.47,105.445,105.47,500.0
2017-09-13 10:33:00,105.435,105.469,105.42,105.469,900.0
2017-09-13 10:34:00,105.43,105.46,105.43,105.46,600.0
2017-09-13 10:35:00,105.39,105.46,105.39,105.46,1096.0
2017-09-13 10:36:00,105.29,105.39,105.29,105.39,2400.0
2017-09-13 10:37:00,105.33,105.34,105.32,105.32,1000.0
2017-09-13 10:38:00,105.36,105.36,105.34,105.34,400.0
2017-09-13 10:39:00,105.3525,105.36,105.35,105.3599,600.0
2017-09-13 10:40:00,105.43,105.43,105.39,105.39,400.0
2017-09-13 10:41:00,105.495,105.52,105.425,105.425,2900.0
2017-09-13 10:42:00,105.5,105.53,105.5,105.53,1200.0
2017-09-13 10:43:00,105.545,105.56,105.53,105.53,2162.0
2017-09-13 10:45:00,105.55,105.555,105.53,105.53,600.0
2017-09-13 10:48:00,105.51,105.55,105.5,105.55,700.0
2017-09-13 10:49:00,105.51,105.53,105.51,105.53,300.0
2017-09-13 10:50:00,105.48,105.52,105.48,105.51,700.0
2017-09-13 10:51:00,105.48,105.52,105.43,105.48,8179.0
2017-09-13 10:53:00,105.51,105.51,105.4773,105.4773,283.0
2017-09-13 10:55:00,105.49,105.49,105.49,105.49,100.0
2017-09-13 10:58:00,105.535,105.535,105.535,105.535,300.0
2017-09-13 10:59:00,105.48,105.52,105.48,105.4933,1000.0
2017-09-13 11:00:00,105.5,105.5,105.47,105.48,300.0
2017-09-13 11:02:00,105.495,105.52,105.495,105.52,400.0
2017-09-13 11:03:00,105.42,105.49,105.42,105.49,900.0
2017-09-13 11:06:00,105.41,105.41,105.37,105.39,2804.0
2017-09-13 11:07:00,105.44,105.44,105.42,105.42,600.0
2017-09-13 11:08:00,105.475,105.48,105.455,105.47,500.0
2017-09-13 11:09:00,105.6,105.6,105.49,105.49,2000.0
2017-09-13 11:10:00,105.57,105.6,105.56,105.6,1550.0
2017-09-13 11:11:00,105.56,105.57,105.56,105.565,1807.0
2017-09-13 11:12:00,105.465,105.57,105.465,105.565,4083.0
2017-09-13 11:13:00,105.48,105.5,105.44,105.48,2234.0
2017-09-13 11:14:00,105.46,105.47,105.46,105.47,800.0
2017-09-13 11:15:00,105.49,105.49,105.47,105.47,300.0
2017-09-13 11:16:00,105.44,105.475,105.44,105.46,1500.0
2017-09-13 11:17:00,105.42,105.42,105.42,105.42,200.0
2017-09-13 11:18:00,105.41,105.41,105.41,105.41,100.0
2017-09-13 11:19:00,105.37,105.4,105.37,105.4,923.0
2017-09-13 11:20:00,105.32,105.35,105.32,105.35,500.0
2017-09-13 11:21:00,105.26,105.27,105.26,105.27,200.0
2017-09-13 11:22:00,105.22,105.22,105.22,105.22,100.0
2017-09-13 11:24:00,105.29,105.29,105.26,105.28,2137.0
2017-09-13 11:25:00,105.25,105.25,105.22,105.25,600.0
2017-09-13 11:26:00,105.19,105.225,105.18,105.21,3478.0
2017-09-13 11:27:00,105.15,105.17,105.15,105.17,300.0
2017-09-13 11:28:00,105.16,105.17,105.1,105.13,2600.0
2017-09-13 11:29:00,105.24,105.24,105.14,105.16,2110.0
2017-09-13 11:31:00,105.2877,105.2877,105.24,105.25,1000.0
2017-09-13 11:32:00,105.28,105.28,105.28,105.28,100.0
2017-09-13 11:33:00,105.29,105.29,105.275,105.28,2501.0
2017-09-13 11:34:00,105.31,105.32,105.275,105.29,836.0
2017-09-13 11:35:00,105.34,105.34,105.33,105.34,300.0
2017-09-13 11:36:00,105.3,105.34,105.3,105.34,1000.0
2017-09-13 11:38:00,105.27,105.27,105.27,105.27,100.0
2017-09-13 11:39:00,105.28,105.28,105.25,105.25,1740.0
2017-09-13 11:40:00,105.31,105.31,105.295,105.31,500.0
2017-09-13 11:41:00,105.31,105.31,105.31,105.31,200.0
2017-09-13 11:42:00,105.3396,105.35,105.29,105.3,1892.0
2017-09-13 11:43:00,105.28,105.33,105.28,105.31,2800.0
2017-09-13 11:44:00,105.28,105.28,105.28,105.28,500.0
2017-09-13 11:45:00,105.28,105.28,105.28,105.28,500.0
2017-09-13 11:46:00,105.31,105.31,105.31,105.31,100.0
2017-09-13 11:47:00,105.3275,105.33,105.27,105.28,1200.0
2017-09-13 11:50:00,105.35,105.41,105.35,105.35,900.0
2017-09-13 11:51:00,105.31,105.34,105.31,105.34,1500.0
2017-09-13 11:53:00,105.29,105.29,105.29,105.29,100.0
2017-09-13 11:54:00,105.34,105.34,105.306,105.306,1450.0
2017-09-13 11:55:00,105.33,105.34,105.33,105.34,200.0
2017-09-13 11:57:00,105.31,105.31,105.31,105.31,100.0
2017-09-13 11:58:00,105.34,105.3484,105.32,105.3484,413.0
2017-09-13 11:59:00,105.34,105.34,105.34,105.34,150.0
2017-09-13 12:00:00,105.33,105.37,105.33,105.35,1800.0
2017-09-13 12:02:00,105.33,105.33,105.33,105.33,100.0
2017-09-13 12:05:00,105.3288,105.33,105.3288,105.33,300.0
2017-09-13 12:06:00,105.25,105.31,105.25,105.31,700.0
2017-09-13 12:07:00,105.2,105.24,105.2,105.24,500.0
2017-09-13 12:08:00,105.17,105.22,105.14,105.18,2012.0
2017-09-13 12:09:00,105.07,105.17,105.07,105.17,2046.0
2017-09-13 12:11:00,105.05,105.0976,105.04,105.0976,842.0
2017-09-13 12:13:00,105.04,105.06,105.04,105.06,500.0
2017-09-13 12:15:00,105.07,105.07,105.07,105.07,100.0
2017-09-13 12:16:00,105.16,105.16,105.08,105.09,3303.0
2017-09-13 12:17:00,105.19,105.19,105.17,105.17,996.0
2017-09-13 12:18:00,105.19,105.2,105.18,105.2,1000.0
2017-09-13 12:20:00,105.23,105.24,105.2,105.2,1300.0
2017-09-13 12:21:00,105.26,105.26,105.23,105.23,1723.0
2017-09-13 12:22:00,105.25,105.27,105.25,105.255,1500.0
2017-09-13 12:24:00,105.28,105.29,105.28,105.28,494.0
2017-09-13 12:26:00,105.3,105.3,105.29,105.29,800.0
2017-09-13 12:27:00,105.29,105.31,105.285,105.31,1200.0
2017-09-13 12:28:00,105.285,105.285,105.28,105.28,2100.0
2017-09-13 12:29:00,105.32,105.32,105.3,105.3,300.0
2017-09-13 12:30:00,105.31,105.31,105.3,105.3,300.0
2017-09-13 12:31:00,105.29,105.29,105.29,105.29,100.0
2017-09-13 12:32:00,105.3,105.3,105.295,105.3,600.0
2017-09-13 12:33:00,105.32,105.32,105.32,105.32,100.0
2017-09-13 12:35:00,105.28,105.31,105.28,105.31,1593.0
2017-09-13 12:36:00,105.3,105.3,105.28,105.28,400.0
2017-09-13 12:37:00,105.32,105.32,105.3,105.3,300.0
2017-09-13 12:38:00,105.31,105.31,105.3,105.3,300.0
2017-09-13 12:39:00,105.3,105.31,105.3,105.3,400.0
2017-09-13 12:40:00,105.26,105.26,105.26,105.26,100.0
2017-09-13 12:41:00,105.27,105.27,105.27,105.27,100.0
2017-09-13 12:42:00,105.27,105.27,105.27,105.27,100.0
2017-09-13 12:43:00,105.32,105.32,105.27,105.27,3401.0
2017-09-13 12:45:00,105.39,105.4,105.33,105.33,3450.0
2017-09-13 12:46:00,105.39,105.39,105.39,105.39,100.0
2017-09-13 12:47:00,105.45,105.45,105.4,105.4,1200.0
2017-09-13 12:48:00,105.45,105.46,105.45,105.46,700.0
2017-09-13 12:49:00,105.47,105.47,105.46,105.46,500.0
2017-09-13 12:51:00,105.49,105.49,105.49,105.49,100.0
2017-09-13 12:52:00,105.47,105.49,105.47,105.49,500.0
2017-09-13 12:53:00,105.46,105.47,105.46,105.47,1000.0
2017-09-13 12:54:00,105.44,105.44,105.44,105.44,600.0
2017-09-13 12:55:00,105.41,105.42,105.41,105.42,500.0
2017-09-13 12:56:00,105.4,105.4,105.4,105.4,100.0
2017-09-13 12:57:00,105.38,105.39,105.38,105.39,300.0
2017-09-13 12:58:00,105.39,105.39,105.38,105.39,300.0
2017-09-13 12:59:00,105.37,105.37,105.37,105.37,100.0
2017-09-13 13:00:00,105.385,105.4,105.385,105.39,500.0
2017-09-13 13:01:00,105.4,105.4,105.4,105.4,100.0
2017-09-13 13:02:00,105.4483,105.4483,105.42,105.42,1800.0
2017-09-13 13:03:00,105.4115,105.45,105.4,105.44,2700.0
2017-09-13 13:04:00,105.45,105.46,105.41,105.41,900.0
2017-09-13 13:05:00,105.42,105.42,105.42,105.42,400.0
2017-09-13 13:06:00,105.45,105.45,105.45,105.45,100.0
2017-09-13 13:07:00,105.44,105.47,105.44,105.47,700.0
2017-09-13 13:08:00,105.45,105.47,105.45,105.47,300.0
2017-09-13 13:09:00,105.42,105.42,105.42,105.42,100.0
2017-09-13 13:10:00,105.41,105.41,105.41,105.41,100.0
2017-09-13 13:12:00,105.44,105.44,105.4,105.4,651.0
2017-09-13 13:13:00,105.45,105.45,105.42,105.42,700.0
2017-09-13 13:14:00,105.45,105.45,105.45,105.45,200.0
2017-09-13 13:15:00,105.39,105.44,105.39,105.44,1000.0
2017-09-13 13:17:00,105.46,105.46,105.415,105.42,500.0
2017-09-13 13:18:00,105.45,105.46,105.45,105.46,300.0
2017-09-13 13:20:00,105.47,105.47,105.47,105.47,100.0
2017-09-13 13:21:00,105.43,105.45,105.43,105.45,500.0
2017-09-13 13:23:00,105.43,105.43,105.43,105.43,100.0
2017-09-13 13:25:00,105.39,105.411,105.39,105.41,1500.0
2017-09-13 13:26:00,105.43,105.44,105.4,105.4,1700.0
2017-09-13 13:27:00,105.44,105.44,105.44,105.44,100.0
2017-09-13 13:28:00,105.46,105.46,105.46,105.46,100.0
2017-09-13 13:29:00,105.43,105.44,105.41,105.43,850.0
2017-09-13 13:30:00,105.44,105.44,105.44,105.44,100.0
2017-09-13 13:31:00,105.44,105.45,105.43,105.45,1100.0
2017-09-13 13:32:00,105.46,105.46,105.46,105.46,200.0
2017-09-13 13:33:00,105.44,105.44,105.43,105.44,700.0
2017-09-13 13:34:00,105.44,105.445,105.42,105.445,1293.0
2017-09-13 13:35:00,105.46,105.46,105.46,105.46,100.0
2017-09-13 13:36:00,105.42,105.45,105.42,105.45,600.0
2017-09-13 13:37:00,105.41,105.42,105.41,105.42,600.0
2017-09-13 13:38:00,105.44,105.44,105.41,105.42,1800.0
2017-09-13 13:40:00,105.45,105.45,105.45,105.45,250.0
2017-09-13 13:41:00,105.44,105.45,105.44,105.45,200.0
2017-09-13 13:43:00,105.46,105.47,105.46,105.46,969.0
2017-09-13 13:44:00,105.45,105.45,105.45,105.45,100.0
2017-09-13 13:45:00,105.45,105.45,105.45,105.45,100.0
2017-09-13 13:46:00,105.45,105.46,105.45,105.46,200.0
2017-09-13 13:48:00,105.47,105.47,105.47,105.47,100.0
2017-09-13 13:49:00,105.5,105.5,105.465,105.47,1350.0
2017-09-13 13:51:00,105.48,105.5,105.48,105.5,2150.0
2017-09-13 13:52:00,105.47,105.47,105.47,105.47,200.0
2017-09-13 13:53:00,105.49,105.49,105.48,105.48,500.0
2017-09-13 13:54:00,105.52,105.52,105.51,105.52,400.0
2017-09-13 13:55:00,105.53,105.53,105.52,105.52,700.0
2017-09-13 13:58:00,105.52,105.52,105.48,105.52,2194.0
2017-09-13 14:00:00,105.48,105.5,105.48,105.5,400.0
2017-09-13 14:03:00,105.51,105.51,105.48,105.48,700.0
2017-09-13 14:04:00,105.505,105.505,105.49,105.49,600.0
2017-09-13 14:06:00,105.52,105.52,105.52,105.52,100.0
2017-09-13 14:07:00,105.48,105.53,105.48,105.53,804.0
2017-09-13 14:08:00,105.46,105.48,105.46,105.48,400.0
2017-09-13 14:09:00,105.45,105.45,105.45,105.45,200.0
2017-09-13 14:11:00,105.47,105.48,105.47,105.47,1800.0
2017-09-13 14:13:00,105.45,105.46,105.45,105.46,500.0
2017-09-13 14:14:00,105.46,105.46,105.44,105.45,300.0
2017-09-13 14:15:00,105.44,105.44,105.44,105.44,100.0
2017-09-13 14:18:00,105.4328,105.4328,105.4269,105.4269,306.0
2017-09-13 14:19:00,105.42,105.43,105.42,105.43,300.0
2017-09-13 14:20:00,105.39,105.41,105.39,105.41,300.0
2017-09-13 14:21:00,105.4,105.4,105.395,105.395,200.0
2017-09-13 14:22:00,105.45,105.45,105.41,105.41,1750.0
2017-09-13 14:23:00,105.47,105.48,105.47,105.48,300.0
2017-09-13 14:25:00,105.48,105.48,105.48,105.48,1000.0
2017-09-13 14:26:00,105.475,105.48,105.475,105.48,600.0
2017-09-13 14:27:00,105.48,105.48,105.48,105.48,200.0
2017-09-13 14:28:00,105.51,105.51,105.49,105.49,411.0
2017-09-13 14:29:00,105.51,105.51,105.51,105.51,100.0
2017-09-13 14:31:00,105.49,105.49,105.47,105.49,1232.0
2017-09-13 14:32:00,105.45,105.48,105.45,105.48,1000.0
2017-09-13 14:33:00,105.47,105.47,105.44,105.44,600.0
2017-09-13 14:34:00,105.47,105.48,105.47,105.47,1250.0
2017-09-13 14:35:00,105.49,105.49,105.48,105.49,300.0
2017-09-13 14:36:00,105.5,105.5,105.5,105.5,100.0
2017-09-13 14:37:00,105.5,105.5,105.5,105.5,200.0
2017-09-13 14:38:00,105.5,105.5,105.5,105.5,100.0
2017-09-13 14:39:00,105.5,105.5,105.5,105.5,100.0
2017-09-13 14:40:00,105.525,105.53,105.5,105.5,1852.0
2017-09-13 14:41:00,105.52,105.53,105.52,105.53,1200.0
2017-09-13 14:42:00,105.5,105.51,105.49,105.51,1997.0
2017-09-13 14:43:00,105.52,105.52,105.5,105.5,450.0
2017-09-13 14:44:00,105.49,105.51,105.49,105.51,800.0
2017-09-13 14:45:00,105.495,105.495,105.495,105.495,100.0
2017-09-13 14:46:00,105.505,105.51,105.48,105.4984,1905.0
2017-09-13 14:47:00,105.53,105.53,105.505,105.505,900.0
2017-09-13 14:49:00,105.54,105.54,105.54,105.54,100.0
2017-09-13 14:51:00,105.56,105.56,105.56,105.56,200.0
2017-09-13 14:52:00,105.54,105.54,105.54,105.54,200.0
2017-09-13 14:53:00,105.56,105.56,105.55,105.56,700.0
2017-09-13 14:54:00,105.54,105.55,105.54,105.55,700.0
2017-09-13 14:55:00,105.55,105.55,105.54,105.54,1200.0
2017-09-13 14:56:00,105.56,105.56,105.53,105.54,900.0
2017-09-13 14:57:00,105.59,105.6,105.58,105.58,752.0
2017-09-13 14:58:00,105.61,105.61,105.6,105.6,464.0
2017-09-13 14:59:00,105.62,105.63,105.62,105.63,800.0
2017-09-13 15:00:00,105.625,105.625,105.625,105.625,100.0
2017-09-13 15:01:00,105.63,105.64,105.6,105.61,1453.0
2017-09-13 15:03:00,105.62,105.63,105.62,105.63,800.0
2017-09-13 15:04:00,105.61,105.61,105.61,105.61,300.0
2017-09-13 15:05:00,105.62,105.63,105.6,105.6,800.0
2017-09-13 15:06:00,105.64,105.64,105.64,105.64,200.0
2017-09-13 15:07:00,105.63,105.64,105.63,105.64,1300.0
2017-09-13 15:08:00,105.64,105.64,105.64,105.64,100.0
2017-09-13 15:09:00,105.61,105.6276,105.61,105.6276,600.0
2017-09-13 15:11:00,105.59,105.59,105.59,105.59,400.0
2017-09-13 15:12:00,105.6,105.6,105.585,105.585,800.0
2017-09-13 15:13:00,105.58,105.59,105.58,105.59,1969.0
2017-09-13 15:14:00,105.57,105.57,105.57,105.57,200.0
2017-09-13 15:16:00,105.57,105.57,105.56,105.56,889.0
2017-09-13 15:17:00,105.62,105.62,105.6,105.6,2200.0
2017-09-13 15:18:00,105.6,105.61,105.6,105.61,1700.0
2017-09-13 15:19:00,105.67,105.67,105.6,105.6,3127.0
2017-09-13 15:20:00,105.68,105.68,105.66,105.66,300.0
2017-09-13 15:21:00,105.685,105.685,105.67,105.67,900.0
2017-09-13 15:22:00,105.67,105.67,105.67,105.67,600.0
2017-09-13 15:24:00,105.68,105.69,105.67,105.69,600.0
2017-09-13 15:25:00,105.66,105.67,105.66,105.66,1535.0
2017-09-13 15:26:00,105.65,105.65,105.64,105.65,1800.0
2017-09-13 15:27:00,105.65,105.65,105.65,105.65,200.0
2017-09-13 15:28:00,105.65,105.6699,105.65,105.66,1368.0
2017-09-13 15:29:00,105.66,105.67,105.655,105.655,1000.0
2017-09-13 15:30:00,105.65,105.65,105.65,105.65,200.0
2017-09-13 15:31:00,105.65,105.65,105.65,105.65,300.0
2017-09-13 15:32:00,105.69,105.7,105.66,105.66,2400.0
2017-09-13 15:34:00,105.73,105.73,105.7,105.7,1200.0
2017-09-13 15:35:00,105.73,105.73,105.73,105.73,2412.0
2017-09-13 15:36:00,105.74,105.74,105.72,105.73,500.0
2017-09-13 15:37:00,105.7,105.72,105.7,105.72,1300.0
2017-09-13 15:38:00,105.69,105.7,105.69,105.7,1200.0
2017-09-13 15:39:00,105.705,105.71,105.7,105.7,1691.0
2017-09-13 15:40:00,105.65,105.7,105.65,105.7,3716.0
2017-09-13 15:41:00,105.62,105.64,105.62,105.64,600.0
2017-09-13 15:42:00,105.59,105.6,105.57,105.6,861.0
2017-09-13 15:43:00,105.57,105.595,105.57,105.57,300.0
2017-09-13 15:44:00,105.6,105.61,105.59,105.6,2832.0
2017-09-13 15:45:00,105.64,105.65,105.61,105.61,3771.0
2017-09-13 15:46:00,105.62,105.66,105.62,105.64,6142.0
2017-09-13 15:47:00,105.61,105.63,105.61,105.62,3484.0
2017-09-13 15:48:00,105.6,105.618,105.6,105.618,800.0
2017-09-13 15:49:00,105.6,105.6,105.6,105.6,2100.0
2017-09-13 15:50:00,105.6,105.61,105.59,105.59,3259.0
2017-09-13 15:51:00,105.57,105.61,105.56,105.6,6550.0
2017-09-13 15:52:00,105.63,105.63,105.58,105.58,1900.0
2017-09-13 15:53:00,105.66,105.67,105.63,105.63,2681.0
2017-09-13 15:54:00,105.65,105.65,105.65,105.65,1702.0
2017-09-13 15:55:00,105.67,105.67,105.65,105.66,2790.0
2017-09-13 15:56:00,105.65,105.665,105.64,105.665,4909.0
2017-09-13 15:57:00,105.66,105.66,105.64,105.64,3150.0
2017-09-13 15:58:00,105.69,105.69,105.65,105.65,11708.0
2017-09-13 15:59:00,105.66,105.68,105.65,105.68,9513.0
2017-09-13 16:00:00,105.7,105.72,105.64,105.66,17053.0
2017-09-14 09:30:00,105.53,105.53,105.53,105.53,3237.0
2017-09-14 09:31:00,105.235,105.235,105.235,105.235,100.0
2017-09-14 09:32:00,105.14,105.19,105.14,105.19,200.0
2017-09-14 09:33:00,105.0001,105.04,105.0,105.04,1114.0
2017-09-14 09:35:00,105.07,105.07,105.07,105.07,100.0
2017-09-14 09:36:00,105.271,105.271,105.13,105.13,600.0
2017-09-14 09:37:00,105.6,105.6,105.33,105.33,1189.0
2017-09-14 09:38:00,105.46,105.58,105.37,105.5,1200.0
2017-09-14 09:39:00,105.56,105.56,105.49,105.49,500.0
2017-09-14 09:40:00,105.6,105.61,105.6,105.61,200.0
2017-09-14 09:41:00,105.72,105.72,105.62,105.62,300.0
2017-09-14 09:42:00,105.8,105.8,105.65,105.8,500.0
2017-09-14 09:43:00,105.8975,105.8975,105.81,105.81,432.0
2017-09-14 09:44:00,105.9,105.9299,105.9,105.9,400.0
2017-09-14 09:45:00,105.97,105.97,105.96,105.96,400.0
2017-09-14 09:46:00,106.035,106.05,106.0,106.02,900.0
2017-09-14 09:47:00,106.015,106.1,106.01,106.06,2732.0
2017-09-14 09:48:00,106.03,106.07,106.0,106.0,300.0
2017-09-14 09:49:00,106.09,106.09,106.09,106.09,100.0
2017-09-14 09:50:00,106.01,106.09,106.01,106.05,700.0
2017-09-14 09:51:00,106.1,106.1,106.05,106.05,800.0
2017-09-14 09:52:00,106.14,106.14,106.1,106.1,1900.0
2017-09-14 09:53:00,106.05,106.13,106.05,106.13,900.0
2017-09-14 09:54:00,106.02,106.02,106.02,106.02,100.0
2017-09-14 09:55:00,106.05,106.05,106.0408,106.0408,500.0
2017-09-14 09:56:00,106.09,106.12,106.09,106.1,600.0
2017-09-14 09:57:00,106.12,106.12,106.04,106.065,1900.0
2017-09-14 09:58:00,106.09,106.09,106.08,106.08,200.0
2017-09-14 09:59:00,106.07,106.08,106.03,106.065,2253.0
2017-09-14 10:00:00,106.16,106.16,106.09,106.09,1730.0
2017-09-14 10:01:00,106.13,106.13,106.12,106.13,600.0
2017-09-14 10:02:00,106.21,106.21,106.12,106.135,1707.0
2017-09-14 10:03:00,106.45,106.45,106.21,106.21,12761.0
2017-09-14 10:04:00,106.37,106.41,106.33,106.4,993.0
2017-09-14 10:05:00,106.27,106.31,106.25,106.26,2434.0
2017-09-14 10:06:00,106.46,106.48,106.26,106.26,6030.0
2017-09-14 10:07:00,106.45,106.46,106.45,106.46,400.0
2017-09-14 10:08:00,106.5,106.5,106.44,106.44,500.0
2017-09-14 10:09:00,106.6,106.61,106.46,106.46,2600.0
2017-09-14 10:10:00,106.6,106.6,106.6,106.6,100.0
2017-09-14 10:11:00,106.52,106.575,106.5,106.575,1528.0
2017-09-14 10:12:00,106.54,106.54,106.54,106.54,173.0
2017-09-14 10:13:00,106.53,106.54,106.4975,106.54,1280.0
2017-09-14 10:14:00,106.57,106.57,106.55,106.55,500.0
2017-09-14 10:15:00,106.5,106.58,106.44,106.56,1400.0
2017-09-14 10:16:00,106.55,106.55,106.44,106.44,1900.0
2017-09-14 10:17:00,106.54,106.55,106.54,106.54,450.0
2017-09-14 10:18:00,106.6,106.6,106.56,106.56,800.0
2017-09-14 10:19:00,106.6,106.61,106.56,106.61,1008.0
2017-09-14 10:20:00,106.62,106.62,106.62,106.62,100.0
2017-09-14 10:21:00,106.48,106.595,106.48,106.595,1600.0
2017-09-14 10:22:00,106.52,106.55,106.48,106.53,1100.0
2017-09-14 10:23:00,106.55,106.55,106.48,106.49,2450.0
2017-09-14 10:24:00,106.6,106.6,106.56,106.57,800.0
2017-09-14 10:25:00,106.56,106.56,106.56,106.56,100.0
2017-09-14 10:26:00,106.56,106.6,106.56,106.56,300.0
2017-09-14 10:27:00,106.55,106.58,106.55,106.58,500.0
2017-09-14 10:28:00,106.48,106.53,106.48,106.52,400.0
2017-09-14 10:29:00,106.46,106.46,106.46,106.46,100.0
2017-09-14 10:30:00,106.45,106.4906,106.45,106.45,1300.0
2017-09-14 10:32:00,106.47,106.47,106.47,106.47,200.0
2017-09-14 10:33:00,106.52,106.52,106.52,106.52,700.0
2017-09-14 10:34:00,106.53,106.58,106.51,106.58,1200.0
2017-09-14 10:35:00,106.59,106.59,106.55,106.55,400.0
2017-09-14 10:36:00,106.53,106.56,106.53,106.56,500.0
2017-09-14 10:37:00,106.53,106.53,106.51,106.53,1100.0
2017-09-14 10:38:00,106.51,106.55,106.51,106.55,1000.0
2017-09-14 10:39:00,106.5,106.525,106.5,106.52,334.0
2017-09-14 10:41:00,106.51,106.51,106.51,106.51,100.0
2017-09-14 10:42:00,106.44,106.49,106.39,106.49,1000.0
2017-09-14 10:43:00,106.41,106.46,106.41,106.41,1900.0
2017-09-14 10:44:00,106.4,106.42,106.4,106.42,400.0
2017-09-14 10:45:00,106.44,106.47,106.43,106.43,700.0
2017-09-14 10:46:00,106.4,106.45,106.4,106.45,1430.0
2017-09-14 10:48:00,106.4,106.4,106.4,106.4,200.0
2017-09-14 10:49:00,106.46,106.46,106.41,106.41,1727.0
2017-09-14 10:50:00,106.49,106.49,106.47399999999999,106.49,627.0
2017-09-14 10:51:00,106.52,106.53,106.48,106.52,2650.0
2017-09-14 10:53:00,106.54,106.54,106.54,106.54,200.0
2017-09-14 10:54:00,106.55,106.55,106.55,106.55,338.0
2017-09-14 10:55:00,106.52,106.52,106.52,106.52,800.0
2017-09-14 10:56:00,106.51,106.51,106.51,106.51,100.0
2017-09-14 10:58:00,106.5,106.51,106.5,106.51,400.0
2017-09-14 10:59:00,106.47,106.47,106.47,106.47,130.0
2017-09-14 11:00:00,106.46,106.48,106.46,106.48,300.0
2017-09-14 11:01:00,106.48,106.48,106.44,106.44,300.0
2017-09-14 11:02:00,106.4,106.44,106.4,106.44,532.0
2017-09-14 11:03:00,106.38,106.38,106.38,106.38,300.0
2017-09-14 11:04:00,106.37,106.37,106.37,106.37,100.0
2017-09-14 11:05:00,106.44,106.44,106.38,106.38,2757.0
2017-09-14 11:06:00,106.39,106.455,106.39,106.43,701.0
2017-09-14 11:08:00,106.34,106.38,106.34,106.38,2100.0
2017-09-14 11:09:00,106.39,106.41,106.38,106.4,4887.0
2017-09-14 11:10:00,106.46,106.47,106.42,106.43,1200.0
2017-09-14 11:11:00,106.52,106.52,106.46,106.47,4101.0
2017-09-14 11:12:00,106.52,106.56,106.51,106.55,900.0
2017-09-14 11:13:00,106.45,106.55,106.45,106.55,2700.0
2017-09-14 11:14:00,106.36,106.46,106.36,106.45,3500.0
2017-09-14 11:15:00,106.19,106.38,106.185,106.38,1800.0
2017-09-14 11:16:00,106.14,106.23,106.115,106.23,2872.0
2017-09-14 11:17:00,106.13,106.17,106.13,106.14,2000.0
2017-09-14 11:18:00,106.13,106.13,106.13,106.13,100.0
2017-09-14 11:20:00,106.12,106.145,106.12,106.145,600.0
2017-09-14 11:21:00,106.03,106.1195,106.03,106.1195,585.0
2017-09-14 11:22:00,106.035,106.04,106.0,106.0,1000.0
2017-09-14 11:23:00,106.05,106.05,106.045,106.045,200.0
2017-09-14 11:24:00,106.115,106.14,106.105,106.12,1800.0
2017-09-14 11:25:00,106.14,106.14,106.115,106.115,450.0
2017-09-14 11:26:00,106.13,106.15,106.13,106.15,340.0
2017-09-14 11:27:00,106.15,106.16,106.13,106.15,866.0
2017-09-14 11:28:00,106.16,106.16,106.14,106.145,300.0
2017-09-14 11:29:00,106.17,106.17,106.17,106.17,100.0
2017-09-14 11:30:00,106.17,106.19,106.17,106.17,400.0
2017-09-14 11:31:00,106.21,106.21,106.21,106.21,100.0
2017-09-14 11:32:00,106.195,106.205,106.18,106.205,900.0
2017-09-14 11:33:00,106.18,106.18,106.18,106.18,100.0
2017-09-14 11:34:00,106.225,106.23,106.14,106.18,2431.0
2017-09-14 11:35:00,106.26,106.27,106.25,106.25,600.0
2017-09-14 11:36:00,106.3691,106.3691,106.265,106.265,600.0
2017-09-14 11:37:00,106.185,106.31,106.185,106.31,7331.0
2017-09-14 11:38:00,106.22,106.25,106.2,106.21,900.0
2017-09-14 11:39:00,106.235,106.235,106.235,106.235,100.0
2017-09-14 11:40:00,106.285,106.285,106.23,106.23,500.0
2017-09-14 11:41:00,106.2997,106.2997,106.2997,106.2997,100.0
2017-09-14 11:42:00,106.26,106.31,106.26,106.31,1984.0
2017-09-14 11:43:00,106.27,106.29,106.27,106.29,200.0
2017-09-14 11:44:00,106.25,106.2936,106.25,106.2936,600.0
2017-09-14 11:45:00,106.23,106.26,106.23,106.26,400.0
2017-09-14 11:46:00,106.2,106.24,106.2,106.24,1100.0
2017-09-14 11:47:00,106.16,106.18,106.16,106.18,531.0
2017-09-14 11:48:00,106.20200000000001,106.20200000000001,106.16,106.16,1600.0
2017-09-14 11:49:00,106.19,106.21,106.19,106.21,400.0
2017-09-14 11:51:00,106.16,106.19,106.16,106.19,731.0
2017-09-14 11:52:00,106.17,106.2,106.17,106.18,776.0
2017-09-14 11:54:00,106.13,106.16,106.12,106.16,600.0
2017-09-14 11:55:00,106.11,106.12,106.11,106.12,631.0
2017-09-14 11:56:00,106.12,106.12,106.09,106.095,500.0
2017-09-14 11:57:00,106.156,106.17,106.1,106.1,800.0
2017-09-14 11:59:00,106.16,106.16,106.13,106.16,900.0
2017-09-14 12:00:00,106.12,106.12,106.12,106.12,100.0
2017-09-14 12:01:00,106.17,106.17,106.15,106.15,600.0
2017-09-14 12:02:00,106.13,106.17,106.13,106.17,600.0
2017-09-14 12:03:00,106.16,106.16,106.155,106.155,300.0
2017-09-14 12:04:00,106.17,106.17,106.16,106.16,500.0
2017-09-14 12:05:00,106.13,106.16,106.13,106.16,2381.0
2017-09-14 12:06:00,106.13,106.15,106.13,106.14,1200.0
2017-09-14 12:07:00,106.16,106.16,106.12,106.13,1500.0
2017-09-14 12:08:00,106.14,106.16,106.13,106.16,500.0
2017-09-14 12:09:00,106.14,106.14,106.135,106.135,700.0
2017-09-14 12:11:00,106.14,106.14,106.14,106.14,100.0
2017-09-14 12:12:00,106.1526,106.1526,106.1526,106.1526,200.0
2017-09-14 12:13:00,106.17,106.209,106.15,106.16,6487.0
2017-09-14 12:14:00,106.1814,106.1814,106.1814,106.1814,102.0
2017-09-14 12:17:00,106.24,106.25,106.2,106.2,1600.0
2017-09-14 12:18:00,106.23,106.23,106.23,106.23,100.0
2017-09-14 12:19:00,106.21,106.24,106.21,106.24,900.0
2017-09-14 12:20:00,106.2152,106.24,106.21,106.23,2010.0
2017-09-14 12:21:00,106.21,106.21,106.21,106.21,200.0
2017-09-14 12:22:00,106.175,106.2,106.165,106.2,2961.0
2017-09-14 12:23:00,106.17,106.175,106.14,106.175,950.0
2017-09-14 12:27:00,106.16,106.16,106.16,106.16,100.0
2017-09-14 12:28:00,106.19,106.19,106.17,106.18,500.0
2017-09-14 12:31:00,106.2,106.2,106.17,106.19,1602.0
2017-09-14 12:32:00,106.2,106.2,106.2,106.2,400.0
2017-09-14 12:33:00,106.2,106.2,106.2,106.2,400.0
2017-09-14 12:34:00,106.18,106.2184,106.16,106.2184,1883.0
2017-09-14 12:35:00,106.18,106.2,106.18,106.182,746.0
2017-09-14 12:40:00,106.21,106.22,106.19,106.2,1695.0
2017-09-14 12:41:00,106.18,106.21,106.18,106.21,800.0
2017-09-14 12:42:00,106.16,106.18,106.16,106.18,300.0
2017-09-14 12:43:00,106.18,106.21,106.18,106.2,1000.0
2017-09-14 12:44:00,106.18,106.18,106.18,106.18,100.0
2017-09-14 12:45:00,106.18,106.18,106.16,106.16,1000.0
2017-09-14 12:46:00,106.1604,106.1604,106.1604,106.1604,100.0
2017-09-14 12:48:00,106.19,106.19,106.17,106.18,1100.0
2017-09-14 12:49:00,106.21,106.21,106.21,106.21,100.0
2017-09-14 12:50:00,106.21,106.22,106.21,106.22,700.0
2017-09-14 12:51:00,106.22,106.25,106.22,106.23,1300.0
2017-09-14 12:53:00,106.235,106.235,106.235,106.235,200.0
2017-09-14 12:54:00,106.2163,106.2163,106.2163,106.2163,500.0
2017-09-14 12:55:00,106.23,106.23,106.23,106.23,550.0
2017-09-14 12:56:00,106.22,106.22,106.22,106.22,100.0
2017-09-14 12:58:00,106.18,106.21,106.18,106.21,600.0
2017-09-14 12:59:00,106.19,106.19,106.19,106.19,200.0
2017-09-14 13:00:00,106.21,106.21,106.2,106.2,504.0
2017-09-14 13:01:00,106.2,106.22,106.18,106.22,1102.0
2017-09-14 13:02:00,106.18,106.18,106.18,106.18,100.0
2017-09-14 13:03:00,106.19,106.21,106.19,106.19,900.0
2017-09-14 13:04:00,106.195,106.21,106.195,106.195,700.0
2017-09-14 13:05:00,106.19,106.195,106.185,106.195,1500.0
2017-09-14 13:06:00,106.19,106.195,106.19,106.19,500.0
2017-09-14 13:07:00,106.2,106.2,106.19,106.2,1000.0
2017-09-14 13:09:00,106.205,106.205,106.205,106.205,100.0
2017-09-14 13:10:00,106.19,106.205,106.19,106.205,1532.0
2017-09-14 13:11:00,106.24,106.24,106.2,106.2,2000.0
2017-09-14 13:12:00,106.21,106.21,106.21,106.21,400.0
2017-09-14 13:13:00,106.215,106.215,106.215,106.215,300.0
2017-09-14 13:14:00,106.215,106.215,106.215,106.215,200.0
2017-09-14 13:15:00,106.22,106.23,106.22,106.23,500.0
2017-09-14 13:16:00,106.22,106.23,106.2,106.22,1700.0
2017-09-14 13:17:00,106.23,106.24,106.215,106.215,988.0
2017-09-14 13:18:00,106.22,106.24,106.22,106.24,1200.0
2017-09-14 13:19:00,106.22,106.22,106.22,106.22,100.0
2017-09-14 13:20:00,106.205,106.22,106.185,106.22,1400.0
2017-09-14 13:21:00,106.18,106.205,106.18,106.205,700.0
2017-09-14 13:22:00,106.21,106.21,106.18,106.18,1550.0
2017-09-14 13:23:00,106.18,106.2,106.18,106.2,626.0
2017-09-14 13:24:00,106.17,106.17,106.17,106.17,400.0
2017-09-14 13:26:00,106.19,106.19,106.16,106.16,1502.0
2017-09-14 13:29:00,106.17,106.17,106.16,106.17,400.0
2017-09-14 13:30:00,106.21,106.21,106.18,106.18,850.0
2017-09-14 13:31:00,106.18,106.18,106.17,106.18,700.0
2017-09-14 13:32:00,106.1836,106.1836,106.1836,106.1836,1000.0
2017-09-14 13:33:00,106.2,106.2,106.2,106.2,100.0
2017-09-14 13:34:00,106.18,106.18,106.18,106.18,200.0
2017-09-14 13:35:00,106.17,106.18,106.17,106.18,505.0
2017-09-14 13:36:00,106.18,106.18,106.17,106.17,639.0
2017-09-14 13:37:00,106.19,106.19,106.19,106.19,100.0
2017-09-14 13:38:00,106.2,106.2,106.18,106.18,300.0
2017-09-14 13:39:00,106.2,106.2,106.2,106.2,300.0
2017-09-14 13:40:00,106.15,106.2,106.14,106.19,2799.0
2017-09-14 13:41:00,106.16,106.16,106.15,106.16,600.0
2017-09-14 13:42:00,106.15,106.165,106.15,106.165,300.0
2017-09-14 13:43:00,106.18,106.18,106.18,106.18,100.0
2017-09-14 13:44:00,106.15,106.15,106.15,106.15,100.0
2017-09-14 13:45:00,106.17,106.18,106.17,106.17,500.0
2017-09-14 13:46:00,106.17,106.17,106.17,106.17,700.0
2017-09-14 13:47:00,106.18,106.18,106.17,106.175,1000.0
2017-09-14 13:48:00,106.19,106.19,106.19,106.19,200.0
2017-09-14 13:49:00,106.165,106.2,106.165,106.19,1230.0
2017-09-14 13:53:00,106.17,106.17,106.165,106.165,450.0
2017-09-14 13:54:00,106.1798,106.1798,106.1798,106.1798,136.0
2017-09-14 13:55:00,106.17,106.17,106.17,106.17,300.0
2017-09-14 13:56:00,106.17,106.17,106.16,106.16,300.0
2017-09-14 13:57:00,106.17,106.17,106.17,106.17,200.0
2017-09-14 13:58:00,106.18,106.18,106.16,106.16,900.0
2017-09-14 14:02:00,106.175,106.18,106.175,106.18,800.0
2017-09-14 14:03:00,106.1892,106.1892,106.175,106.175,554.0
2017-09-14 14:04:00,106.2,106.2,106.2,106.2,300.0
2017-09-14 14:06:00,106.22,106.22,106.19,106.19,1000.0
2017-09-14 14:07:00,106.23,106.23,106.22,106.22,200.0
2017-09-14 14:08:00,106.24,106.24,106.23,106.23,599.0
2017-09-14 14:09:00,106.23,106.23,106.22,106.23,831.0
2017-09-14 14:10:00,106.25,106.25,106.23,106.23,300.0
2017-09-14 14:11:00,106.24,106.25,106.24,106.25,500.0
2017-09-14 14:12:00,106.23,106.23,106.23,106.23,200.0
2017-09-14 14:13:00,106.24,106.24,106.215,106.23,1544.0
2017-09-14 14:14:00,106.2286,106.23,106.21,106.23,1100.0
2017-09-14 14:16:00,106.22,106.22,106.22,106.22,100.0
2017-09-14 14:17:00,106.21,106.21,106.21,106.21,600.0
2017-09-14 14:18:00,106.2,106.2,106.2,106.2,100.0
2017-09-14 14:20:00,106.2,106.22,106.2,106.21,962.0
2017-09-14 14:21:00,106.205,106.21,106.2,106.21,500.0
2017-09-14 14:22:00,106.2,106.205,106.2,106.205,3050.0
2017-09-14 14:23:00,106.195,106.2,106.19,106.2,1200.0
2017-09-14 14:24:00,106.195,106.2,106.185,106.195,2041.0
2017-09-14 14:25:00,106.17,106.19,106.17,106.19,2911.0
2017-09-14 14:26:00,106.18,106.18,106.17,106.17,6717.0
2017-09-14 14:27:00,106.2,106.21,106.18,106.19,1550.0
2017-09-14 14:28:00,106.19,106.19,106.19,106.19,100.0
2017-09-14 14:29:00,106.19,106.19,106.19,106.19,1700.0
2017-09-14 14:30:00,106.19,106.19,106.19,106.19,300.0
2017-09-14 14:31:00,106.21,106.21,106.195,106.195,400.0
2017-09-14 14:32:00,106.2299,106.2299,106.21,106.21,260.0
2017-09-14 14:33:00,106.24,106.24,106.22,106.23,2480.0
2017-09-14 14:37:00,106.22,106.22,106.215,106.22,1100.0
2017-09-14 14:38:00,106.22,106.22,106.22,106.22,100.0
2017-09-14 14:41:00,106.23,106.23,106.205,106.22,2731.0
2017-09-14 14:42:00,106.24,106.24,106.22,106.22,400.0
2017-09-14 14:43:00,106.22,106.23,106.2,106.2,1105.0
2017-09-14 14:44:00,106.23,106.23,106.23,106.23,200.0
2017-09-14 14:45:00,106.22,106.22,106.22,106.22,100.0
2017-09-14 14:46:00,106.23,106.24,106.22,106.22,700.0
2017-09-14 14:47:00,106.22,106.22,106.22,106.22,200.0
2017-09-14 14:48:00,106.21,106.22,106.2,106.22,2900.0
2017-09-14 14:49:00,106.2,106.21,106.2,106.21,200.0
2017-09-14 14:50:00,106.21,106.21,106.185,106.205,2838.0
2017-09-14 14:51:00,106.21,106.21,106.21,106.21,200.0
2017-09-14 14:53:00,106.2,106.21,106.2,106.21,400.0
2017-09-14 14:54:00,106.2,106.21,106.2,106.21,900.0
2017-09-14 14:56:00,106.19,106.19,106.19,106.19,100.0
2017-09-14 14:57:00,106.17,106.2,106.17,106.2,1706.0
2017-09-14 14:59:00,106.16,106.17,106.16,106.17,650.0
2017-09-14 15:00:00,106.1723,106.18,106.16,106.16,2070.0
2017-09-14 15:01:00,106.18,106.18,106.18,106.18,100.0
2017-09-14 15:02:00,106.16,106.16,106.16,106.16,100.0
2017-09-14 15:03:00,106.16,106.17,106.16,106.17,300.0
2017-09-14 15:04:00,106.18,106.18,106.18,106.18,543.0
2017-09-14 15:05:00,106.18,106.18,106.17,106.18,800.0
2017-09-14 15:06:00,106.18,106.19,106.18,106.18,300.0
2017-09-14 15:07:00,106.17,106.17,106.17,106.17,100.0
2017-09-14 15:08:00,106.16,106.17,106.16,106.17,900.0
2017-09-14 15:09:00,106.16,106.18,106.15,106.16,1709.0
2017-09-14 15:10:00,106.17,106.17,106.15,106.16,1590.0
2017-09-14 15:11:00,106.18,106.19,106.18,106.19,700.0
2017-09-14 15:13:00,106.18,106.18,106.18,106.18,300.0
2017-09-14 15:14:00,106.1781,106.18,106.1781,106.18,485.0
2017-09-14 15:15:00,106.165,106.18,106.165,106.17,800.0
2017-09-14 15:16:00,106.17,106.18,106.17,106.17,400.0
2017-09-14 15:17:00,106.16,106.16,106.15,106.16,3700.0
2017-09-14 15:18:00,106.18,106.18,106.16,106.16,2421.0
2017-09-14 15:19:00,106.17,106.18,106.17,106.18,1937.0
2017-09-14 15:20:00,106.185,106.185,106.18,106.18,300.0
2017-09-14 15:21:00,106.195,106.2,106.18,106.18,1300.0
2017-09-14 15:22:00,106.19,106.2,106.19,106.195,1552.0
2017-09-14 15:23:00,106.18,106.19,106.18,106.19,200.0
2017-09-14 15:24:00,106.21,106.21,106.195,106.2,1400.0
2017-09-14 15:25:00,106.2186,106.2186,106.21,106.21,400.0
2017-09-14 15:26:00,106.22,106.22,106.21,106.21,600.0
2017-09-14 15:27:00,106.22,106.23,106.21,106.22,900.0
2017-09-14 15:28:00,106.22,106.23,106.22,106.23,400.0
2017-09-14 15:29:00,106.215,106.22,106.21,106.21,1400.0
2017-09-14 15:30:00,106.25,106.26,106.21,106.21,6400.0
2017-09-14 15:31:00,106.26,106.26,106.23,106.257,600.0
2017-09-14 15:32:00,106.26,106.26,106.24,106.24,400.0
2017-09-14 15:33:00,106.25,106.26,106.24,106.25,1014.0
2017-09-14 15:34:00,106.27,106.27,106.25,106.25,2731.0
2017-09-14 15:35:00,106.24,106.26,106.24,106.26,1450.0
2017-09-14 15:36:00,106.26,106.26,106.255,106.255,2061.0
2017-09-14 15:37:00,106.28,106.28,106.26,106.26,1408.0
2017-09-14 15:38:00,106.26,106.2766,106.26,106.2766,600.0
2017-09-14 15:39:00,106.245,106.26,106.245,106.26,1400.0
2017-09-14 15:40:00,106.26,106.27,106.25,106.25,2786.0
2017-09-14 15:41:00,106.26,106.26,106.25,106.26,1000.0
2017-09-14 15:42:00,106.26,106.26,106.26,106.26,700.0
2017-09-14 15:43:00,106.26,106.27,106.26,106.26,1700.0
2017-09-14 15:44:00,106.245,106.26,106.245,106.26,3518.0
2017-09-14 15:45:00,106.2,106.245,106.18,106.24,7226.0
2017-09-14 15:46:00,106.21,106.21,106.185,106.185,1700.0
2017-09-14 15:47:00,106.22,106.22,106.21,106.21,2000.0
2017-09-14 15:48:00,106.23,106.24,106.23,106.24,480.0
2017-09-14 15:49:00,106.21,106.23,106.21,106.23,2774.0
2017-09-14 15:50:00,106.23,106.24,106.22,106.22,5433.0
2017-09-14 15:51:00,106.25,106.26,106.24,106.24,3889.0
2017-09-14 15:52:00,106.25,106.26,106.25,106.25,1000.0
2017-09-14 15:53:00,106.245,106.25,106.245,106.25,2600.0
2017-09-14 15:54:00,106.255,106.26,106.245,106.245,13953.0
2017-09-14 15:55:00,106.255,106.26,106.25,106.255,11788.0
2017-09-14 15:56:00,106.285,106.29,106.25,106.25,7052.0
2017-09-14 15:57:00,106.315,106.32,106.28,106.285,6728.0
2017-09-14 15:58:00,106.2699,106.315,106.26,106.315,7391.0
2017-09-14 15:59:00,106.29,106.29,106.24,106.26,10779.0
2017-09-14 16:00:00,106.31,106.3499,106.26,106.29,17558.0
2017-09-15 09:30:00,106.11,106.11,106.11,106.11,99875.0
2017-09-15 09:31:00,106.13,106.13,105.93,105.93,3000.0
2017-09-15 09:32:00,105.94,106.01,105.94,106.01,900.0
2017-09-15 09:33:00,106.16,106.23,105.97,106.0,3300.0
2017-09-15 09:34:00,106.39,106.39,106.23,106.23,410.0
2017-09-15 09:35:00,106.29,106.36,106.29,106.36,1100.0
2017-09-15 09:36:00,106.31,106.35,106.17,106.22,1150.0
2017-09-15 09:37:00,106.2883,106.36,106.2883,106.36,700.0
2017-09-15 09:38:00,106.29,106.32,106.27,106.32,800.0
2017-09-15 09:39:00,106.305,106.35,106.3,106.31,600.0
2017-09-15 09:40:00,106.45,106.45,106.35,106.35,1900.0
2017-09-15 09:41:00,106.345,106.44,106.34,106.4,1617.0
2017-09-15 09:42:00,106.32,106.335,106.28,106.335,1500.0
2017-09-15 09:43:00,106.36,106.39,106.31,106.31,1651.0
2017-09-15 09:44:00,106.33,106.36,106.32,106.36,1107.0
2017-09-15 09:45:00,106.43,106.43,106.34,106.34,1306.0
2017-09-15 09:46:00,106.47,106.47,106.3885,106.3885,2200.0
2017-09-15 09:47:00,106.45,106.52,106.44,106.48,2300.0
2017-09-15 09:48:00,106.48,106.48,106.415,106.415,300.0
2017-09-15 09:49:00,106.45,106.49,106.45,106.48,800.0
2017-09-15 09:50:00,106.57,106.57,106.435,106.435,1359.0
2017-09-15 09:51:00,106.56,106.56,106.56,106.56,200.0
2017-09-15 09:52:00,106.47,106.525,106.45,106.525,1346.0
2017-09-15 09:53:00,106.46,106.465,106.42,106.465,1300.0
2017-09-15 09:54:00,106.43,106.43,106.43,106.43,400.0
2017-09-15 09:55:00,106.43,106.44,106.43,106.44,300.0
2017-09-15 09:56:00,106.465,106.465,106.39,106.4,2777.0
2017-09-15 09:57:00,106.45,106.45,106.45,106.45,100.0
2017-09-15 09:58:00,106.39,106.42,106.39,106.42,300.0
2017-09-15 09:59:00,106.39,106.39,106.39,106.39,100.0
2017-09-15 10:00:00,106.43,106.43,106.39,106.39,1205.0
2017-09-15 10:01:00,106.4,106.4,106.4,106.4,300.0
2017-09-15 10:02:00,106.53,106.53,106.43,106.43,6700.0
2017-09-15 10:03:00,106.55,106.55,106.53,106.53,600.0
2017-09-15 10:04:00,106.53,106.53,106.53,106.53,500.0
2017-09-15 10:05:00,106.59,106.59,106.54,106.54,4282.0
2017-09-15 10:06:00,106.58,106.595,106.58,106.59,1700.0
2017-09-15 10:07:00,106.53,106.62,106.53,106.58,5133.0
2017-09-15 10:08:00,106.55,106.55,106.5,106.5,300.0
2017-09-15 10:09:00,106.54,106.54,106.54,106.54,100.0
2017-09-15 10:10:00,106.5,106.505,106.5,106.505,240.0
2017-09-15 10:11:00,106.5,106.5,106.5,106.5,200.0
2017-09-15 10:12:00,106.48,106.5,106.48,106.5,500.0
2017-09-15 10:13:00,106.49,106.495,106.49,106.495,200.0
2017-09-15 10:14:00,106.5,106.5,106.49,106.49,700.0
2017-09-15 10:15:00,106.565,106.565,106.47,106.47,8300.0
2017-09-15 10:16:00,106.7399,106.74,106.59,106.59,4755.0
2017-09-15 10:17:00,106.68,106.75,106.68,106.74,3100.0
2017-09-15 10:18:00,106.73,106.76,106.71,106.71,2899.0
2017-09-15 10:20:00,106.75,106.75,106.75,106.75,500.0
2017-09-15 10:22:00,106.64,106.6825,106.64,106.67,1200.0
2017-09-15 10:24:00,106.6048,106.6048,106.6048,106.6048,100.0
2017-09-15 10:25:00,106.55,106.55,106.55,106.55,100.0
2017-09-15 10:26:00,106.58,106.58,106.55,106.55,500.0
2017-09-15 10:27:00,106.58,106.58,106.55,106.58,400.0
2017-09-15 10:28:00,106.55,106.58,106.55,106.58,200.0
2017-09-15 10:29:00,106.56,106.59,106.56,106.59,400.0
2017-09-15 10:30:00,106.55,106.565,106.49,106.56,1400.0
2017-09-15 10:31:00,106.5,106.5,106.5,106.5,200.0
2017-09-15 10:32:00,106.52,106.52,106.51,106.51,200.0
2017-09-15 10:33:00,106.57,106.57,106.515,106.53,3777.0
2017-09-15 10:34:00,106.55,106.56,106.55,106.56,300.0
2017-09-15 10:35:00,106.57,106.57,106.55,106.55,900.0
2017-09-15 10:36:00,106.61,106.61,106.57,106.57,3300.0
2017-09-15 10:37:00,106.58,106.62,106.58,106.62,800.0
2017-09-15 10:38:00,106.54,106.54,106.5352,106.54,1200.0
2017-09-15 10:39:00,106.545,106.545,106.545,106.545,300.0
2017-09-15 10:40:00,106.535,106.56,106.535,106.555,600.0
2017-09-15 10:41:00,106.545,106.545,106.545,106.545,200.0
2017-09-15 10:42:00,106.58,106.6,106.55,106.55,3748.0
2017-09-15 10:43:00,106.6,106.6,106.6,106.6,400.0
2017-09-15 10:44:00,106.58,106.61,106.58,106.6,2300.0
2017-09-15 10:46:00,106.63,106.63,106.61,106.61,1300.0
2017-09-15 10:47:00,106.64,106.64,106.6,106.6,200.0
2017-09-15 10:48:00,106.59,106.59,106.58,106.58,700.0
2017-09-15 10:49:00,106.62,106.62,106.62,106.62,100.0
2017-09-15 10:50:00,106.58,106.58,106.58,106.58,200.0
2017-09-15 10:51:00,106.63,106.69,106.62,106.62,2297.0
2017-09-15 10:52:00,106.66,106.69,106.66,106.69,300.0
2017-09-15 10:53:00,106.69,106.69,106.66,106.67,2164.0
2017-09-15 10:54:00,106.65,106.6703,106.65,106.66,810.0
2017-09-15 10:56:00,106.57,106.59,106.57,106.59,200.0
2017-09-15 10:57:00,106.56,106.56,106.56,106.56,100.0
2017-09-15 10:58:00,106.535,106.535,106.535,106.535,100.0
2017-09-15 10:59:00,106.46,106.5,106.46,106.5,750.0
2017-09-15 11:00:00,106.46,106.46,106.46,106.46,200.0
2017-09-15 11:01:00,106.44,106.46,106.43,106.46,1400.0
2017-09-15 11:02:00,106.51,106.51,106.43,106.45,3964.0
2017-09-15 11:03:00,106.52,106.53,106.5,106.5,2600.0
2017-09-15 11:04:00,106.59,106.59,106.56,106.56,750.0
2017-09-15 11:05:00,106.56,106.56,106.56,106.56,100.0
2017-09-15 11:06:00,106.65,106.67,106.6,106.6,1800.0
2017-09-15 11:07:00,106.6999,106.6999,106.69,106.69,500.0
2017-09-15 11:08:00,106.6,106.64,106.6,106.64,800.0
2017-09-15 11:09:00,106.56,106.61,106.56,106.59,576.0
2017-09-15 11:10:00,106.54,106.54,106.54,106.54,100.0
2017-09-15 11:11:00,106.49,106.49,106.49,106.49,100.0
2017-09-15 11:12:00,106.48,106.48,106.48,106.48,100.0
2017-09-15 11:15:00,106.47,106.48,106.44,106.48,1100.0
2017-09-15 11:17:00,106.52,106.52,106.47,106.47,2759.0
2017-09-15 11:18:00,106.54,106.55,106.51,106.51,500.0
2017-09-15 11:19:00,106.56,106.56,106.56,106.56,100.0
2017-09-15 11:20:00,106.56,106.59,106.55,106.55,700.0
2017-09-15 11:21:00,106.59,106.59,106.57,106.57,1100.0
2017-09-15 11:22:00,106.59,106.62,106.58,106.6,1519.0
2017-09-15 11:23:00,106.59,106.59,106.59,106.59,100.0
2017-09-15 11:24:00,106.6,106.6,106.59,106.59,1000.0
2017-09-15 11:25:00,106.54,106.57,106.54,106.57,1000.0
2017-09-15 11:27:00,106.53,106.56,106.53,106.55,900.0
2017-09-15 11:28:00,106.53,106.53,106.52,106.52,200.0
2017-09-15 11:29:00,106.49,106.56,106.49,106.53,600.0
2017-09-15 11:30:00,106.48,106.52,106.48,106.52,3255.0
2017-09-15 11:31:00,106.51,106.51,106.49,106.49,1900.0
2017-09-15 11:32:00,106.56,106.56,106.5,106.53,1000.0
2017-09-15 11:33:00,106.63,106.63,106.595,106.61,700.0
2017-09-15 11:34:00,106.67,106.67,106.64,106.67,600.0
2017-09-15 11:35:00,106.67,106.67,106.64,106.64,300.0
2017-09-15 11:36:00,106.65,106.65,106.63,106.63,700.0
2017-09-15 11:37:00,106.64,106.64,106.64,106.64,100.0
2017-09-15 11:38:00,106.64,106.64,106.64,106.64,100.0
2017-09-15 11:39:00,106.62,106.67,106.62,106.64,2200.0
2017-09-15 11:40:00,106.63,106.63,106.63,106.63,400.0
2017-09-15 11:41:00,106.61,106.62,106.61,106.62,200.0
2017-09-15 11:43:00,106.61,106.62,106.61,106.62,400.0
2017-09-15 11:44:00,106.62,106.62,106.62,106.62,400.0
2017-09-15 11:45:00,106.61,106.62,106.61,106.62,400.0
2017-09-15 11:46:00,106.63,106.63,106.62,106.62,500.0
2017-09-15 11:48:00,106.63,106.63,106.62,106.62,700.0
2017-09-15 11:49:00,106.62,106.65,106.62,106.64,1001.0
2017-09-15 11:50:00,106.65,106.69,106.63,106.64,1269.0
2017-09-15 11:51:00,106.63,106.64,106.63,106.64,400.0
2017-09-15 11:52:00,106.62,106.62,106.62,106.62,100.0
2017-09-15 11:53:00,106.615,106.635,106.615,106.635,1417.0
2017-09-15 11:54:00,106.615,106.615,106.615,106.615,200.0
2017-09-15 11:56:00,106.64,106.64,106.64,106.64,100.0
2017-09-15 11:57:00,106.59,106.59,106.59,106.59,100.0
2017-09-15 11:58:00,106.61,106.615,106.61,106.615,400.0
2017-09-15 11:59:00,106.64,106.64,106.62,106.62,2150.0
2017-09-15 12:00:00,106.64,106.66,106.63,106.66,500.0
2017-09-15 12:02:00,106.64,106.64,106.64,106.64,300.0
2017-09-15 12:03:00,106.64,106.66,106.6,106.6,1125.0
2017-09-15 12:04:00,106.64,106.64,106.64,106.64,100.0
2017-09-15 12:05:00,106.64,106.64,106.64,106.64,100.0
2017-09-15 12:06:00,106.62,106.62,106.59,106.62,1300.0
2017-09-15 12:07:00,106.64,106.65,106.61,106.62,2155.0
2017-09-15 12:08:00,106.7,106.7,106.66,106.66,1700.0
2017-09-15 12:09:00,106.68,106.7,106.68,106.7,400.0
2017-09-15 12:10:00,106.68,106.68,106.68,106.68,100.0
2017-09-15 12:11:00,106.67,106.67,106.67,106.67,200.0
2017-09-15 12:12:00,106.66,106.66,106.66,106.66,100.0
2017-09-15 12:13:00,106.65,106.6675,106.65,106.6675,1000.0
2017-09-15 12:15:00,106.6,106.65,106.6,106.65,200.0
2017-09-15 12:16:00,106.6,106.62,106.6,106.62,200.0
2017-09-15 12:17:00,106.6,106.6,106.6,106.6,100.0
2017-09-15 12:18:00,106.65,106.65,106.65,106.65,100.0
2017-09-15 12:20:00,106.64,106.64,106.64,106.64,100.0
2017-09-15 12:21:00,106.62,106.62,106.62,106.62,100.0
2017-09-15 12:22:00,106.62,106.62,106.62,106.62,100.0
2017-09-15 12:23:00,106.62,106.62,106.6,106.6161,300.0
2017-09-15 12:24:00,106.62,106.62,106.62,106.62,300.0
2017-09-15 12:26:00,106.64,106.64,106.59,106.62,8696.0
2017-09-15 12:27:00,106.68,106.68,106.68,106.68,100.0
2017-09-15 12:28:00,106.64,106.68,106.64,106.68,270.0
2017-09-15 12:30:00,106.64,106.64,106.63,106.63,600.0
2017-09-15 12:31:00,106.63,106.63,106.63,106.63,100.0
2017-09-15 12:32:00,106.69,106.69,106.63,106.63,1100.0
2017-09-15 12:34:00,106.74,106.74,106.71,106.72,1500.0
2017-09-15 12:35:00,106.74,106.74,106.725,106.725,259.0
2017-09-15 12:36:00,106.74,106.74,106.74,106.74,100.0
2017-09-15 12:38:00,106.73,106.73,106.73,106.73,100.0
2017-09-15 12:39:00,106.55,106.7,106.55,106.7,3100.0
2017-09-15 12:41:00,106.62,106.62,106.5405,106.5405,2105.0
2017-09-15 12:42:00,106.64,106.64,106.62,106.62,400.0
2017-09-15 12:44:00,106.64,106.66,106.64,106.66,400.0
2017-09-15 12:45:00,106.58,106.6562,106.58,106.64,1300.0
2017-09-15 12:46:00,106.5969,106.5969,106.5969,106.5969,300.0
2017-09-15 12:47:00,106.62,106.62,106.58,106.58,200.0
2017-09-15 12:48:00,106.62,106.62,106.62,106.62,300.0
2017-09-15 12:49:00,106.63,106.63,106.63,106.63,400.0
2017-09-15 12:50:00,106.65,106.65,106.63,106.63,300.0
2017-09-15 12:51:00,106.67,106.69,106.66,106.66,500.0
2017-09-15 12:52:00,106.675,106.685,106.67,106.685,1288.0
2017-09-15 12:53:00,106.69,106.69,106.67,106.67,400.0
2017-09-15 12:55:00,106.69,106.69,106.69,106.69,100.0
2017-09-15 12:57:00,106.66,106.67,106.64,106.67,3519.0
2017-09-15 12:58:00,106.69,106.69,106.66,106.66,1000.0
2017-09-15 12:59:00,106.7,106.7,106.6994,106.6994,500.0
2017-09-15 13:00:00,106.705,106.72,106.7,106.7,865.0
2017-09-15 13:01:00,106.68,106.705,106.68,106.705,1937.0
2017-09-15 13:02:00,106.675,106.68,106.65,106.675,1800.0
2017-09-15 13:04:00,106.67,106.68,106.67,106.67,400.0
2017-09-15 13:05:00,106.695,106.7,106.67,106.67,1050.0
2017-09-15 13:06:00,106.72,106.73,106.705,106.705,1250.0
2017-09-15 13:07:00,106.715,106.72,106.7,106.7,600.0
2017-09-15 13:08:00,106.77,106.77,106.71,106.715,2180.0
2017-09-15 13:09:00,106.76,106.76,106.76,106.76,100.0
2017-09-15 13:10:00,106.76,106.76,106.76,106.76,765.0
2017-09-15 13:11:00,106.75,106.76,106.75,106.76,800.0
2017-09-15 13:12:00,106.74,106.74,106.74,106.74,100.0
2017-09-15 13:13:00,106.74,106.74,106.74,106.74,200.0
2017-09-15 13:14:00,106.7575,106.7575,106.755,106.755,265.0
2017-09-15 13:15:00,106.71,106.74,106.71,106.74,700.0
2017-09-15 13:16:00,106.72,106.74,106.71,106.74,2100.0
2017-09-15 13:18:00,106.7293,106.7293,106.7293,106.7293,300.0
2017-09-15 13:20:00,106.72,106.77,106.7,106.72,4286.0
2017-09-15 13:21:00,106.74,106.74,106.74,106.74,800.0
2017-09-15 13:22:00,106.77,106.78,106.77,106.77,1002.0
2017-09-15 13:23:00,106.87,106.87,106.79,106.79,1189.0
2017-09-15 13:24:00,106.8328,106.84,106.83,106.84,576.0
2017-09-15 13:26:00,106.85,106.85,106.85,106.85,800.0
2017-09-15 13:27:00,106.88,106.88,106.845,106.85,2574.0
2017-09-15 13:28:00,106.9,106.905,106.86,106.88,2000.0
2017-09-15 13:29:00,106.895,106.9,106.895,106.9,400.0
2017-09-15 13:30:00,106.905,106.92,106.89,106.91,2390.0
2017-09-15 13:31:00,106.91,106.92,106.9,106.9,1402.0
2017-09-15 13:32:00,106.91,106.91,106.91,106.91,200.0
2017-09-15 13:33:00,106.91,106.91,106.91,106.91,100.0
2017-09-15 13:34:00,106.91,106.91,106.91,106.91,300.0
2017-09-15 13:35:00,106.94,106.95,106.905,106.91,6596.0
2017-09-15 13:36:00,106.95,106.97,106.94,106.95,2858.0
2017-09-15 13:37:00,106.95,106.96,106.93,106.95,4400.0
2017-09-15 13:38:00,106.95,106.95,106.94,106.94,5788.0
2017-09-15 13:40:00,106.96,106.96,106.95,106.95,800.0
2017-09-15 13:41:00,106.945,106.96,106.94,106.94,4083.0
2017-09-15 13:42:00,106.95,106.95,106.95,106.95,100.0
2017-09-15 13:43:00,106.97,106.99,106.95,106.95,3565.0
2017-09-15 13:44:00,106.965,106.965,106.965,106.965,100.0
2017-09-15 13:46:00,106.98,106.98,106.965,106.965,402.0
2017-09-15 13:47:00,106.97,106.97,106.96,106.96,2500.0
2017-09-15 13:48:00,106.935,106.97,106.93,106.97,6033.0
2017-09-15 13:49:00,106.97,106.97,106.95,106.95,1810.0
2017-09-15 13:50:00,106.97,106.97,106.97,106.97,100.0
2017-09-15 13:51:00,106.97,106.97,106.97,106.97,100.0
2017-09-15 13:52:00,106.96,106.96,106.96,106.96,100.0
2017-09-15 13:54:00,106.97,106.97,106.94,106.96,3079.0
2017-09-15 13:55:00,106.95,106.96,106.9488,106.96,700.0
2017-09-15 13:57:00,106.95,106.955,106.95,106.95,548.0
2017-09-15 13:58:00,106.975,106.98,106.94,106.94,1733.0
2017-09-15 14:00:00,106.97,106.98,106.96,106.97,2902.0
2017-09-15 14:01:00,106.98,106.99,106.96,106.98,1600.0
2017-09-15 14:02:00,107.03,107.03,106.99,106.99,2690.0
2017-09-15 14:03:00,107.0,107.02,107.0,107.02,200.0
2017-09-15 14:04:00,107.0,107.0,107.0,107.0,100.0
2017-09-15 14:05:00,106.97,106.99,106.94,106.99,4337.0
2017-09-15 14:06:00,106.97,106.98,106.94,106.97,2350.0
2017-09-15 14:08:00,106.95,106.95,106.93,106.95,3037.0
2017-09-15 14:09:00,106.95,106.97,106.94,106.96,1931.0
2017-09-15 14:10:00,106.98,106.98,106.95,106.95,2000.0
2017-09-15 14:11:00,107.0,107.0,106.97,106.98,5756.0
2017-09-15 14:12:00,106.8853,106.99,106.8853,106.99,2600.0
2017-09-15 14:13:00,106.89,106.89,106.8801,106.8801,273.0
2017-09-15 14:14:00,106.8917,106.8917,106.89,106.89,300.0
2017-09-15 14:15:00,106.89,106.9199,106.89,106.9199,702.0
2017-09-15 14:16:00,106.86,106.9032,106.86,106.9032,2492.0
2017-09-15 14:17:00,106.86,106.865,106.845,106.865,600.0
2017-09-15 14:18:00,106.86,106.86,106.86,106.86,300.0
2017-09-15 14:19:00,106.95,106.95,106.85,106.86,6040.0
2017-09-15 14:20:00,106.95,106.95,106.95,106.95,200.0
2017-09-15 14:21:00,107.0,107.0,106.96,106.96,1110.0
2017-09-15 14:22:00,106.95,106.97,106.95,106.97,1144.0
2017-09-15 14:23:00,106.93,106.93,106.93,106.93,100.0
2017-09-15 14:24:00,106.89,106.93,106.89,106.93,400.0
2017-09-15 14:25:00,106.9,106.91,106.89,106.9,1372.0
2017-09-15 14:27:00,106.88,106.89,106.88,106.89,900.0
2017-09-15 14:29:00,106.87,106.87,106.87,106.87,100.0
2017-09-15 14:30:00,106.87,106.88,106.86,106.86,1700.0
2017-09-15 14:31:00,106.885,106.885,106.86,106.86,1620.0
2017-09-15 14:32:00,106.9,106.91,106.89,106.89,1400.0
2017-09-15 14:34:00,106.89,106.89,106.89,106.89,100.0
2017-09-15 14:35:00,106.88,106.885,106.86,106.86,300.0
2017-09-15 14:36:00,106.87,106.89,106.84,106.88,600.0
2017-09-15 14:37:00,106.87,106.87,106.855,106.855,200.0
2017-09-15 14:38:00,106.8445,106.87,106.84,106.84,1000.0
2017-09-15 14:39:00,106.82,106.87,106.82,106.84,5030.0
2017-09-15 14:41:00,106.86,106.86,106.82,106.82,1100.0
2017-09-15 14:42:00,106.89,106.89,106.88,106.88,374.0
2017-09-15 14:43:00,106.86,106.89,106.86,106.89,900.0
2017-09-15 14:45:00,106.88,106.89,106.84,106.87,1200.0
2017-09-15 14:46:00,106.86,106.86,106.86,106.86,300.0
2017-09-15 14:47:00,106.9,106.9,106.85,106.85,1000.0
2017-09-15 14:48:00,106.89,106.89,106.89,106.89,400.0
2017-09-15 14:49:00,106.9,106.9,106.9,106.9,100.0
2017-09-15 14:50:00,106.88,106.91,106.88,106.9,800.0
2017-09-15 14:51:00,106.9,106.9,106.87,106.8943,2250.0
2017-09-15 14:52:00,106.92,106.92,106.91,106.91,1100.0
2017-09-15 14:53:00,106.94,106.94,106.94,106.94,100.0
2017-09-15 14:54:00,106.92,106.92,106.89,106.89,611.0
2017-09-15 14:55:00,106.93,106.93,106.9105,106.9105,777.0
2017-09-15 14:56:00,106.89,106.9241,106.89,106.92,1524.0
2017-09-15 14:57:00,106.94,106.95,106.93,106.93,1150.0
2017-09-15 14:58:00,106.96,106.96,106.93,106.95,300.0
2017-09-15 14:59:00,106.96,106.98,106.94,106.94,2877.0
2017-09-15 15:00:00,106.95,106.97,106.95,106.97,300.0
2017-09-15 15:01:00,106.9499,106.95,106.935,106.95,1025.0
2017-09-15 15:02:00,106.935,106.94,106.935,106.94,800.0
2017-09-15 15:03:00,107.015,107.02,106.94,106.94,4700.0
2017-09-15 15:04:00,107.03,107.03,107.02,107.03,1150.0
2017-09-15 15:05:00,107.005,107.01,106.99,107.01,1275.0
2017-09-15 15:06:00,107.03,107.03,107.01,107.01,875.0
2017-09-15 15:07:00,107.01,107.01,107.0,107.01,1200.0
2017-09-15 15:08:00,107.02,107.04,107.01,107.01,3800.0
2017-09-15 15:09:00,107.02,107.03,106.99,107.03,800.0
2017-09-15 15:10:00,106.99,107.02,106.99,107.0,800.0
2017-09-15 15:11:00,107.01,107.02,106.995,106.995,1616.0
2017-09-15 15:12:00,107.01,107.01,107.01,107.01,402.0
2017-09-15 15:13:00,106.9973,107.01,106.9973,107.01,300.0
2017-09-15 15:15:00,107.01,107.01,107.01,107.01,2000.0
2017-09-15 15:16:00,106.995,106.995,106.995,106.995,100.0
2017-09-15 15:17:00,106.99,107.0,106.97,106.99,3100.0
2017-09-15 15:18:00,107.02,107.02,106.99,106.99,3100.0
2017-09-15 15:19:00,107.04,107.04,107.02,107.02,500.0
2017-09-15 15:20:00,107.07,107.08,107.05,107.05,1100.0
2017-09-15 15:22:00,107.1071,107.11,107.05,107.05,3800.0
2017-09-15 15:23:00,107.14,107.14,107.11,107.11,876.0
2017-09-15 15:24:00,107.11,107.15,107.1,107.15,2312.0
2017-09-15 15:25:00,107.11,107.14,107.11,107.11,1723.0
2017-09-15 15:26:00,107.1,107.12,107.1,107.1,2361.0
2017-09-15 15:27:00,107.1,107.1,107.09,107.09,1700.0
2017-09-15 15:28:00,107.09,107.1,107.085,107.1,2952.0
2017-09-15 15:29:00,107.06,107.09,107.06,107.09,5029.0
2017-09-15 15:30:00,107.02,107.04,107.02,107.04,1137.0
2017-09-15 15:31:00,107.025,107.025,107.02,107.025,1200.0
2017-09-15 15:32:00,107.06,107.07,107.025,107.025,5915.0
2017-09-15 15:33:00,107.0857,107.09,107.05,107.06,2900.0
2017-09-15 15:34:00,107.05,107.09,107.05,107.09,2512.0
2017-09-15 15:35:00,107.045,107.06,107.04,107.05,3500.0
2017-09-15 15:36:00,107.05,107.05,107.03,107.03,2650.0
2017-09-15 15:37:00,107.06,107.06,107.05,107.05,500.0
2017-09-15 15:38:00,107.05,107.05,107.05,107.05,2200.0
2017-09-15 15:39:00,107.11,107.11,107.05,107.05,8442.0
2017-09-15 15:40:00,107.08,107.12,107.02,107.12,7099.0
2017-09-15 15:41:00,107.11,107.12,107.08,107.08,2200.0
2017-09-15 15:42:00,107.12,107.15,107.12,107.13,6880.0
2017-09-15 15:43:00,107.13,107.14,107.12,107.12,2230.0
2017-09-15 15:44:00,107.09,107.13,107.09,107.13,1950.0
2017-09-15 15:45:00,107.2,107.24,107.09,107.09,9150.0
2017-09-15 15:46:00,107.13,107.22,107.11,107.18,9711.0
2017-09-15 15:47:00,107.09,107.12,107.071,107.12,3845.0
2017-09-15 15:48:00,107.1,107.1,107.07,107.09,3979.0
2017-09-15 15:49:00,107.08,107.1,107.07,107.1,2800.0
2017-09-15 15:50:00,107.1,107.12,107.0799,107.08,5736.0
2017-09-15 15:51:00,107.1,107.1,107.05,107.09,8169.0
2017-09-15 15:52:00,107.085,107.1,107.08,107.1,4557.0
2017-09-15 15:53:00,107.11,107.12,107.085,107.085,5938.0
2017-09-15 15:54:00,107.14,107.15,107.1,107.1,4571.0
2017-09-15 15:55:00,107.15,107.16,107.13,107.14,7483.0
2017-09-15 15:56:00,107.15,107.16,107.12,107.15,9857.0
2017-09-15 15:57:00,107.14,107.1599,107.14,107.15,3201.0
2017-09-15 15:58:00,107.11,107.16,107.11,107.14,11643.0
2017-09-15 15:59:00,107.12,107.13,107.09,107.1,6582.0
2017-09-15 16:00:00,107.25,107.26,107.1,107.12,44847.0
2017-09-18 09:30:00,107.26,107.26,107.26,107.26,6396.0
2017-09-18 09:33:00,107.24,107.24,107.24,107.24,300.0
2017-09-18 09:34:00,107.25,107.39,107.25,107.39,300.0
2017-09-18 09:35:00,107.19,107.23,107.04,107.23,500.0
2017-09-18 09:36:00,107.16,107.2,107.08,107.19,1400.0
2017-09-18 09:37:00,107.185,107.185,107.185,107.185,100.0
2017-09-18 09:38:00,107.17,107.22,107.17,107.22,300.0
2017-09-18 09:39:00,107.26,107.26,107.24,107.24,1400.0
2017-09-18 09:41:00,107.215,107.215,107.17,107.21,600.0
2017-09-18 09:42:00,107.41,107.41,107.1748,107.1748,1850.0
2017-09-18 09:43:00,107.465,107.465,107.39,107.39,458.0
2017-09-18 09:45:00,107.29,107.35,107.29,107.35,200.0
2017-09-18 09:46:00,107.33,107.47,107.32,107.47,905.0
2017-09-18 09:47:00,107.23,107.31,107.17,107.31,4722.0
2017-09-18 09:48:00,107.18,107.4,107.18,107.23,5400.0
2017-09-18 09:50:00,107.045,107.045,107.045,107.045,100.0
2017-09-18 09:51:00,107.01,107.04,107.0,107.04,415.0
2017-09-18 09:52:00,106.9174,107.01,106.9174,107.01,441.0
2017-09-18 09:53:00,107.02,107.02,107.02,107.02,100.0
2017-09-18 09:54:00,107.01,107.01,106.9,106.93,1104.0
2017-09-18 09:56:00,106.89,106.95,106.89,106.9,400.0
2017-09-18 09:57:00,106.84,106.9,106.8202,106.89,1039.0
2017-09-18 09:58:00,106.75,106.825,106.71,106.81,1200.0
2017-09-18 09:59:00,106.84,106.84,106.73,106.73,2400.0
2017-09-18 10:00:00,106.795,106.795,106.795,106.795,200.0
2017-09-18 10:01:00,106.84,106.84,106.83,106.83,200.0
2017-09-18 10:02:00,106.77,106.82,106.77,106.82,1582.0
2017-09-18 10:03:00,106.7824,106.8,106.7824,106.79,450.0
2017-09-18 10:04:00,106.86,106.86,106.86,106.86,100.0
2017-09-18 10:05:00,106.8,106.84,106.8,106.84,300.0
2017-09-18 10:06:00,106.85,106.85,106.85,106.85,100.0
2017-09-18 10:07:00,106.76100000000001,106.85,106.76100000000001,106.84,1400.0
2017-09-18 10:08:00,106.8461,106.8461,106.8164,106.8164,425.0
2017-09-18 10:09:00,106.87,106.9,106.85,106.85,1100.0
2017-09-18 10:10:00,106.8896,106.8896,106.8896,106.8896,100.0
2017-09-18 10:11:00,106.86,106.86,106.86,106.86,100.0
2017-09-18 10:12:00,107.0,107.0,106.92,106.92,2152.0
2017-09-18 10:13:00,106.88,106.9484,106.88,106.94,1110.0
2017-09-18 10:16:00,106.86,106.9179,106.86,106.9179,400.0
2017-09-18 10:18:00,106.81,106.85,106.81,106.85,300.0
2017-09-18 10:19:00,106.85,106.85,106.78,106.78,255.0
2017-09-18 10:20:00,106.83,106.83,106.79,106.82,1400.0
2017-09-18 10:21:00,106.85,106.9,106.805,106.805,2300.0
2017-09-18 10:22:00,106.83,106.83,106.82,106.82,352.0
2017-09-18 10:23:00,106.88,106.88,106.84,106.86,800.0
2017-09-18 10:24:00,106.9,106.9,106.88,106.88,200.0
2017-09-18 10:25:00,106.92,106.92,106.87,106.87,500.0
2017-09-18 10:26:00,106.8832,106.89,106.8832,106.89,361.0
2017-09-18 10:27:00,106.84,106.84,106.84,106.84,100.0
2017-09-18 10:28:00,106.77600000000001,106.815,106.77600000000001,106.815,330.0
2017-09-18 10:29:00,106.875,106.875,106.82,106.83,1000.0
2017-09-18 10:30:00,106.86,106.86,106.86,106.86,200.0
2017-09-18 10:31:00,106.89,106.89,106.89,106.89,100.0
2017-09-18 10:33:00,106.86,106.91,106.85,106.91,700.0
2017-09-18 10:35:00,106.86,106.86,106.86,106.86,300.0
2017-09-18 10:36:00,106.89,106.89,106.86,106.86,700.0
2017-09-18 10:37:00,106.85,106.85,106.83,106.85,600.0
2017-09-18 10:38:00,106.82,106.82,106.82,106.82,100.0
2017-09-18 10:40:00,106.84,106.84,106.83,106.83,200.0
2017-09-18 10:41:00,106.85,106.85,106.85,106.85,100.0
2017-09-18 10:42:00,106.8,106.84,106.8,106.84,700.0
2017-09-18 10:43:00,106.86,106.88,106.83,106.83,1205.0
2017-09-18 10:44:00,106.87,106.87,106.85,106.85,200.0
2017-09-18 10:45:00,106.87,106.87,106.87,106.87,100.0
2017-09-18 10:46:00,106.9,106.9172,106.88,106.88,407.0
2017-09-18 10:47:00,106.9,106.9,106.9,106.9,100.0
2017-09-18 10:48:00,106.96,106.96,106.92,106.92,1300.0
2017-09-18 10:49:00,106.95,106.95,106.9,106.93,1042.0
2017-09-18 10:50:00,106.99,106.99,106.92,106.93,1100.0
2017-09-18 10:51:00,106.93,106.96,106.9,106.96,1471.0
2017-09-18 10:52:00,106.96,106.96,106.96,106.96,100.0
2017-09-18 10:53:00,106.96,107.0,106.9,106.9,800.0
2017-09-18 10:54:00,106.92,106.96,106.92,106.96,400.0
2017-09-18 10:55:00,106.95,106.95,106.95,106.95,100.0
2017-09-18 10:57:00,106.99,106.99,106.95,106.96,520.0
2017-09-18 10:58:00,106.89,106.95,106.89,106.95,1100.0
2017-09-18 10:59:00,106.92,106.92,106.92,106.92,100.0
2017-09-18 11:00:00,106.85,106.86,106.85,106.86,400.0
2017-09-18 11:01:00,106.79,106.87,106.79,106.84,500.0
2017-09-18 11:02:00,106.8,106.8,106.77,106.77,916.0
2017-09-18 11:03:00,106.73,106.84,106.73,106.84,400.0
2017-09-18 11:04:00,106.7595,106.7595,106.74,106.74,1100.0
2017-09-18 11:05:00,106.66,106.7005,106.66,106.7,1000.0
2017-09-18 11:07:00,106.62,106.65,106.62,106.62,800.0
2017-09-18 11:09:00,106.56,106.56,106.56,106.56,100.0
2017-09-18 11:10:00,106.64,106.64,106.64,106.64,100.0
2017-09-18 11:11:00,106.55,106.56,106.55,106.56,500.0
2017-09-18 11:12:00,106.56,106.56,106.56,106.56,250.0
2017-09-18 11:13:00,106.63,106.63,106.5,106.59,3446.0
2017-09-18 11:14:00,106.5888,106.6,106.58,106.6,450.0
2017-09-18 11:15:00,106.63,106.63,106.6023,106.6023,200.0
2017-09-18 11:17:00,106.57,106.64,106.57,106.6103,1290.0
2017-09-18 11:20:00,106.54,106.54,106.54,106.54,264.0
2017-09-18 11:21:00,106.51,106.51,106.51,106.51,100.0
2017-09-18 11:22:00,106.54,106.57,106.51,106.51,1200.0
2017-09-18 11:23:00,106.5,106.59,106.5,106.59,1200.0
2017-09-18 11:24:00,106.55,106.55,106.55,106.55,100.0
2017-09-18 11:25:00,106.48,106.55,106.48,106.55,888.0
2017-09-18 11:28:00,106.47,106.5056,106.47,106.5056,350.0
2017-09-18 11:29:00,106.5089,106.52,106.47,106.47,500.0
2017-09-18 11:30:00,106.48,106.48,106.48,106.48,300.0
2017-09-18 11:31:00,106.5,106.53,106.5,106.51,1000.0
2017-09-18 11:32:00,106.58,106.58,106.56,106.56,300.0
2017-09-18 11:34:00,106.6,106.6,106.5659,106.5659,2300.0
2017-09-18 11:35:00,106.55,106.55,106.54,106.55,300.0
2017-09-18 11:36:00,106.52,106.5411,106.52,106.5411,400.0
2017-09-18 11:37:00,106.54,106.57,106.54,106.545,1100.0
2017-09-18 11:39:00,106.52,106.52,106.52,106.52,100.0
2017-09-18 11:40:00,106.47,106.52,106.47,106.52,500.0
2017-09-18 11:41:00,106.45,106.53,106.45,106.45,1648.0
2017-09-18 11:42:00,106.5,106.5,106.5,106.5,100.0
2017-09-18 11:43:00,106.48,106.48,106.48,106.48,100.0
2017-09-18 11:44:00,106.5,106.51,106.5,106.5099,1232.0
2017-09-18 11:45:00,106.51,106.51,106.51,106.51,100.0
2017-09-18 11:46:00,106.4628,106.4628,106.4628,106.4628,400.0
2017-09-18 11:48:00,106.48,106.51,106.48,106.51,900.0
2017-09-18 11:49:00,106.4948,106.4948,106.4948,106.4948,150.0
2017-09-18 11:50:00,106.52,106.52,106.47,106.47,300.0
2017-09-18 11:51:00,106.5,106.525,106.5,106.52,500.0
2017-09-18 11:52:00,106.54,106.54,106.54,106.54,100.0
2017-09-18 11:53:00,106.56,106.56,106.56,106.56,100.0
2017-09-18 11:54:00,106.59,106.59,106.58,106.58,1000.0
2017-09-18 11:55:00,106.51,106.58,106.51,106.54,690.0
2017-09-18 11:56:00,106.49,106.49,106.49,106.49,300.0
2017-09-18 11:57:00,106.52,106.5825,106.52,106.58,691.0
2017-09-18 11:58:00,106.63,106.63,106.59,106.59,200.0
2017-09-18 11:59:00,106.54,106.64,106.54,106.64,651.0
2017-09-18 12:00:00,106.52,106.58,106.5124,106.5124,727.0
2017-09-18 12:01:00,106.5357,106.5357,106.5357,106.5357,100.0
2017-09-18 12:03:00,106.51,106.55,106.51,106.55,200.0
2017-09-18 12:04:00,106.55,106.56,106.5,106.5,800.0
2017-09-18 12:05:00,106.57,106.57,106.56,106.56,200.0
2017-09-18 12:06:00,106.54,106.57,106.54,106.57,500.0
2017-09-18 12:11:00,106.53,106.58,106.53,106.58,200.0
2017-09-18 12:12:00,106.531,106.56,106.53,106.53,1575.0
2017-09-18 12:14:00,106.56,106.56,106.56,106.56,100.0
2017-09-18 12:15:00,106.54,106.57,106.53,106.53,3670.0
2017-09-18 12:16:00,106.56,106.59,106.56,106.57,1500.0
2017-09-18 12:17:00,106.55,106.59,106.55,106.58,700.0
2017-09-18 12:18:00,106.52,106.52,106.52,106.52,100.0
2017-09-18 12:19:00,106.54,106.54,106.54,106.54,300.0
2017-09-18 12:20:00,106.5,106.5,106.47,106.5,800.0
2017-09-18 12:21:00,106.5,106.5,106.46,106.47,600.0
2017-09-18 12:22:00,106.5395,106.5395,106.515,106.5197,1258.0
2017-09-18 12:23:00,106.515,106.515,106.515,106.515,100.0
2017-09-18 12:25:00,106.53,106.53,106.53,106.53,324.0
2017-09-18 12:26:00,106.51,106.51,106.51,106.51,202.0
2017-09-18 12:27:00,106.51,106.53,106.51,106.52,300.0
2017-09-18 12:28:00,106.47,106.48,106.47,106.48,200.0
2017-09-18 12:29:00,106.44,106.476,106.44,106.476,250.0
2017-09-18 12:30:00,106.39,106.44,106.39,106.44,1200.0
2017-09-18 12:31:00,106.44,106.46,106.38,106.38,1800.0
2017-09-18 12:32:00,106.48,106.48,106.48,106.48,200.0
2017-09-18 12:34:00,106.48,106.48,106.48,106.48,100.0
2017-09-18 12:35:00,106.49,106.49,106.49,106.49,100.0
2017-09-18 12:36:00,106.44,106.49,106.44,106.49,600.0
2017-09-18 12:37:00,106.47,106.47,106.46,106.46,500.0
2017-09-18 12:40:00,106.41,106.42,106.4,106.42,700.0
2017-09-18 12:41:00,106.4,106.41,106.4,106.41,400.0
2017-09-18 12:42:00,106.43,106.43,106.41,106.41,625.0
2017-09-18 12:43:00,106.44,106.44,106.43,106.43,300.0
2017-09-18 12:44:00,106.4748,106.49,106.41,106.45,2700.0
2017-09-18 12:45:00,106.5,106.5,106.46,106.48,900.0
2017-09-18 12:46:00,106.4696,106.5,106.4696,106.5,1157.0
2017-09-18 12:47:00,106.46,106.46,106.4,106.45,1800.0
2017-09-18 12:48:00,106.42,106.44,106.42,106.44,500.0
2017-09-18 12:49:00,106.42,106.46,106.42,106.45,2900.0
2017-09-18 12:50:00,106.45,106.45,106.45,106.45,1600.0
2017-09-18 12:51:00,106.32,106.41,106.19,106.41,6753.0
2017-09-18 12:52:00,106.39,106.39,106.39,106.39,300.0
2017-09-18 12:53:00,106.4,106.4048,106.38,106.4048,3430.0
2017-09-18 12:54:00,106.34,106.39,106.34,106.36,869.0
2017-09-18 12:57:00,106.34,106.36,106.34,106.36,1200.0
2017-09-18 12:59:00,106.4,106.4,106.37,106.37,500.0
2017-09-18 13:00:00,106.38,106.38,106.38,106.38,100.0
2017-09-18 13:01:00,106.38,106.41,106.38,106.41,400.0
2017-09-18 13:02:00,106.36,106.37,106.34,106.36,600.0
2017-09-18 13:03:00,106.32,106.32,106.32,106.32,100.0
2017-09-18 13:04:00,106.32,106.33,106.32,106.33,300.0
2017-09-18 13:05:00,106.36,106.36,106.36,106.36,100.0
2017-09-18 13:06:00,106.36,106.36,106.35,106.35,200.0
2017-09-18 13:07:00,106.34,106.34,106.31,106.32,700.0
2017-09-18 13:08:00,106.33,106.33,106.32,106.32,300.0
2017-09-18 13:10:00,106.26,106.31,106.26,106.31,500.0
2017-09-18 13:12:00,106.26,106.31,106.26,106.26,300.0
2017-09-18 13:13:00,106.315,106.315,106.26,106.26,1400.0
2017-09-18 13:14:00,106.28,106.29,106.28,106.29,300.0
2017-09-18 13:15:00,106.2726,106.31,106.27,106.31,961.0
2017-09-18 13:17:00,106.275,106.32,106.275,106.295,641.0
2017-09-18 13:18:00,106.29,106.3,106.28,106.2811,1550.0
2017-09-18 13:20:00,106.26,106.32,106.26,106.32,400.0
2017-09-18 13:21:00,106.295,106.32,106.26,106.27,1209.0
2017-09-18 13:23:00,106.32,106.32,106.32,106.32,100.0
2017-09-18 13:24:00,106.32,106.32,106.32,106.32,100.0
2017-09-18 13:25:00,106.32,106.32,106.31,106.32,600.0
2017-09-18 13:26:00,106.32,106.32,106.31,106.31,600.0
2017-09-18 13:27:00,106.36,106.36,106.32,106.32,400.0
2017-09-18 13:28:00,106.37,106.37,106.37,106.37,100.0
2017-09-18 13:29:00,106.33,106.39,106.33,106.39,200.0
2017-09-18 13:30:00,106.38,106.38,106.38,106.38,100.0
2017-09-18 13:31:00,106.4099,106.4099,106.4099,106.4099,200.0
2017-09-18 13:32:00,106.4,106.41,106.4,106.41,200.0
2017-09-18 13:34:00,106.355,106.355,106.355,106.355,100.0
2017-09-18 13:35:00,106.3,106.34,106.29,106.34,1600.0
2017-09-18 13:36:00,106.35,106.35,106.35,106.35,100.0
2017-09-18 13:37:00,106.3201,106.37,106.3201,106.35,734.0
2017-09-18 13:38:00,106.37,106.37,106.37,106.37,100.0
2017-09-18 13:40:00,106.27,106.32,106.27,106.32,600.0
2017-09-18 13:41:00,106.31,106.31,106.31,106.31,500.0
2017-09-18 13:42:00,106.36,106.36,106.31,106.31,800.0
2017-09-18 13:43:00,106.34,106.37,106.34,106.37,400.0
2017-09-18 13:44:00,106.39,106.39,106.355,106.355,853.0
2017-09-18 13:45:00,106.38,106.39,106.38,106.39,500.0
2017-09-18 13:46:00,106.35,106.37,106.35,106.37,1300.0
2017-09-18 13:48:00,106.36,106.36,106.35,106.35,300.0
2017-09-18 13:49:00,106.3676,106.3676,106.35,106.35,550.0
2017-09-18 13:50:00,106.35,106.35,106.34,106.35,1200.0
2017-09-18 13:51:00,106.38,106.38,106.35,106.365,1125.0
2017-09-18 13:52:00,106.37,106.39,106.37,106.39,800.0
2017-09-18 13:53:00,106.38,106.38,106.38,106.38,350.0
2017-09-18 13:54:00,106.38,106.39,106.38,106.38,1100.0
2017-09-18 13:55:00,106.35,106.35,106.35,106.35,500.0
2017-09-18 13:56:00,106.33,106.35,106.33,106.35,700.0
2017-09-18 13:57:00,106.33,106.33,106.31,106.31,900.0
2017-09-18 13:58:00,106.26,106.3,106.26,106.3,500.0
2017-09-18 13:59:00,106.2594,106.2594,106.2594,106.2594,406.0
2017-09-18 14:00:00,106.28,106.29,106.28,106.29,300.0
2017-09-18 14:01:00,106.24,106.28,106.22,106.28,2064.0
2017-09-18 14:02:00,106.3,106.3,106.24,106.24,800.0
2017-09-18 14:04:00,106.27,106.275,106.24,106.275,300.0
2017-09-18 14:05:00,106.255,106.28,106.24,106.24,500.0
2017-09-18 14:06:00,106.25,106.29,106.25,106.29,245.0
2017-09-18 14:07:00,106.26,106.28,106.26,106.28,649.0
2017-09-18 14:08:00,106.29,106.29,106.2663,106.2663,1389.0
2017-09-18 14:09:00,106.3033,106.3033,106.3033,106.3033,265.0
2017-09-18 14:10:00,106.28,106.29,106.28,106.29,400.0
2017-09-18 14:12:00,106.26,106.29,106.26,106.29,200.0
2017-09-18 14:13:00,106.28,106.28,106.25,106.26,800.0
2017-09-18 14:14:00,106.26,106.28,106.26,106.28,700.0
2017-09-18 14:15:00,106.2664,106.2664,106.24,106.24,400.0
2017-09-18 14:16:00,106.22,106.24,106.22,106.24,1200.0
2017-09-18 14:17:00,106.245,106.29,106.22,106.26,3432.0
2017-09-18 14:18:00,106.2,106.23,106.2,106.23,500.0
2017-09-18 14:19:00,106.13,106.19,106.13,106.19,1300.0
2017-09-18 14:20:00,106.12,106.12,106.11,106.11,200.0
2017-09-18 14:21:00,106.06,106.1,106.0462,106.1,2870.0
2017-09-18 14:22:00,106.12,106.12,106.09,106.09,500.0
2017-09-18 14:23:00,106.11,106.11,106.09,106.1,400.0
2017-09-18 14:24:00,106.1,106.12,106.1,106.12,300.0
2017-09-18 14:26:00,106.1,106.11,106.0703,106.11,454.0
2017-09-18 14:27:00,106.07600000000001,106.1001,106.07600000000001,106.1001,200.0
2017-09-18 14:29:00,106.125,106.125,106.125,106.125,100.0
2017-09-18 14:30:00,106.14,106.14,106.11,106.13,1500.0
2017-09-18 14:31:00,106.12,106.12,106.12,106.12,100.0
2017-09-18 14:32:00,106.15,106.15,106.15,106.15,100.0
2017-09-18 14:33:00,106.16,106.16,106.16,106.16,100.0
2017-09-18 14:34:00,106.15,106.16,106.13,106.16,1700.0
2017-09-18 14:35:00,106.14,106.15,106.14,106.15,384.0
2017-09-18 14:36:00,106.11,106.14,106.11,106.14,2400.0
2017-09-18 14:37:00,106.1,106.1,106.1,106.1,100.0
2017-09-18 14:38:00,106.0503,106.09,106.05,106.06,1489.0
2017-09-18 14:39:00,106.11,106.11,106.11,106.11,100.0
2017-09-18 14:40:00,106.1,106.11,106.0503,106.0503,800.0
2017-09-18 14:41:00,106.12,106.12,106.09,106.09,500.0
2017-09-18 14:43:00,106.08,106.11,106.06,106.08,2512.0
2017-09-18 14:44:00,106.1,106.11,106.0864,106.0864,705.0
2017-09-18 14:45:00,106.13,106.13,106.11,106.12,400.0
2017-09-18 14:46:00,106.13,106.14,106.12,106.14,1090.0
2017-09-18 14:47:00,106.17,106.17,106.15,106.15,700.0
2017-09-18 14:48:00,106.17,106.2179,106.17,106.19,400.0
2017-09-18 14:50:00,106.22,106.22,106.21,106.21,200.0
2017-09-18 14:51:00,106.17,106.2025,106.17,106.2025,600.0
2017-09-18 14:52:00,106.22,106.245,106.17,106.17,3867.0
2017-09-18 14:53:00,106.227,106.2522,106.22,106.2522,844.0
2017-09-18 14:54:00,106.21,106.25,106.21,106.22,625.0
2017-09-18 14:55:00,106.2216,106.24,106.2216,106.24,820.0
2017-09-18 14:56:00,106.21,106.23,106.21,106.21,1000.0
2017-09-18 14:57:00,106.235,106.24,106.22,106.22,800.0
2017-09-18 14:58:00,106.22,106.24,106.19,106.24,2616.0
2017-09-18 15:00:00,106.2,106.2,106.19,106.19,200.0
2017-09-18 15:01:00,106.21,106.21,106.17,106.205,1300.0
2017-09-18 15:02:00,106.17,106.18,106.14,106.18,1600.0
2017-09-18 15:03:00,106.21,106.21,106.21,106.21,300.0
2017-09-18 15:04:00,106.1621,106.21,106.16,106.1992,400.0
2017-09-18 15:05:00,106.22,106.23,106.22,106.23,200.0
2017-09-18 15:06:00,106.225,106.225,106.225,106.225,100.0
2017-09-18 15:07:00,106.21,106.21,106.21,106.21,100.0
2017-09-18 15:08:00,106.18,106.19,106.16,106.18,3137.0
2017-09-18 15:09:00,106.17,106.2,106.17,106.2,1100.0
2017-09-18 15:10:00,106.22,106.24,106.2,106.2,700.0
2017-09-18 15:11:00,106.19,106.235,106.19,106.235,700.0
2017-09-18 15:12:00,106.24,106.25,106.2,106.225,1000.0
2017-09-18 15:13:00,106.22,106.22,106.22,106.22,100.0
2017-09-18 15:14:00,106.23,106.23,106.22,106.22,300.0
2017-09-18 15:15:00,106.22,106.22,106.21,106.22,2402.0
2017-09-18 15:16:00,106.23,106.23,106.23,106.23,200.0
2017-09-18 15:17:00,106.22,106.23,106.19,106.2,1400.0
2017-09-18 15:18:00,106.22,106.23,106.22,106.22,2002.0
2017-09-18 15:19:00,106.2,106.23,106.2,106.23,1478.0
2017-09-18 15:20:00,106.21,106.21,106.2,106.2,500.0
2017-09-18 15:21:00,106.19,106.21,106.19,106.2,2184.0
2017-09-18 15:22:00,106.21,106.21,106.195,106.195,200.0
2017-09-18 15:23:00,106.22,106.22,106.22,106.22,400.0
2017-09-18 15:24:00,106.26,106.27,106.225,106.24,2335.0
2017-09-18 15:25:00,106.28,106.29,106.26,106.26,1608.0
2017-09-18 15:26:00,106.26,106.29,106.26,106.29,800.0
2017-09-18 15:27:00,106.27,106.27,106.25,106.26,1700.0
2017-09-18 15:28:00,106.28,106.28,106.26,106.26,785.0
2017-09-18 15:29:00,106.3,106.3,106.27,106.3,1094.0
2017-09-18 15:30:00,106.3,106.32,106.3,106.3,1000.0
2017-09-18 15:31:00,106.32,106.32,106.29,106.31,5525.0
2017-09-18 15:32:00,106.305,106.31,106.305,106.31,200.0
2017-09-18 15:33:00,106.34,106.36,106.31,106.31,1300.0
2017-09-18 15:34:00,106.355,106.36,106.34,106.34,900.0
2017-09-18 15:35:00,106.385,106.4,106.35,106.35,4057.0
2017-09-18 15:36:00,106.39,106.41,106.3899,106.39,2917.0
2017-09-18 15:37:00,106.41,106.41,106.39,106.4,3658.0
2017-09-18 15:38:00,106.39,106.4,106.39,106.4,1616.0
2017-09-18 15:39:00,106.4,106.4,106.39,106.39,400.0
2017-09-18 15:40:00,106.38,106.4,106.38,106.39,1000.0
2017-09-18 15:41:00,106.39,106.4,106.38,106.39,1700.0
2017-09-18 15:42:00,106.4,106.4,106.39,106.39,1210.0
2017-09-18 15:43:00,106.35,106.4,106.33,106.4,7340.0
2017-09-18 15:44:00,106.38,106.39,106.35,106.35,2100.0
2017-09-18 15:45:00,106.39,106.39,106.37,106.38,974.0
2017-09-18 15:46:00,106.33,106.37,106.33,106.37,4674.0
2017-09-18 15:47:00,106.32,106.34,106.32,106.33,2300.0
2017-09-18 15:48:00,106.33,106.35,106.32,106.33,2564.0
2017-09-18 15:49:00,106.33,106.34,106.31,106.335,4205.0
2017-09-18 15:50:00,106.3,106.34,106.27,106.33,6616.0
2017-09-18 15:51:00,106.32,106.33,106.29,106.3,5200.0
2017-09-18 15:52:00,106.34,106.34,106.31,106.31,1900.0
2017-09-18 15:53:00,106.29,106.34,106.29,106.32,3060.0
2017-09-18 15:54:00,106.275,106.3,106.25,106.29,4110.0
2017-09-18 15:55:00,106.305,106.31,106.26,106.2703,2400.0
2017-09-18 15:56:00,106.29,106.32,106.29,106.2922,6200.0
2017-09-18 15:57:00,106.28,106.31,106.28,106.29,3367.0
2017-09-18 15:58:00,106.31,106.31,106.28,106.28,4590.0
2017-09-18 15:59:00,106.28,106.32,106.27,106.31,5324.0
2017-09-18 16:00:00,106.3,106.32,106.24,106.28,14790.0
2017-09-19 09:30:00,106.29,106.29,106.29,106.29,3010.0
2017-09-19 09:31:00,106.5959,106.5959,106.5959,106.5959,100.0
2017-09-19 09:34:00,106.255,106.4966,106.255,106.4966,2200.0
2017-09-19 09:35:00,106.465,106.465,106.265,106.265,400.0
2017-09-19 09:36:00,106.47,106.47,106.47,106.47,300.0
2017-09-19 09:37:00,106.615,106.615,106.615,106.615,100.0
2017-09-19 09:38:00,106.59,106.59,106.59,106.59,100.0
2017-09-19 09:39:00,106.47,106.47,106.44,106.47,1024.0
2017-09-19 09:40:00,106.51,106.52,106.46,106.46,2100.0
2017-09-19 09:42:00,106.5,106.51,106.5,106.51,750.0
2017-09-19 09:43:00,106.54,106.54,106.52,106.52,700.0
2017-09-19 09:44:00,106.56,106.56,106.51,106.55,1900.0
2017-09-19 09:45:00,106.57,106.57,106.57,106.57,600.0
2017-09-19 09:46:00,106.62,106.69,106.58,106.58,4833.0
2017-09-19 09:47:00,106.66,106.66,106.62,106.65,700.0
2017-09-19 09:48:00,106.62,106.66,106.62,106.66,2100.0
2017-09-19 09:49:00,106.6,106.6,106.6,106.6,200.0
2017-09-19 09:50:00,106.6177,106.6177,106.61,106.61,400.0
2017-09-19 09:51:00,106.55,106.55,106.55,106.55,100.0
2017-09-19 09:52:00,106.57,106.58,106.55,106.55,600.0
2017-09-19 09:53:00,106.53,106.57,106.53,106.57,300.0
2017-09-19 09:56:00,106.506,106.506,106.506,106.506,140.0
2017-09-19 09:57:00,106.5387,106.59,106.5387,106.55,3439.0
2017-09-19 09:58:00,106.65,106.67,106.58,106.58,1414.0
2017-09-19 09:59:00,106.57,106.62,106.57,106.62,400.0
2017-09-19 10:00:00,106.52,106.6,106.52,106.59,2068.0
2017-09-19 10:01:00,106.63,106.63,106.58,106.58,1550.0
2017-09-19 10:02:00,106.6008,106.6075,106.6,106.6,1200.0
2017-09-19 10:03:00,106.57,106.65,106.57,106.65,600.0
2017-09-19 10:04:00,106.63,106.63,106.575,106.575,1800.0
2017-09-19 10:05:00,106.5983,106.5983,106.5983,106.5983,179.0
2017-09-19 10:06:00,106.58,106.6,106.58,106.6,900.0
2017-09-19 10:07:00,106.54,106.58,106.54,106.58,900.0
2017-09-19 10:10:00,106.56,106.56,106.48,106.54,3721.0
2017-09-19 10:11:00,106.6,106.61,106.6,106.6,300.0
2017-09-19 10:12:00,106.59,106.6,106.59,106.6,500.0
2017-09-19 10:13:00,106.56,106.56,106.56,106.56,100.0
2017-09-19 10:14:00,106.52,106.54,106.52,106.54,1458.0
2017-09-19 10:15:00,106.41,106.41,106.41,106.41,100.0
2017-09-19 10:17:00,106.47,106.47,106.46,106.47,1050.0
2017-09-19 10:19:00,106.5302,106.56,106.52,106.52,1886.0
2017-09-19 10:20:00,106.49,106.5,106.49,106.5,200.0
2017-09-19 10:21:00,106.57,106.57,106.49,106.49,1200.0
2017-09-19 10:22:00,106.61,106.65,106.61,106.62,1200.0
2017-09-19 10:23:00,106.59,106.6022,106.59,106.6022,384.0
2017-09-19 10:24:00,106.55,106.57,106.55,106.57,200.0
2017-09-19 10:25:00,106.5391,106.5391,106.5391,106.5391,100.0
2017-09-19 10:26:00,106.59,106.59,106.54,106.54,428.0
2017-09-19 10:27:00,106.54,106.54,106.54,106.54,200.0
2017-09-19 10:28:00,106.51,106.51899999999999,106.51,106.51899999999999,600.0
2017-09-19 10:30:00,106.51,106.51,106.51,106.51,300.0
2017-09-19 10:31:00,106.46,106.5,106.46,106.46,400.0
2017-09-19 10:33:00,106.45,106.46,106.45,106.46,600.0
2017-09-19 10:34:00,106.43,106.43,106.43,106.43,100.0
2017-09-19 10:35:00,106.4334,106.4334,106.39,106.42,1400.0
2017-09-19 10:36:00,106.55,106.55,106.445,106.45,1032.0
2017-09-19 10:37:00,106.48,106.55,106.48,106.55,456.0
2017-09-19 10:39:00,106.46,106.46,106.46,106.46,100.0
2017-09-19 10:40:00,106.4,106.4,106.39,106.39,200.0
2017-09-19 10:41:00,106.39,106.39,106.39,106.39,300.0
2017-09-19 10:42:00,106.39,106.39,106.39,106.39,100.0
2017-09-19 10:43:00,106.42,106.425,106.42,106.425,400.0
2017-09-19 10:44:00,106.455,106.47,106.42,106.42,2400.0
2017-09-19 10:45:00,106.45,106.45,106.45,106.45,100.0
2017-09-19 10:46:00,106.44,106.44,106.44,106.44,200.0
2017-09-19 10:47:00,106.425,106.43,106.425,106.43,320.0
2017-09-19 10:48:00,106.4,106.42,106.4,106.42,600.0
2017-09-19 10:50:00,106.36,106.43,106.36,106.4287,1109.0
2017-09-19 10:51:00,106.365,106.39,106.32,106.34,3800.0
2017-09-19 10:52:00,106.35,106.39,106.35,106.39,600.0
2017-09-19 10:55:00,106.41,106.41,106.365,106.38,1304.0
2017-09-19 10:56:00,106.42,106.42,106.42,106.42,200.0
2017-09-19 10:57:00,106.36,106.38,106.36,106.38,500.0
2017-09-19 10:58:00,106.33,106.36,106.33,106.36,200.0
2017-09-19 10:59:00,106.3,106.33,106.3,106.33,400.0
2017-09-19 11:01:00,106.23,106.289,106.23,106.289,2000.0
2017-09-19 11:02:00,106.19,106.23,106.19,106.21,1100.0
2017-09-19 11:03:00,106.205,106.205,106.15,106.17,1300.0
2017-09-19 11:04:00,106.25,106.25,106.21,106.21,600.0
2017-09-19 11:05:00,106.26,106.32,106.26,106.32,1000.0
2017-09-19 11:07:00,106.24,106.24,106.24,106.24,100.0
2017-09-19 11:08:00,106.25,106.25,106.21,106.21,500.0
2017-09-19 11:09:00,106.25,106.25,106.25,106.25,100.0
2017-09-19 11:10:00,106.16,106.27,106.16,106.27,500.0
2017-09-19 11:11:00,106.08,106.08,106.08,106.08,200.0
2017-09-19 11:15:00,106.08,106.08,106.08,106.08,200.0
2017-09-19 11:16:00,106.16,106.16,106.08,106.08,1400.0
2017-09-19 11:17:00,106.15,106.19,106.15,106.185,1596.0
2017-09-19 11:18:00,106.2,106.22,106.15,106.15,1706.0
2017-09-19 11:19:00,106.16,106.16,106.16,106.16,200.0
2017-09-19 11:20:00,106.14,106.19,106.14,106.16,336.0
2017-09-19 11:22:00,106.14,106.16,106.13,106.15,1300.0
2017-09-19 11:23:00,106.13,106.13,106.13,106.13,200.0
2017-09-19 11:25:00,106.1236,106.1236,106.09,106.12,420.0
2017-09-19 11:26:00,106.1,106.1333,106.1,106.1333,717.0
2017-09-19 11:27:00,106.17,106.17,106.14,106.14,1200.0
2017-09-19 11:28:00,106.2,106.2,106.16,106.17,1648.0
2017-09-19 11:29:00,106.15,106.1801,106.15,106.18,2270.0
2017-09-19 11:30:00,106.1501,106.16,106.15,106.16,986.0
2017-09-19 11:31:00,106.2,106.2,106.14,106.14,1400.0
2017-09-19 11:32:00,106.17,106.2099,106.17,106.2075,1211.0
2017-09-19 11:33:00,106.14,106.16,106.14,106.16,300.0
2017-09-19 11:34:00,106.13,106.13,106.13,106.13,150.0
2017-09-19 11:35:00,106.1,106.13,106.1,106.13,1100.0
2017-09-19 11:36:00,106.08,106.11,106.08,106.11,600.0
2017-09-19 11:37:00,106.08,106.08,106.08,106.08,200.0
2017-09-19 11:38:00,106.02,106.11,106.02,106.07,2250.0
2017-09-19 11:41:00,106.03,106.03,106.03,106.03,200.0
2017-09-19 11:42:00,106.04,106.04,106.03,106.03,200.0
2017-09-19 11:43:00,106.045,106.09,106.03,106.05,8100.0
2017-09-19 11:44:00,106.053,106.053,106.03,106.03,1600.0
2017-09-19 11:45:00,106.03,106.055,106.02,106.055,1165.0
2017-09-19 11:46:00,106.16,106.16,106.04,106.04,10291.0
2017-09-19 11:47:00,106.2,106.2,106.18,106.18,800.0
2017-09-19 11:48:00,106.19,106.2,106.19,106.2,500.0
2017-09-19 11:50:00,106.16,106.26,106.16,106.26,3252.0
2017-09-19 11:52:00,106.24,106.24,106.24,106.24,200.0
2017-09-19 11:53:00,106.2828,106.2828,106.27,106.27,1163.0
2017-09-19 11:54:00,106.29,106.29,106.29,106.29,100.0
2017-09-19 11:55:00,106.22,106.29,106.22,106.29,1100.0
2017-09-19 11:56:00,106.27,106.27,106.27,106.27,100.0
2017-09-19 11:58:00,106.2,106.2,106.2,106.2,200.0
2017-09-19 12:00:00,106.1938,106.1938,106.1938,106.1938,229.0
2017-09-19 12:01:00,106.24,106.24,106.2001,106.21,1500.0
2017-09-19 12:02:00,106.18,106.27,106.18,106.27,1600.0
2017-09-19 12:06:00,106.11,106.11,106.11,106.11,100.0
2017-09-19 12:07:00,106.1,106.12,106.09,106.12,1600.0
2017-09-19 12:08:00,106.14,106.14,106.13,106.13,550.0
2017-09-19 12:10:00,106.11,106.11,106.11,106.11,100.0
2017-09-19 12:12:00,106.1,106.1,106.08,106.08,400.0
2017-09-19 12:13:00,106.1,106.1,106.09,106.09,1300.0
2017-09-19 12:15:00,106.04,106.04,106.03,106.04,900.0
2017-09-19 12:16:00,106.05,106.07,106.05,106.06,700.0
2017-09-19 12:17:00,106.08,106.08,106.07,106.07,300.0
2017-09-19 12:18:00,106.1,106.1,106.1,106.1,100.0
2017-09-19 12:19:00,106.1,106.11,106.09,106.11,995.0
2017-09-19 12:22:00,106.07,106.08,106.07,106.08,700.0
2017-09-19 12:24:00,106.11,106.11,106.08,106.08,1051.0
2017-09-19 12:26:00,106.11,106.11,106.11,106.11,100.0
2017-09-19 12:27:00,106.11,106.11,106.11,106.11,400.0
2017-09-19 12:28:00,106.12,106.12,106.12,106.12,100.0
2017-09-19 12:29:00,106.16,106.16,106.13,106.13,600.0
2017-09-19 12:30:00,106.14,106.14,106.14,106.14,100.0
2017-09-19 12:32:00,106.16,106.16,106.14,106.15,800.0
2017-09-19 12:33:00,106.16,106.19,106.16,106.19,600.0
2017-09-19 12:35:00,106.17,106.17,106.16,106.17,700.0
2017-09-19 12:36:00,106.16,106.17,106.16,106.17,426.0
2017-09-19 12:38:00,106.17,106.1806,106.17,106.1806,1260.0
2017-09-19 12:40:00,106.15,106.1685,106.15,106.15,423.0
2017-09-19 12:43:00,106.15,106.18,106.15,106.18,1300.0
2017-09-19 12:44:00,106.15,106.15,106.13,106.14,1400.0
2017-09-19 12:45:00,106.17,106.17,106.16,106.16,400.0
2017-09-19 12:48:00,106.15,106.1668,106.15,106.1668,1100.0
2017-09-19 12:49:00,106.16,106.18,106.16,106.18,800.0
2017-09-19 12:50:00,106.1601,106.1601,106.1601,106.1601,125.0
2017-09-19 12:51:00,106.2,106.2,106.18,106.18,800.0
2017-09-19 12:53:00,106.2,106.2,106.2,106.2,100.0
2017-09-19 12:54:00,106.185,106.185,106.185,106.185,100.0
2017-09-19 12:56:00,106.19,106.19,106.19,106.19,200.0
2017-09-19 12:58:00,106.21,106.21,106.21,106.21,1202.0
2017-09-19 12:59:00,106.21,106.22,106.21,106.21,600.0
2017-09-19 13:02:00,106.18,106.19,106.18,106.19,400.0
2017-09-19 13:03:00,106.195,106.2,106.18,106.18,300.0
2017-09-19 13:04:00,106.15,106.19,106.15,106.19,2000.0
2017-09-19 13:07:00,106.18,106.18,106.15,106.16,1668.0
2017-09-19 13:08:00,106.21,106.21,106.19,106.19,200.0
2017-09-19 13:11:00,106.18,106.19,106.17,106.1701,550.0
2017-09-19 13:12:00,106.18,106.18,106.18,106.18,100.0
2017-09-19 13:13:00,106.17,106.17,106.17,106.17,100.0
2017-09-19 13:14:00,106.17,106.17,106.17,106.17,100.0
2017-09-19 13:15:00,106.17,106.17,106.17,106.17,100.0
2017-09-19 13:16:00,106.14,106.15,106.14,106.15,425.0
2017-09-19 13:18:00,106.16,106.17,106.15,106.16,1510.0
2017-09-19 13:19:00,106.14,106.14,106.14,106.14,200.0
2017-09-19 13:21:00,106.17,106.17,106.16,106.16,300.0
2017-09-19 13:22:00,106.1668,106.1668,106.1668,106.1668,1000.0
2017-09-19 13:23:00,106.17,106.17,106.16,106.16,200.0
2017-09-19 13:24:00,106.2,106.2,106.18,106.18,1467.0
2017-09-19 13:27:00,106.19,106.2,106.19,106.2,500.0
2017-09-19 13:28:00,106.19,106.19,106.18,106.18,300.0
2017-09-19 13:29:00,106.21,106.21,106.2,106.2,565.0
2017-09-19 13:32:00,106.21,106.21,106.21,106.21,100.0
2017-09-19 13:33:00,106.17,106.17,106.17,106.17,200.0
2017-09-19 13:34:00,106.18,106.18,106.17,106.17,200.0
2017-09-19 13:35:00,106.18,106.18,106.18,106.18,200.0
2017-09-19 13:36:00,106.18,106.18,106.18,106.18,200.0
2017-09-19 13:37:00,106.17,106.17,106.17,106.17,100.0
2017-09-19 13:38:00,106.22,106.22,106.17,106.17,300.0
2017-09-19 13:39:00,106.18,106.18,106.18,106.18,200.0
2017-09-19 13:40:00,106.17,106.17,106.17,106.17,100.0
2017-09-19 13:41:00,106.17,106.17,106.17,106.17,100.0
2017-09-19 13:42:00,106.1953,106.1953,106.18,106.18,368.0
2017-09-19 13:43:00,106.21,106.21,106.2,106.2,1400.0
2017-09-19 13:44:00,106.25,106.25,106.22,106.22,800.0
2017-09-19 13:46:00,106.25,106.25,106.25,106.25,100.0
2017-09-19 13:49:00,106.25,106.2666,106.25,106.2666,2534.0
2017-09-19 13:50:00,106.26,106.26,106.26,106.26,460.0
2017-09-19 13:51:00,106.25,106.25,106.25,106.25,200.0
2017-09-19 13:54:00,106.26,106.27,106.26,106.27,919.0
2017-09-19 13:55:00,106.28,106.28,106.28,106.28,100.0
2017-09-19 13:58:00,106.24,106.28,106.24,106.28,1390.0
2017-09-19 13:59:00,106.22,106.2391,106.22,106.2391,1000.0
2017-09-19 14:00:00,106.23,106.23,106.23,106.23,100.0
2017-09-19 14:01:00,106.23,106.23,106.23,106.23,200.0
2017-09-19 14:02:00,106.18,106.18,106.18,106.18,400.0
2017-09-19 14:03:00,106.17,106.205,106.17,106.205,609.0
2017-09-19 14:05:00,106.19,106.19,106.1872,106.1872,1200.0
2017-09-19 14:06:00,106.22,106.23,106.18,106.18,2508.0
2017-09-19 14:07:00,106.3,106.3,106.25,106.25,700.0
2017-09-19 14:08:00,106.305,106.305,106.3,106.3,503.0
2017-09-19 14:09:00,106.33,106.34,106.31,106.31,500.0
2017-09-19 14:10:00,106.31,106.33,106.31,106.33,210.0
2017-09-19 14:11:00,106.3159,106.3325,106.31,106.325,700.0
2017-09-19 14:12:00,106.32700000000001,106.32700000000001,106.32700000000001,106.32700000000001,200.0
2017-09-19 14:13:00,106.32,106.32,106.32,106.32,500.0
2017-09-19 14:14:00,106.36,106.36,106.31,106.32,1300.0
2017-09-19 14:15:00,106.34,106.36,106.32,106.32,795.0
2017-09-19 14:16:00,106.34,106.34,106.34,106.34,100.0
2017-09-19 14:18:00,106.365,106.37,106.35,106.35,725.0
2017-09-19 14:19:00,106.365,106.38,106.36,106.37,2100.0
2017-09-19 14:20:00,106.38,106.38,106.38,106.38,203.0
2017-09-19 14:21:00,106.36,106.36,106.36,106.36,100.0
2017-09-19 14:22:00,106.37,106.37,106.35,106.365,300.0
2017-09-19 14:23:00,106.29,106.36,106.15,106.35,13026.0
2017-09-19 14:24:00,105.99,106.29,105.99,106.29,9797.0
2017-09-19 14:25:00,106.15,106.17,106.03,106.06,1815.0
2017-09-19 14:26:00,106.06,106.18,105.98,106.18,6200.0
2017-09-19 14:27:00,106.13,106.18,106.1,106.1,2700.0
2017-09-19 14:28:00,106.18,106.19,106.15,106.16,1800.0
2017-09-19 14:29:00,106.2,106.2,106.2,106.2,100.0
2017-09-19 14:30:00,106.16,106.21,106.16,106.2,600.0
2017-09-19 14:31:00,106.26,106.26,106.18,106.19,2900.0
2017-09-19 14:32:00,106.3001,106.38,106.27,106.27,3035.0
2017-09-19 14:34:00,106.35,106.36,106.35,106.35,1000.0
2017-09-19 14:35:00,106.46,106.47,106.44,106.44,1200.0
2017-09-19 14:36:00,106.545,106.6,106.43,106.46,4415.0
2017-09-19 14:37:00,106.499,106.499,106.48,106.48,2190.0
2017-09-19 14:38:00,106.51,106.5187,106.5,106.5,2039.0
2017-09-19 14:39:00,106.51,106.51,106.48,106.48,900.0
2017-09-19 14:41:00,106.56,106.56,106.52,106.52,700.0
2017-09-19 14:42:00,106.57,106.57,106.51,106.52,2900.0
2017-09-19 14:43:00,106.61,106.61,106.6,106.6,200.0
2017-09-19 14:44:00,106.61,106.62,106.58,106.62,4150.0
2017-09-19 14:45:00,106.6,106.6,106.58,106.58,2200.0
2017-09-19 14:46:00,106.62,106.62,106.6,106.61,600.0
2017-09-19 14:47:00,106.605,106.61,106.6,106.6,883.0
2017-09-19 14:48:00,106.66,106.66,106.605,106.62,2000.0
2017-09-19 14:49:00,106.66,106.67,106.66,106.67,800.0
2017-09-19 14:50:00,106.65,106.66,106.65,106.66,614.0
2017-09-19 14:52:00,106.7,106.7,106.64,106.64,2100.0
2017-09-19 14:53:00,106.67,106.76,106.67,106.71,3471.0
2017-09-19 14:55:00,106.67,106.67,106.67,106.67,100.0
2017-09-19 14:56:00,106.64,106.67,106.61,106.67,1926.0
2017-09-19 14:57:00,106.6071,106.6071,106.6071,106.6071,100.0
2017-09-19 14:58:00,106.63,106.63,106.6,106.6,1136.0
2017-09-19 14:59:00,106.64,106.68,106.625,106.625,2945.0
2017-09-19 15:00:00,106.61,106.63,106.61,106.63,500.0
2017-09-19 15:01:00,106.62,106.62,106.59,106.61,1936.0
2017-09-19 15:02:00,106.61,106.65,106.6,106.6204,3079.0
2017-09-19 15:03:00,106.58,106.59,106.58,106.59,600.0
2017-09-19 15:04:00,106.585,106.6,106.56,106.58,2700.0
2017-09-19 15:05:00,106.55,106.58,106.55,106.58,600.0
2017-09-19 15:06:00,106.53,106.53,106.53,106.53,100.0
2017-09-19 15:07:00,106.48,106.53,106.48,106.53,2000.0
2017-09-19 15:08:00,106.43,106.46,106.43,106.46,300.0
2017-09-19 15:09:00,106.43,106.43,106.43,106.43,100.0
2017-09-19 15:10:00,106.44,106.48,106.43,106.43,4243.0
2017-09-19 15:11:00,106.41,106.44,106.41,106.4266,2019.0
2017-09-19 15:12:00,106.42,106.46,106.42,106.43,3200.0
2017-09-19 15:13:00,106.48,106.48,106.44,106.44,2900.0
2017-09-19 15:14:00,106.48,106.5,106.47,106.48,1300.0
2017-09-19 15:16:00,106.47,106.47,106.47,106.47,100.0
2017-09-19 15:17:00,106.47,106.47,106.47,106.47,507.0
2017-09-19 15:18:00,106.46,106.47,106.46,106.47,2000.0
2017-09-19 15:19:00,106.47,106.47,106.45,106.455,1800.0
2017-09-19 15:20:00,106.49,106.49,106.48,106.48,400.0
2017-09-19 15:21:00,106.5275,106.5275,106.5,106.51,1700.0
2017-09-19 15:22:00,106.56,106.57,106.52,106.53,11553.0
2017-09-19 15:23:00,106.61,106.61,106.56,106.56,1200.0
2017-09-19 15:24:00,106.61,106.61,106.61,106.61,200.0
2017-09-19 15:25:00,106.61,106.61,106.6,106.61,800.0
2017-09-19 15:26:00,106.65,106.65,106.6,106.6,1700.0
2017-09-19 15:27:00,106.615,106.6596,106.615,106.6596,3365.0
2017-09-19 15:28:00,106.61,106.65,106.61,106.63,1707.0
2017-09-19 15:29:00,106.615,106.615,106.61,106.61,1223.0
2017-09-19 15:30:00,106.55,106.63,106.55,106.63,2400.0
2017-09-19 15:31:00,106.55,106.55,106.54,106.55,1600.0
2017-09-19 15:32:00,106.57,106.58,106.56,106.56,1814.0
2017-09-19 15:33:00,106.5899,106.59,106.565,106.565,1946.0
2017-09-19 15:34:00,106.6,106.6,106.55,106.57,5256.0
2017-09-19 15:35:00,106.61,106.61,106.605,106.605,700.0
2017-09-19 15:36:00,106.6,106.61,106.6,106.61,4400.0
2017-09-19 15:37:00,106.61,106.61,106.6,106.6,2733.0
2017-09-19 15:38:00,106.62,106.62,106.61,106.61,500.0
2017-09-19 15:39:00,106.625,106.63,106.61,106.61,1000.0
2017-09-19 15:40:00,106.63,106.63,106.61,106.62,3776.0
2017-09-19 15:41:00,106.63,106.65,106.63,106.63,1700.0
2017-09-19 15:42:00,106.58,106.62,106.58,106.62,1914.0
2017-09-19 15:43:00,106.54,106.58,106.52,106.58,3991.0
2017-09-19 15:44:00,106.53,106.53,106.52,106.52,2100.0
2017-09-19 15:45:00,106.5,106.51,106.5,106.51,2176.0
2017-09-19 15:46:00,106.41,106.49,106.37,106.49,9401.0
2017-09-19 15:47:00,106.47,106.48,106.41,106.41,3300.0
2017-09-19 15:48:00,106.49,106.49,106.46,106.48,3300.0
2017-09-19 15:49:00,106.485,106.485,106.4701,106.48,1121.0
2017-09-19 15:50:00,106.465,106.48,106.46,106.48,1500.0
2017-09-19 15:51:00,106.4,106.47,106.38,106.47,6915.0
2017-09-19 15:52:00,106.42,106.42,106.4,106.4,4723.0
2017-09-19 15:53:00,106.4,106.41,106.39,106.41,3300.0
2017-09-19 15:54:00,106.37,106.39,106.36,106.39,5070.0
2017-09-19 15:55:00,106.35,106.38,106.35,106.36,8174.0
2017-09-19 15:56:00,106.34,106.36,106.34,106.36,8700.0
2017-09-19 15:57:00,106.33,106.34,106.31,106.34,8207.0
2017-09-19 15:58:00,106.325,106.34,106.315,106.325,8150.0
2017-09-19 15:59:00,106.35,106.35,106.325,106.34,5343.0
2017-09-19 16:00:00,106.37,106.38,106.33,106.33,23731.0
2017-09-20 09:30:00,106.35,106.35,106.35,106.35,3039.0
2017-09-20 09:36:00,106.46,106.46,106.38,106.38,1500.0
2017-09-20 09:38:00,106.54,106.54,106.38,106.42,1611.0
2017-09-20 09:39:00,106.59,106.65,106.58,106.58,400.0
2017-09-20 09:42:00,106.6554,106.6554,106.6554,106.6554,1000.0
2017-09-20 09:43:00,106.69,106.79,106.69,106.79,1400.0
2017-09-20 09:46:00,106.67,106.8,106.66,106.75,884.0
2017-09-20 09:47:00,106.75,106.75,106.74,106.74,700.0
2017-09-20 09:49:00,106.75,106.75,106.75,106.75,100.0
2017-09-20 09:51:00,106.7624,106.7624,106.7624,106.7624,200.0
2017-09-20 09:54:00,106.82,106.82,106.755,106.78,1700.0
2017-09-20 09:55:00,106.71,106.78,106.71,106.78,606.0
2017-09-20 09:56:00,106.79,106.79,106.75,106.75,987.0
2017-09-20 09:59:00,106.83,106.833,106.79,106.79,880.0
2017-09-20 10:00:00,106.84,106.84,106.84,106.84,100.0
2017-09-20 10:01:00,106.82,106.87,106.82,106.87,703.0
2017-09-20 10:02:00,106.8,106.8,106.8,106.8,301.0
2017-09-20 10:04:00,106.839,106.839,106.839,106.839,307.0
2017-09-20 10:05:00,106.755,106.77,106.73,106.75,700.0
2017-09-20 10:06:00,106.82,106.82,106.74,106.74,659.0
2017-09-20 10:07:00,106.85,106.87,106.85,106.87,359.0
2017-09-20 10:08:00,106.85,106.9,106.82,106.8452,1300.0
2017-09-20 10:09:00,106.87,106.87,106.87,106.87,100.0
2017-09-20 10:10:00,106.86,106.89,106.84,106.89,590.0
2017-09-20 10:11:00,106.74,106.83,106.74,106.83,700.0
2017-09-20 10:15:00,106.73,106.73,106.73,106.73,100.0
2017-09-20 10:16:00,106.67,106.7,106.67,106.7,300.0
2017-09-20 10:17:00,106.63,106.69,106.63,106.68,500.0
2017-09-20 10:19:00,106.63,106.63,106.585,106.585,1600.0
2017-09-20 10:20:00,106.65,106.65,106.62,106.62,500.0
2017-09-20 10:21:00,106.64,106.64,106.64,106.64,100.0
2017-09-20 10:22:00,106.71,106.71,106.71,106.71,200.0
2017-09-20 10:23:00,106.675,106.675,106.67,106.67,300.0
2017-09-20 10:25:00,106.7,106.7,106.63,106.63,200.0
2017-09-20 10:27:00,106.73,106.73,106.68,106.69,600.0
2017-09-20 10:28:00,106.68,106.7281,106.68,106.7281,290.0
2017-09-20 10:29:00,106.63,106.67,106.63,106.67,400.0
2017-09-20 10:30:00,106.67,106.67,106.605,106.605,800.0
2017-09-20 10:32:00,106.68,106.68,106.63,106.63,300.0
2017-09-20 10:33:00,106.64,106.64,106.64,106.64,100.0
2017-09-20 10:34:00,106.68,106.68,106.67,106.67,300.0
2017-09-20 10:35:00,106.63,106.67,106.63,106.67,404.0
2017-09-20 10:36:00,106.7,106.7,106.65,106.65,1000.0
2017-09-20 10:37:00,106.68,106.72,106.68,106.71,1200.0
2017-09-20 10:38:00,106.71,106.71,106.71,106.71,200.0
2017-09-20 10:39:00,106.74,106.74,106.71,106.71,400.0
2017-09-20 10:40:00,106.72,106.76,106.71,106.71,1500.0
2017-09-20 10:41:00,106.705,106.71,106.7,106.7,601.0
2017-09-20 10:44:00,106.62,106.62,106.62,106.62,100.0
2017-09-20 10:45:00,106.715,106.72,106.67,106.68,801.0
2017-09-20 10:46:00,106.74,106.74,106.74,106.74,300.0
2017-09-20 10:47:00,106.735,106.74,106.7326,106.74,1300.0
2017-09-20 10:48:00,106.72,106.72,106.72,106.72,100.0
2017-09-20 10:49:00,106.71,106.72,106.7,106.72,700.0
2017-09-20 10:50:00,106.7,106.74,106.7,106.72,1600.0
2017-09-20 10:51:00,106.74,106.7549,106.73,106.73,700.0
2017-09-20 10:52:00,106.74,106.74,106.74,106.74,100.0
2017-09-20 10:53:00,106.78,106.78,106.745,106.76,692.0
2017-09-20 10:54:00,106.83,106.86,106.73,106.75,2614.0
2017-09-20 10:55:00,106.82,106.82,106.82,106.82,100.0
2017-09-20 10:56:00,106.9499,106.9499,106.835,106.835,2044.0
2017-09-20 10:57:00,107.0,107.02,106.95,106.95,1100.0
2017-09-20 10:58:00,107.11,107.11,106.98,107.0,2100.0
2017-09-20 10:59:00,107.15,107.265,107.105,107.105,2350.0
2017-09-20 11:00:00,107.17,107.17,107.13,107.15,1200.0
2017-09-20 11:01:00,107.31,107.31,107.23,107.23,400.0
2017-09-20 11:02:00,107.42,107.42,107.27,107.32,3600.0
2017-09-20 11:03:00,107.315,107.35,107.315,107.35,1100.0
2017-09-20 11:04:00,107.26,107.26,107.26,107.26,200.0
2017-09-20 11:05:00,107.315,107.34,107.26,107.26,2400.0
2017-09-20 11:07:00,107.32,107.32,107.28,107.29,1810.0
2017-09-20 11:09:00,107.36,107.36,107.31,107.31,600.0
2017-09-20 11:11:00,107.35,107.35,107.35,107.35,100.0
2017-09-20 11:12:00,107.375,107.375,107.35,107.3625,300.0
2017-09-20 11:13:00,107.4,107.4,107.4,107.4,100.0
2017-09-20 11:14:00,107.34,107.38,107.34,107.375,5355.0
2017-09-20 11:15:00,107.35,107.37,107.35,107.355,980.0
2017-09-20 11:16:00,107.35,107.35,107.33,107.34,1900.0
2017-09-20 11:17:00,107.335,107.345,107.33,107.33,3202.0
2017-09-20 11:18:00,107.28,107.33,107.22,107.33,6800.0
2017-09-20 11:19:00,107.31,107.34,107.285,107.285,1600.0
2017-09-20 11:20:00,107.34,107.34,107.31,107.31,500.0
2017-09-20 11:21:00,107.31,107.34,107.31,107.34,200.0
2017-09-20 11:22:00,107.34,107.35,107.3,107.3,400.0
2017-09-20 11:23:00,107.43,107.43,107.36,107.36,2500.0
2017-09-20 11:24:00,107.435,107.45,107.435,107.45,300.0
2017-09-20 11:25:00,107.43,107.43,107.4,107.43,1305.0
2017-09-20 11:26:00,107.4,107.4,107.4,107.4,500.0
2017-09-20 11:28:00,107.34,107.34,107.34,107.34,251.0
2017-09-20 11:29:00,107.26,107.3,107.26,107.3,800.0
2017-09-20 11:31:00,107.41,107.41,107.255,107.28,2400.0
2017-09-20 11:32:00,107.405,107.41,107.405,107.41,300.0
2017-09-20 11:33:00,107.39,107.45,107.39,107.45,200.0
2017-09-20 11:34:00,107.45,107.45,107.45,107.45,100.0
2017-09-20 11:35:00,107.45,107.45,107.4,107.44,300.0
2017-09-20 11:36:00,107.4,107.45,107.4,107.42,1000.0
2017-09-20 11:37:00,107.39,107.4,107.36,107.36,800.0
2017-09-20 11:38:00,107.44,107.44,107.4266,107.43,1700.0
2017-09-20 11:39:00,107.38,107.41,107.37,107.41,1402.0
2017-09-20 11:41:00,107.32,107.33,107.32,107.33,200.0
2017-09-20 11:42:00,107.35,107.35,107.3,107.31,1000.0
2017-09-20 11:43:00,107.38,107.39,107.38,107.39,400.0
2017-09-20 11:45:00,107.38,107.41,107.38,107.41,300.0
2017-09-20 11:46:00,107.35,107.38,107.35,107.38,200.0
2017-09-20 11:47:00,107.38,107.39,107.38,107.39,500.0
2017-09-20 11:48:00,107.4,107.4,107.4,107.4,100.0
2017-09-20 11:50:00,107.4,107.44,107.4,107.44,300.0
2017-09-20 11:51:00,107.4,107.4,107.4,107.4,100.0
2017-09-20 11:53:00,107.45,107.45,107.44,107.45,800.0
2017-09-20 11:54:00,107.4,107.44,107.4,107.44,900.0
2017-09-20 11:55:00,107.4,107.4,107.4,107.4,100.0
2017-09-20 11:56:00,107.4,107.4,107.4,107.4,100.0
2017-09-20 11:58:00,107.45,107.45,107.4,107.4,601.0
2017-09-20 11:59:00,107.35,107.445,107.35,107.445,1603.0
2017-09-20 12:00:00,107.34,107.4,107.34,107.4,200.0
2017-09-20 12:01:00,107.34,107.34,107.34,107.34,100.0
2017-09-20 12:02:00,107.43,107.43,107.33,107.33,1700.0
2017-09-20 12:03:00,107.46,107.46,107.43,107.43,300.0
2017-09-20 12:04:00,107.4,107.45,107.4,107.44,10102.0
2017-09-20 12:05:00,107.45,107.45,107.45,107.45,100.0
2017-09-20 12:06:00,107.42,107.43,107.4,107.4,1200.0
2017-09-20 12:07:00,107.41,107.41,107.37,107.3799,1149.0
2017-09-20 12:08:00,107.41,107.41,107.41,107.41,100.0
2017-09-20 12:09:00,107.33,107.35,107.33,107.35,200.0
2017-09-20 12:11:00,107.34,107.34,107.33,107.33,200.0
2017-09-20 12:12:00,107.43,107.43,107.37,107.38,1700.0
2017-09-20 12:14:00,107.43,107.44,107.43,107.43,1000.0
2017-09-20 12:15:00,107.45,107.45,107.4268,107.44,500.0
2017-09-20 12:16:00,107.46,107.46,107.46,107.46,100.0
2017-09-20 12:17:00,107.42,107.42,107.42,107.42,100.0
2017-09-20 12:18:00,107.41,107.41,107.41,107.41,100.0
2017-09-20 12:19:00,107.36,107.36,107.36,107.36,100.0
2017-09-20 12:20:00,107.36,107.385,107.36,107.385,338.0
2017-09-20 12:21:00,107.36,107.36,107.36,107.36,100.0
2017-09-20 12:22:00,107.42,107.42,107.36,107.36,2100.0
2017-09-20 12:23:00,107.44,107.44,107.44,107.44,100.0
2017-09-20 12:24:00,107.42,107.44,107.42,107.44,689.0
2017-09-20 12:26:00,107.43,107.43,107.39,107.39,900.0
2017-09-20 12:27:00,107.44,107.4422,107.43,107.4422,2300.0
2017-09-20 12:28:00,107.45,107.46,107.45,107.46,400.0
2017-09-20 12:32:00,107.4,107.4,107.38,107.38,200.0
2017-09-20 12:33:00,107.38,107.41,107.38,107.41,200.0
2017-09-20 12:34:00,107.37,107.37,107.37,107.37,500.0
2017-09-20 12:35:00,107.36,107.36,107.36,107.36,100.0
2017-09-20 12:36:00,107.355,107.355,107.355,107.355,450.0
2017-09-20 12:38:00,107.31,107.31,107.31,107.31,100.0
2017-09-20 12:39:00,107.29,107.31,107.28,107.29,400.0
2017-09-20 12:40:00,107.28,107.29,107.26,107.29,600.0
2017-09-20 12:41:00,107.26,107.27,107.26,107.27,600.0
2017-09-20 12:42:00,107.27,107.27,107.26,107.26,1100.0
2017-09-20 12:43:00,107.29,107.29,107.28,107.28,500.0
2017-09-20 12:45:00,107.3,107.3,107.26,107.26,600.0
2017-09-20 12:46:00,107.3,107.3,107.3,107.3,100.0
2017-09-20 12:47:00,107.27,107.27,107.27,107.27,200.0
2017-09-20 12:49:00,107.2,107.24,107.2,107.23,1200.0
2017-09-20 12:50:00,107.22,107.22,107.22,107.22,100.0
2017-09-20 12:52:00,107.21,107.21,107.21,107.21,300.0
2017-09-20 12:53:00,107.26,107.26,107.21,107.22,1848.0
2017-09-20 12:56:00,107.25,107.26,107.25,107.25,400.0
2017-09-20 12:58:00,107.23,107.27,107.23,107.27,300.0
2017-09-20 13:00:00,107.22,107.22,107.22,107.22,100.0
2017-09-20 13:01:00,107.27,107.27,107.22,107.22,1056.0
2017-09-20 13:03:00,107.28,107.28,107.28,107.28,100.0
2017-09-20 13:04:00,107.27,107.27,107.27,107.27,150.0
2017-09-20 13:08:00,107.24,107.27,107.23,107.26,1400.0
2017-09-20 13:10:00,107.26,107.26,107.26,107.26,100.0
2017-09-20 13:11:00,107.23,107.23,107.23,107.23,200.0
2017-09-20 13:12:00,107.25,107.25,107.25,107.25,300.0
2017-09-20 13:14:00,107.22,107.22,107.22,107.22,200.0
2017-09-20 13:15:00,107.22,107.22,107.22,107.22,100.0
2017-09-20 13:16:00,107.19,107.245,107.18,107.245,1300.0
2017-09-20 13:18:00,107.16,107.16,107.16,107.16,100.0
2017-09-20 13:19:00,107.1472,107.15,107.1472,107.15,1400.0
2017-09-20 13:21:00,107.11,107.11,107.11,107.11,100.0
2017-09-20 13:22:00,107.1,107.11,107.1,107.11,400.0
2017-09-20 13:23:00,107.1,107.1,107.1,107.1,100.0
2017-09-20 13:25:00,107.11,107.11,107.06,107.06,700.0
2017-09-20 13:26:00,107.11,107.11,107.1,107.11,700.0
2017-09-20 13:27:00,107.1,107.1,107.1,107.1,100.0
2017-09-20 13:29:00,107.13,107.13,107.1,107.11,600.0
2017-09-20 13:30:00,107.115,107.115,107.09,107.09,300.0
2017-09-20 13:31:00,107.17,107.17,107.11,107.11,800.0
2017-09-20 13:33:00,107.12,107.12,107.08,107.08,600.0
2017-09-20 13:35:00,107.05,107.09,107.05,107.09,700.0
2017-09-20 13:36:00,107.11,107.11,107.1,107.1,300.0
2017-09-20 13:37:00,107.15,107.15,107.15,107.15,200.0
2017-09-20 13:38:00,107.1,107.1,107.1,107.1,100.0
2017-09-20 13:39:00,107.13,107.13,107.13,107.13,100.0
2017-09-20 13:40:00,107.13,107.13,107.11,107.12,1310.0
2017-09-20 13:41:00,107.13,107.13,107.13,107.13,200.0
2017-09-20 13:44:00,107.18,107.18,107.11,107.11,400.0
2017-09-20 13:47:00,107.19,107.19,107.16,107.165,1500.0
2017-09-20 13:48:00,107.23,107.23,107.2,107.2,700.0
2017-09-20 13:49:00,107.23,107.23,107.23,107.23,200.0
2017-09-20 13:50:00,107.25,107.25,107.25,107.25,200.0
2017-09-20 13:51:00,107.21,107.23,107.21,107.23,600.0
2017-09-20 13:52:00,107.26,107.26,107.23,107.23,500.0
2017-09-20 13:54:00,107.2463,107.2463,107.2463,107.2463,300.0
2017-09-20 13:56:00,107.24,107.26,107.24,107.26,600.0
2017-09-20 13:57:00,107.22,107.23,107.22,107.23,600.0
2017-09-20 13:58:00,107.22,107.27,107.22,107.23,1116.0
2017-09-20 13:59:00,107.22,107.26,107.22,107.25,466.0
2017-09-20 14:00:00,107.2208,107.2208,107.2208,107.2208,100.0
2017-09-20 14:01:00,107.27,107.27,107.23,107.23,400.0
2017-09-20 14:02:00,107.15,107.24,107.15,107.24,300.0
2017-09-20 14:03:00,107.04,107.08,107.04,107.08,500.0
2017-09-20 14:04:00,107.12,107.12,107.03399999999999,107.03399999999999,600.0
2017-09-20 14:05:00,107.15,107.16,107.1488,107.1488,605.0
2017-09-20 14:06:00,107.09,107.1,107.09,107.1,600.0
2017-09-20 14:07:00,107.12,107.12,107.12,107.12,100.0
2017-09-20 14:08:00,107.08,107.13,107.08,107.09,1900.0
2017-09-20 14:09:00,107.15,107.15,107.12,107.12,400.0
2017-09-20 14:10:00,107.05,107.105,107.05,107.09,400.0
2017-09-20 14:11:00,107.07,107.07,107.02,107.02,500.0
2017-09-20 14:12:00,107.07,107.07,107.02,107.06,300.0
2017-09-20 14:13:00,107.17,107.17,107.07,107.07,2205.0
2017-09-20 14:14:00,107.11,107.14,107.11,107.14,600.0
2017-09-20 14:15:00,107.11,107.11,107.08,107.08,400.0
2017-09-20 14:16:00,107.08,107.12,107.08,107.12,400.0
2017-09-20 14:17:00,107.07,107.08,107.04,107.08,1089.0
2017-09-20 14:19:00,107.07,107.09,107.06,107.07,1006.0
2017-09-20 14:20:00,107.06,107.08,107.06,107.08,500.0
2017-09-20 14:21:00,106.96,107.07,106.96,107.07,3038.0
2017-09-20 14:22:00,106.85,106.93,106.85,106.93,1240.0
2017-09-20 14:23:00,106.87,106.87,106.82,106.82,700.0
2017-09-20 14:24:00,106.81,106.84,106.81,106.84,400.0
2017-09-20 14:25:00,106.89,106.89,106.79,106.83,984.0
2017-09-20 14:26:00,106.8,106.84,106.8,106.84,601.0
2017-09-20 14:27:00,106.84,106.84,106.79,106.8,1500.0
2017-09-20 14:28:00,106.93,106.93,106.84,106.85,600.0
2017-09-20 14:29:00,106.86,106.87,106.86,106.86,500.0
2017-09-20 14:30:00,106.9,106.9,106.84,106.84,400.0
2017-09-20 14:31:00,106.86,106.86,106.86,106.86,100.0
2017-09-20 14:32:00,106.9,106.9,106.85,106.85,600.0
2017-09-20 14:34:00,106.93299999999999,106.93299999999999,106.93299999999999,106.93299999999999,110.0
2017-09-20 14:35:00,106.89,106.89,106.89,106.89,100.0
2017-09-20 14:36:00,106.85,106.9,106.85,106.89,536.0
2017-09-20 14:37:00,106.7701,106.85,106.7701,106.85,1600.0
2017-09-20 14:38:00,106.8,106.8,106.8,106.8,100.0
2017-09-20 14:39:00,107.0,107.0,106.84,106.84,12507.0
2017-09-20 14:40:00,107.03,107.03,107.01,107.01,300.0
2017-09-20 14:41:00,107.04,107.04,106.97,106.98,1300.0
2017-09-20 14:42:00,107.06,107.1,106.94,107.0,6945.0
2017-09-20 14:43:00,107.0,107.06,107.0,107.06,2050.0
2017-09-20 14:44:00,107.0,107.06,107.0,107.06,200.0
2017-09-20 14:45:00,107.07,107.09,107.01,107.01,1600.0
2017-09-20 14:46:00,107.12,107.12,107.06,107.06,501.0
2017-09-20 14:47:00,107.23,107.23,107.08,107.08,3200.0
2017-09-20 14:48:00,107.19,107.19,107.19,107.19,100.0
2017-09-20 14:49:00,107.195,107.195,107.195,107.195,100.0
2017-09-20 14:50:00,107.285,107.31,107.225,107.23,600.0
2017-09-20 14:51:00,107.25,107.295,107.24,107.285,1100.0
2017-09-20 14:53:00,107.2,107.22,107.2,107.22,500.0
2017-09-20 14:54:00,107.18,107.2,107.18,107.2,200.0
2017-09-20 14:55:00,107.29,107.29,107.22,107.22,1466.0
2017-09-20 14:56:00,107.23,107.27,107.23,107.23,500.0
2017-09-20 14:57:00,107.24,107.25,107.22,107.25,3303.0
2017-09-20 14:58:00,107.28,107.28,107.2,107.2125,3300.0
2017-09-20 14:59:00,107.25,107.26,107.23,107.23,1161.0
2017-09-20 15:00:00,107.27,107.27,107.24,107.25,1423.0
2017-09-20 15:01:00,107.25,107.25,107.24,107.245,3000.0
2017-09-20 15:02:00,107.26,107.27,107.26,107.27,300.0
2017-09-20 15:03:00,107.22,107.26,107.22,107.25,600.0
2017-09-20 15:04:00,107.2,107.22,107.18,107.22,2500.0
2017-09-20 15:05:00,107.19,107.22,107.19,107.21,700.0
2017-09-20 15:06:00,107.24,107.24,107.19,107.23,1101.0
2017-09-20 15:07:00,107.23,107.24,107.2,107.24,1000.0
2017-09-20 15:08:00,107.18,107.22,107.18,107.21,1023.0
2017-09-20 15:09:00,107.13,107.13,107.13,107.13,100.0
2017-09-20 15:10:00,107.12,107.13,107.12,107.13,400.0
2017-09-20 15:11:00,107.19,107.19,107.13,107.15,2400.0
2017-09-20 15:12:00,107.23,107.23,107.18,107.2,800.0
2017-09-20 15:13:00,107.2,107.23,107.2,107.2,1402.0
2017-09-20 15:14:00,107.24,107.24,107.23,107.23,700.0
2017-09-20 15:15:00,107.26,107.26,107.2368,107.24,700.0
2017-09-20 15:16:00,107.23,107.23,107.23,107.23,300.0
2017-09-20 15:17:00,107.22,107.25,107.22,107.22,1400.0
2017-09-20 15:18:00,107.22,107.25,107.22,107.25,500.0
2017-09-20 15:19:00,107.25,107.25,107.25,107.25,200.0
2017-09-20 15:20:00,107.28,107.28,107.24,107.24,200.0
2017-09-20 15:21:00,107.25,107.25,107.25,107.25,100.0
2017-09-20 15:22:00,107.21,107.25,107.21,107.25,2230.0
2017-09-20 15:23:00,107.23,107.24,107.23,107.23,300.0
2017-09-20 15:24:00,107.23,107.23,107.23,107.23,100.0
2017-09-20 15:25:00,107.29,107.29,107.2,107.2,4324.0
2017-09-20 15:26:00,107.27,107.3,107.27,107.3,400.0
2017-09-20 15:27:00,107.27,107.27,107.27,107.27,200.0
2017-09-20 15:28:00,107.27,107.27,107.27,107.27,100.0
2017-09-20 15:29:00,107.27,107.27,107.27,107.27,200.0
2017-09-20 15:30:00,107.29,107.29,107.2784,107.28,2920.0
2017-09-20 15:31:00,107.31,107.31,107.28,107.29,1100.0
2017-09-20 15:32:00,107.29,107.3,107.28,107.3,1004.0
2017-09-20 15:33:00,107.31,107.31,107.3,107.3,650.0
2017-09-20 15:34:00,107.3812,107.39,107.31,107.32,5983.0
2017-09-20 15:35:00,107.41,107.415,107.38,107.38,807.0
2017-09-20 15:36:00,107.4,107.42,107.38,107.42,1798.0
2017-09-20 15:38:00,107.4299,107.4299,107.38,107.406,1631.0
2017-09-20 15:39:00,107.43,107.43,107.39,107.39,900.0
2017-09-20 15:40:00,107.46,107.46,107.43,107.44,1839.0
2017-09-20 15:41:00,107.47,107.48,107.46,107.48,1677.0
2017-09-20 15:42:00,107.48,107.48,107.46,107.48,1116.0
2017-09-20 15:43:00,107.43,107.47,107.43,107.46,517.0
2017-09-20 15:44:00,107.44,107.44,107.43,107.43,200.0
2017-09-20 15:45:00,107.47,107.47,107.43,107.43,2063.0
2017-09-20 15:46:00,107.48,107.48,107.47,107.47,2631.0
2017-09-20 15:47:00,107.49,107.49,107.47,107.49,600.0
2017-09-20 15:48:00,107.5,107.51,107.4801,107.49,1546.0
2017-09-20 15:49:00,107.54,107.54,107.5,107.52,1417.0
2017-09-20 15:50:00,107.64,107.64,107.55,107.55,2756.0
2017-09-20 15:51:00,107.57,107.66,107.55,107.66,4895.0
2017-09-20 15:52:00,107.57,107.58,107.544,107.58,3264.0
2017-09-20 15:53:00,107.54,107.56,107.53,107.56,6757.0
2017-09-20 15:54:00,107.505,107.54,107.47,107.54,4919.0
2017-09-20 15:55:00,107.5,107.53,107.49,107.505,5887.0
2017-09-20 15:56:00,107.5,107.52,107.49,107.5,10312.0
2017-09-20 15:57:00,107.5,107.52,107.48,107.51,5600.0
2017-09-20 15:58:00,107.56,107.56,107.48,107.48,6018.0
2017-09-20 15:59:00,107.49,107.57,107.49,107.57,7425.0
2017-09-20 16:00:00,107.52,107.53,107.48,107.49,12901.0
2017-09-21 09:30:00,107.53,107.53,107.53,107.53,4237.0
2017-09-21 09:31:00,107.295,107.44,107.16,107.36,1600.0
2017-09-21 09:32:00,107.18,107.2049,107.18,107.2049,295.0
2017-09-21 09:33:00,107.28,107.3,107.16,107.17,1136.0
2017-09-21 09:34:00,107.34,107.44,107.34,107.39,2209.0
2017-09-21 09:35:00,107.23,107.27,107.23,107.27,2100.0
2017-09-21 09:36:00,106.92,107.22,106.92,107.22,2817.0
2017-09-21 09:37:00,106.92,107.03,106.92,106.97,950.0
2017-09-21 09:38:00,107.02,107.02,106.94,106.97,1425.0
2017-09-21 09:39:00,106.94,107.02,106.94,107.02,400.0
2017-09-21 09:40:00,106.97,106.97,106.97,106.97,100.0
2017-09-21 09:41:00,107.15,107.15,107.03,107.04,900.0
2017-09-21 09:42:00,107.19,107.19,107.13,107.14,2100.0
2017-09-21 09:43:00,107.34,107.34,107.13,107.13,2042.0
2017-09-21 09:44:00,107.305,107.31,107.26,107.27,3389.0
2017-09-21 09:45:00,107.27,107.27,107.18,107.27,3059.0
2017-09-21 09:46:00,107.31,107.31,107.185,107.185,1823.0
2017-09-21 09:47:00,107.25,107.43,107.25,107.34,3080.0
2017-09-21 09:48:00,107.27,107.27,107.27,107.27,300.0
2017-09-21 09:49:00,107.2,107.27,107.195,107.2,9800.0
2017-09-21 09:50:00,107.1876,107.28,107.14,107.22,2868.0
2017-09-21 09:51:00,107.12,107.13,107.12,107.13,300.0
2017-09-21 09:52:00,107.17,107.17,107.12,107.12,533.0
2017-09-21 09:53:00,107.05,107.1258,107.05,107.12,910.0
2017-09-21 09:54:00,107.0628,107.0628,107.0628,107.0628,100.0
2017-09-21 09:55:00,107.16,107.17,107.1,107.15,2181.0
2017-09-21 09:56:00,107.2,107.22,107.15,107.15,893.0
2017-09-21 09:57:00,107.15,107.17,107.15,107.17,400.0
2017-09-21 09:58:00,107.22,107.26,107.205,107.22,1500.0
2017-09-21 09:59:00,107.17,107.23,107.17,107.2,2600.0
2017-09-21 10:00:00,107.13,107.15,107.13,107.15,700.0
2017-09-21 10:01:00,107.21,107.21,107.19,107.19,900.0
2017-09-21 10:02:00,107.19,107.28,107.19,107.25,2100.0
2017-09-21 10:04:00,107.27,107.29,107.27,107.28,700.0
2017-09-21 10:05:00,107.38,107.39,107.31,107.31,1448.0
2017-09-21 10:06:00,107.42,107.44,107.42,107.43,1500.0
2017-09-21 10:09:00,107.42,107.42,107.42,107.42,400.0
2017-09-21 10:10:00,107.37,107.42,107.35,107.42,1400.0
2017-09-21 10:11:00,107.4,107.4,107.4,107.4,200.0
2017-09-21 10:12:00,107.31,107.35,107.31,107.35,600.0
2017-09-21 10:13:00,107.3,107.3,107.25,107.28,1000.0
2017-09-21 10:16:00,107.35,107.37,107.345,107.345,2300.0
2017-09-21 10:17:00,107.43,107.43,107.38,107.38,900.0
2017-09-21 10:18:00,107.46,107.4972,107.45,107.45,1200.0
2017-09-21 10:19:00,107.46,107.46,107.44,107.44,1000.0
2017-09-21 10:20:00,107.51,107.53,107.46,107.46,2363.0
2017-09-21 10:21:00,107.51,107.53,107.51,107.52,1800.0
2017-09-21 10:22:00,107.59,107.59,107.52,107.56,500.0
2017-09-21 10:23:00,107.63,107.65,107.6113,107.63,1106.0
2017-09-21 10:24:00,107.65,107.65,107.6,107.6,200.0
2017-09-21 10:25:00,107.62,107.68,107.62,107.68,200.0
2017-09-21 10:26:00,107.73,107.73,107.68,107.7,400.0
2017-09-21 10:27:00,107.7,107.76,107.6751,107.6751,1113.0
2017-09-21 10:28:00,107.74,107.74,107.69,107.69,600.0
2017-09-21 10:29:00,107.78,107.78,107.76,107.76,300.0
2017-09-21 10:32:00,107.87,107.87,107.78,107.78,3438.0
2017-09-21 10:33:00,107.87,107.92,107.87,107.87,1500.0
2017-09-21 10:34:00,107.91,107.97,107.91,107.93,1195.0
2017-09-21 10:36:00,107.87,107.9,107.83,107.9,5144.0
2017-09-21 10:38:00,107.89,107.89,107.81,107.81,1261.0
2017-09-21 10:39:00,107.87,107.87,107.87,107.87,100.0
2017-09-21 10:40:00,107.882,107.882,107.87,107.87,500.0
2017-09-21 10:43:00,107.84,107.91,107.84,107.91,1800.0
2017-09-21 10:44:00,107.8573,107.8573,107.85,107.85,600.0
2017-09-21 10:45:00,107.83,107.84,107.83,107.84,600.0
2017-09-21 10:46:00,107.86,107.86,107.82,107.82,810.0
2017-09-21 10:47:00,107.885,107.89,107.885,107.89,200.0
2017-09-21 10:48:00,107.86,107.89,107.86,107.89,500.0
2017-09-21 10:49:00,107.85700000000001,107.85700000000001,107.85700000000001,107.85700000000001,140.0
2017-09-21 10:51:00,107.86,107.89,107.86,107.89,2300.0
2017-09-21 10:52:00,107.94,107.94,107.88,107.88,1200.0
2017-09-21 10:53:00,107.9,107.9,107.9,107.9,100.0
2017-09-21 10:54:00,107.9,107.93,107.9,107.93,600.0
2017-09-21 10:55:00,107.94,107.94,107.9185,107.9185,710.0
2017-09-21 10:56:00,107.95,107.95,107.95,107.95,100.0
2017-09-21 10:57:00,107.98,108.085,107.98,107.99,8238.0
2017-09-21 10:59:00,107.96,107.98,107.94,107.98,1806.0
2017-09-21 11:00:00,108.0,108.0,107.985,107.985,1200.0
2017-09-21 11:01:00,108.01,108.03,108.01,108.03,400.0
2017-09-21 11:02:00,108.03,108.03,108.03,108.03,100.0
2017-09-21 11:03:00,108.07,108.07,108.04,108.04,700.0
2017-09-21 11:04:00,108.03,108.06,108.02,108.02,900.0
2017-09-21 11:05:00,108.02,108.06,108.02,108.06,800.0
2017-09-21 11:06:00,107.99,108.01,107.99,108.01,800.0
2017-09-21 11:07:00,107.98,108.0,107.97,107.97,1200.0
2017-09-21 11:08:00,108.0,108.0,108.0,108.0,200.0
2017-09-21 11:10:00,107.95,107.99,107.95,107.99,1000.0
2017-09-21 11:11:00,107.96,107.96,107.92,107.95,3123.0
2017-09-21 11:13:00,107.94,107.95,107.94,107.95,500.0
2017-09-21 11:14:00,108.0,108.0,107.95,107.96,1200.0
2017-09-21 11:15:00,107.99,108.01,107.97,108.01,1600.0
2017-09-21 11:16:00,108.0,108.01,108.0,108.0,855.0
2017-09-21 11:17:00,107.98,107.98,107.98,107.98,400.0
2017-09-21 11:18:00,108.01,108.01,107.97,107.97,1200.0
2017-09-21 11:21:00,108.1,108.1,108.03,108.0396,1209.0
2017-09-21 11:22:00,108.07,108.11,108.07,108.1,2394.0
2017-09-21 11:23:00,108.06,108.07,108.05,108.06,1900.0
2017-09-21 11:24:00,108.09,108.09,108.06,108.07,1603.0
2017-09-21 11:25:00,108.1,108.11,108.08,108.08,1400.0
2017-09-21 11:26:00,108.05,108.08,108.05,108.08,900.0
2017-09-21 11:27:00,108.12,108.12,108.08,108.08,800.0
2017-09-21 11:28:00,108.19,108.22,108.1161,108.14,2125.0
2017-09-21 11:29:00,108.16,108.19,108.16,108.19,800.0
2017-09-21 11:30:00,108.1964,108.1964,108.16,108.16,1071.0
2017-09-21 11:31:00,108.15,108.19,108.15,108.19,900.0
2017-09-21 11:32:00,108.14,108.15,108.14,108.15,500.0
2017-09-21 11:33:00,108.16,108.16,108.13,108.1301,400.0
2017-09-21 11:34:00,108.17,108.17,108.17,108.17,600.0
2017-09-21 11:35:00,108.15,108.15,108.15,108.15,400.0
2017-09-21 11:36:00,108.14,108.14,108.14,108.14,100.0
2017-09-21 11:37:00,108.15,108.15,108.13,108.14,600.0
2017-09-21 11:38:00,108.15,108.16,108.13,108.14,1000.0
2017-09-21 11:40:00,108.14,108.14,108.14,108.14,400.0
2017-09-21 11:41:00,108.15,108.17,108.14,108.15,2200.0
2017-09-21 11:42:00,108.13,108.14,108.13,108.14,900.0
2017-09-21 11:43:00,108.08,108.12,108.08,108.12,1544.0
2017-09-21 11:45:00,108.06,108.06,108.06,108.06,300.0
2017-09-21 11:46:00,108.07,108.07,108.05,108.05,1321.0
2017-09-21 11:47:00,108.09,108.09,108.08,108.08,432.0
2017-09-21 11:48:00,108.08,108.08,108.08,108.08,100.0
2017-09-21 11:50:00,108.05,108.07,108.05,108.07,900.0
2017-09-21 11:51:00,108.065,108.065,108.04,108.04,1000.0
2017-09-21 11:52:00,108.07,108.085,108.05,108.065,3078.0
2017-09-21 11:53:00,108.03,108.0501,108.03,108.0501,415.0
2017-09-21 11:54:00,107.98,108.025,107.98,108.025,500.0
2017-09-21 11:55:00,108.0199,108.0399,107.9832,107.9832,2232.0
2017-09-21 11:56:00,108.09,108.09,108.01,108.02,1432.0
2017-09-21 11:57:00,108.0799,108.08,108.0799,108.08,200.0
2017-09-21 11:58:00,108.08,108.08,108.06,108.07,400.0
2017-09-21 11:59:00,108.09,108.09,108.07,108.08,500.0
2017-09-21 12:00:00,108.06,108.0803,108.06,108.0803,200.0
2017-09-21 12:02:00,108.09,108.1199,108.07,108.07,1400.0
2017-09-21 12:03:00,108.13,108.13,108.1,108.1,900.0
2017-09-21 12:04:00,108.16,108.16,108.13,108.13,300.0
2017-09-21 12:05:00,108.16,108.17,108.14,108.14,1557.0
2017-09-21 12:06:00,108.14,108.14,108.14,108.14,100.0
2017-09-21 12:07:00,108.15,108.16,108.14,108.14,900.0
2017-09-21 12:09:00,108.2,108.21,108.17,108.17,1800.0
2017-09-21 12:10:00,108.19,108.22,108.19,108.22,1400.0
2017-09-21 12:11:00,108.24,108.24,108.2,108.2,600.0
2017-09-21 12:12:00,108.2,108.2,108.2,108.2,300.0
2017-09-21 12:13:00,108.2292,108.2292,108.2,108.2,300.0
2017-09-21 12:14:00,108.19,108.2,108.19,108.2,1200.0
2017-09-21 12:15:00,108.2,108.2,108.18,108.18,1000.0
2017-09-21 12:16:00,108.23,108.23,108.2,108.2,1400.0
2017-09-21 12:17:00,108.19,108.19,108.19,108.19,313.0
2017-09-21 12:18:00,108.17,108.18,108.169,108.18,1813.0
2017-09-21 12:19:00,108.09,108.1698,108.09,108.1698,1378.0
2017-09-21 12:20:00,108.19,108.2,108.11,108.11,17450.0
2017-09-21 12:21:00,108.14,108.195,108.14,108.19,1920.0
2017-09-21 12:22:00,108.15,108.16,108.12,108.15,1087.0
2017-09-21 12:23:00,108.0966,108.0966,108.07,108.07,300.0
2017-09-21 12:24:00,108.09,108.09,108.09,108.09,200.0
2017-09-21 12:25:00,108.11,108.11399999999999,108.06,108.11399999999999,340.0
2017-09-21 12:27:00,108.08,108.09,108.06,108.09,1400.0
2017-09-21 12:28:00,108.06,108.0751,108.06,108.0751,500.0
2017-09-21 12:29:00,107.99,108.06,107.99,108.06,1300.0
2017-09-21 12:30:00,108.01,108.04,108.0,108.0,1800.0
2017-09-21 12:31:00,108.05,108.06,107.99,108.02,3050.0
2017-09-21 12:32:00,108.05,108.05,108.05,108.05,200.0
2017-09-21 12:33:00,108.04,108.06,108.03,108.05,650.0
2017-09-21 12:34:00,108.045,108.08,108.045,108.06,900.0
2017-09-21 12:37:00,108.08,108.08,108.08,108.08,100.0
2017-09-21 12:38:00,108.04,108.04,108.04,108.04,100.0
2017-09-21 12:41:00,108.05,108.05,108.05,108.05,100.0
2017-09-21 12:42:00,107.97,108.05,107.97,108.05,1600.0
2017-09-21 12:43:00,107.94,107.95,107.94,107.95,200.0
2017-09-21 12:44:00,107.9576,107.9576,107.9576,107.9576,300.0
2017-09-21 12:46:00,107.94,107.97,107.94,107.97,300.0
2017-09-21 12:47:00,107.99,107.99,107.95,107.95,1700.0
2017-09-21 12:48:00,107.98,108.0,107.98,108.0,1500.0
2017-09-21 12:49:00,107.98,107.99,107.98,107.99,600.0
2017-09-21 12:50:00,108.01,108.01,107.9946,107.9946,200.0
2017-09-21 12:51:00,108.03,108.03,107.99,107.99,900.0
2017-09-21 12:55:00,108.03,108.03,108.03,108.03,200.0
2017-09-21 12:56:00,108.06,108.06,108.06,108.06,100.0
2017-09-21 12:57:00,108.06,108.06,108.03,108.03,400.0
2017-09-21 12:58:00,108.02,108.02,108.02,108.02,100.0
2017-09-21 12:59:00,108.0,108.02,108.0,108.02,1300.0
2017-09-21 13:00:00,108.05,108.06,108.01,108.01,1450.0
2017-09-21 13:01:00,108.06,108.06,108.06,108.06,100.0
2017-09-21 13:02:00,108.1,108.11,108.09,108.09,402.0
2017-09-21 13:03:00,108.1,108.1,108.09,108.09,500.0
2017-09-21 13:04:00,108.1,108.11,108.08,108.09,800.0
2017-09-21 13:05:00,108.08,108.08,108.08,108.08,100.0
2017-09-21 13:06:00,108.1002,108.1002,108.1002,108.1002,100.0
2017-09-21 13:08:00,108.08,108.08,108.08,108.08,200.0
2017-09-21 13:09:00,108.1052,108.12,108.08,108.08,800.0
2017-09-21 13:10:00,108.13,108.13,108.11,108.12,700.0
2017-09-21 13:11:00,108.1008,108.11,108.1,108.11,900.0
2017-09-21 13:13:00,108.13,108.13,108.11,108.115,800.0
2017-09-21 13:15:00,108.1,108.12,108.1,108.12,900.0
2017-09-21 13:16:00,108.1,108.1,108.1,108.1,100.0
2017-09-21 13:17:00,108.09,108.1,108.09,108.09,300.0
2017-09-21 13:18:00,108.06,108.09,108.06,108.09,1300.0
2017-09-21 13:19:00,108.06,108.06,108.05,108.06,959.0
2017-09-21 13:20:00,108.05,108.05,108.05,108.05,200.0
2017-09-21 13:22:00,107.97,108.0513,107.95,108.0468,2950.0
2017-09-21 13:23:00,108.06,108.06,107.99,107.99,800.0
2017-09-21 13:25:00,108.03,108.03,108.03,108.03,400.0
2017-09-21 13:28:00,108.02,108.02,108.02,108.02,200.0
2017-09-21 13:29:00,108.0336,108.0336,108.03,108.03,427.0
2017-09-21 13:30:00,108.02,108.06,108.02,108.06,300.0
2017-09-21 13:31:00,108.04,108.059,108.04,108.059,200.0
2017-09-21 13:32:00,107.99,108.04,107.99,108.04,2400.0
2017-09-21 13:34:00,107.96,107.98,107.96,107.98,600.0
2017-09-21 13:35:00,107.98,107.98,107.97,107.97,600.0
2017-09-21 13:37:00,107.9738,107.9738,107.9738,107.9738,108.0
2017-09-21 13:38:00,107.97,107.9874,107.97,107.9874,200.0
2017-09-21 13:42:00,107.97399999999999,107.97399999999999,107.97,107.97,1025.0
2017-09-21 13:43:00,108.0,108.0,107.97,107.97,400.0
2017-09-21 13:44:00,107.96,107.97,107.95,107.97,2250.0
2017-09-21 13:45:00,107.88,107.94,107.88,107.94,1000.0
2017-09-21 13:46:00,107.89,107.92,107.89,107.92,300.0
2017-09-21 13:47:00,107.89,107.89,107.86,107.87,600.0
2017-09-21 13:48:00,107.84,107.88,107.83,107.85,2100.0
2017-09-21 13:49:00,107.855,107.855,107.855,107.855,100.0
2017-09-21 13:50:00,107.89,107.89,107.87,107.87,600.0
2017-09-21 13:52:00,107.89,107.89,107.89,107.89,100.0
2017-09-21 13:54:00,107.87,107.87,107.87,107.87,200.0
2017-09-21 13:56:00,107.8701,107.88,107.87,107.88,950.0
2017-09-21 13:57:00,107.93,107.93,107.87,107.87,600.0
2017-09-21 13:58:00,107.91,107.91,107.91,107.91,600.0
2017-09-21 13:59:00,107.94,107.94,107.93,107.93,300.0
2017-09-21 14:00:00,107.97,107.97,107.94,107.97,400.0
2017-09-21 14:01:00,107.99,107.99,107.99,107.99,100.0
2017-09-21 14:02:00,108.0,108.0,107.99,107.99,300.0
2017-09-21 14:03:00,108.03,108.03,107.99,108.0,1356.0
2017-09-21 14:04:00,108.04,108.04,108.04,108.04,100.0
2017-09-21 14:05:00,108.02,108.04,108.01,108.04,600.0
2017-09-21 14:07:00,108.01,108.02,108.01,108.02,400.0
2017-09-21 14:08:00,108.01,108.04,108.01,108.01,500.0
2017-09-21 14:10:00,108.0,108.0,108.0,108.0,200.0
2017-09-21 14:11:00,107.99,107.99,107.99,107.99,200.0
2017-09-21 14:12:00,107.95,107.98,107.95,107.98,1046.0
2017-09-21 14:13:00,107.97,107.97,107.95,107.95,1450.0
2017-09-21 14:15:00,107.99,107.99,107.98,107.99,764.0
2017-09-21 14:16:00,107.96,107.99,107.96,107.99,737.0
2017-09-21 14:17:00,107.94,107.95,107.94,107.95,300.0
2017-09-21 14:19:00,107.92,107.93,107.92,107.93,300.0
2017-09-21 14:20:00,107.9,107.91,107.9,107.91,200.0
2017-09-21 14:21:00,107.93,107.93,107.93,107.93,100.0
2017-09-21 14:22:00,107.9,107.93,107.87,107.93,1400.0
2017-09-21 14:23:00,107.91,107.92,107.89,107.89,1300.0
2017-09-21 14:24:00,107.92,107.92,107.9,107.91,500.0
2017-09-21 14:26:00,107.91,107.91,107.91,107.91,200.0
2017-09-21 14:27:00,107.93,107.93,107.93,107.93,100.0
2017-09-21 14:28:00,107.95,107.95,107.95,107.95,300.0
2017-09-21 14:31:00,107.95,107.96,107.93,107.96,1500.0
2017-09-21 14:32:00,107.94,107.94,107.94,107.94,200.0
2017-09-21 14:33:00,107.95,107.97,107.93,107.93,707.0
2017-09-21 14:34:00,107.93,107.95,107.93,107.95,834.0
2017-09-21 14:35:00,107.94,107.95,107.93,107.95,1435.0
2017-09-21 14:36:00,107.95,107.95,107.95,107.95,200.0
2017-09-21 14:37:00,107.95,107.97,107.95,107.97,1000.0
2017-09-21 14:38:00,107.95,107.95,107.93,107.93,500.0
2017-09-21 14:41:00,107.97,107.97,107.97,107.97,100.0
2017-09-21 14:43:00,107.97,107.97,107.97,107.97,100.0
2017-09-21 14:44:00,107.94,107.94,107.94,107.94,100.0
2017-09-21 14:45:00,107.89,107.94,107.89,107.94,1100.0
2017-09-21 14:46:00,107.82,107.87,107.82,107.87,1100.0
2017-09-21 14:47:00,107.81,107.84,107.81,107.84,500.0
2017-09-21 14:49:00,107.81,107.81,107.81,107.81,500.0
2017-09-21 14:50:00,107.804,107.805,107.79,107.79,300.0
2017-09-21 14:51:00,107.79,107.79,107.79,107.79,100.0
2017-09-21 14:52:00,107.82,107.82,107.79,107.79,300.0
2017-09-21 14:53:00,107.831,107.85,107.805,107.82,1649.0
2017-09-21 14:54:00,107.82,107.8383,107.82,107.83,1445.0
2017-09-21 14:57:00,107.88,107.88,107.84,107.84,800.0
2017-09-21 14:58:00,107.85,107.86,107.85,107.86,1400.0
2017-09-21 14:59:00,107.91,107.91,107.89,107.89,300.0
2017-09-21 15:00:00,107.91,107.92,107.91,107.92,400.0
2017-09-21 15:01:00,107.93,107.93,107.91,107.91,700.0
2017-09-21 15:02:00,107.91,107.93,107.9,107.93,1300.0
2017-09-21 15:03:00,107.94,107.96,107.92,107.92,951.0
2017-09-21 15:04:00,107.92,107.94,107.92,107.94,1100.0
2017-09-21 15:05:00,107.98,107.98,107.92,107.92,1200.0
2017-09-21 15:06:00,107.96,107.98,107.96,107.98,700.0
2017-09-21 15:07:00,107.97,107.97,107.97,107.97,100.0
2017-09-21 15:08:00,107.96,107.97,107.96,107.97,1000.0
2017-09-21 15:10:00,107.95,107.9675,107.95,107.9675,300.0
2017-09-21 15:11:00,107.965,107.965,107.965,107.965,100.0
2017-09-21 15:12:00,107.94,107.965,107.94,107.965,900.0
2017-09-21 15:13:00,107.92,107.9464,107.92,107.9464,1100.0
2017-09-21 15:14:00,107.94,107.94,107.92,107.94,400.0
2017-09-21 15:15:00,107.92,107.94,107.92,107.94,500.0
2017-09-21 15:16:00,107.94,107.94,107.91,107.91,1300.0
2017-09-21 15:17:00,107.96,107.96,107.94,107.94,200.0
2017-09-21 15:18:00,107.96,107.985,107.96,107.98,1400.0
2017-09-21 15:19:00,107.98,107.985,107.96,107.96,800.0
2017-09-21 15:20:00,107.99,107.99,107.97,107.98,1700.0
2017-09-21 15:22:00,107.985,107.985,107.97,107.97,700.0
2017-09-21 15:23:00,107.97,107.985,107.97,107.985,575.0
2017-09-21 15:24:00,107.98,107.98,107.96,107.97,900.0
2017-09-21 15:25:00,108.01,108.02,107.98,107.98,2000.0
2017-09-21 15:26:00,107.99,108.015,107.98,108.015,1200.0
2017-09-21 15:27:00,108.01,108.01,108.01,108.01,100.0
2017-09-21 15:28:00,108.01,108.01,107.99,107.99,300.0
2017-09-21 15:29:00,107.98,108.01,107.98,108.01,1300.0
2017-09-21 15:30:00,108.0,108.0,107.98,107.98,400.0
2017-09-21 15:31:00,108.01,108.01,107.99,108.01,2006.0
2017-09-21 15:32:00,108.01,108.01,108.01,108.01,500.0
2017-09-21 15:33:00,107.98,108.02,107.98,108.02,2013.0
2017-09-21 15:34:00,107.97,107.98,107.96,107.98,1324.0
2017-09-21 15:35:00,108.0,108.0,107.96,107.965,2125.0
2017-09-21 15:36:00,108.015,108.015,108.0,108.0,2119.0
2017-09-21 15:37:00,108.03,108.03,108.0,108.0,1550.0
2017-09-21 15:38:00,107.99,108.02,107.99,108.02,3278.0
2017-09-21 15:39:00,107.93,107.99,107.93,107.99,5016.0
2017-09-21 15:40:00,107.88,107.91,107.88,107.9,939.0
2017-09-21 15:41:00,107.88,107.89,107.87,107.89,900.0
2017-09-21 15:42:00,107.85,107.87,107.84,107.87,1280.0
2017-09-21 15:43:00,107.89,107.9,107.84,107.84,2752.0
2017-09-21 15:44:00,107.87,107.88,107.86,107.88,1000.0
2017-09-21 15:45:00,107.85,107.87,107.83,107.86,3126.0
2017-09-21 15:46:00,107.86,107.88,107.86,107.86,2529.0
2017-09-21 15:47:00,107.89,107.89,107.87,107.87,2983.0
2017-09-21 15:48:00,107.89,107.9,107.89,107.9,2000.0
2017-09-21 15:49:00,107.89,107.89,107.875,107.88,2000.0
2017-09-21 15:50:00,107.93,107.94,107.9,107.9,1646.0
2017-09-21 15:51:00,107.92,107.945,107.92,107.94,2539.0
2017-09-21 15:52:00,107.9,107.91,107.88,107.91,1867.0
2017-09-21 15:53:00,107.87,107.9,107.86,107.9,3576.0
2017-09-21 15:54:00,107.88,107.89,107.86,107.86,1853.0
2017-09-21 15:55:00,107.88,107.9,107.88,107.89,2807.0
2017-09-21 15:56:00,107.88,107.9,107.88,107.89,2209.0
2017-09-21 15:57:00,107.87,107.89,107.87,107.89,2498.0
2017-09-21 15:58:00,107.86,107.87,107.85,107.87,1807.0
2017-09-21 15:59:00,107.85,107.87,107.85,107.85,6828.0
2017-09-21 16:00:00,107.91,107.91,107.85,107.85,11468.0
2017-09-22 09:30:00,107.89,107.89,107.89,107.89,2978.0
2017-09-22 09:32:00,107.86,107.86,107.86,107.86,100.0
2017-09-22 09:33:00,107.87,107.89,107.87,107.87,500.0
2017-09-22 09:34:00,107.815,107.815,107.815,107.815,100.0
2017-09-22 09:36:00,107.83,108.0,107.83,107.995,700.0
2017-09-22 09:37:00,107.93,107.93,107.93,107.93,100.0
2017-09-22 09:38:00,107.785,108.01,107.785,107.95,1400.0
2017-09-22 09:40:00,107.7,107.745,107.65,107.745,1250.0
2017-09-22 09:41:00,107.77,107.77,107.74,107.74,750.0
2017-09-22 09:42:00,107.805,107.82,107.795,107.82,1108.0
2017-09-22 09:44:00,107.825,107.825,107.81,107.81,300.0
2017-09-22 09:45:00,107.75,107.8,107.75,107.8,600.0
2017-09-22 09:46:00,107.72,107.74,107.66,107.74,500.0
2017-09-22 09:47:00,107.65,107.67,107.65,107.66,510.0
2017-09-22 09:48:00,107.705,107.72,107.65100000000001,107.7,500.0
2017-09-22 09:49:00,107.68,107.68,107.64,107.68,700.0
2017-09-22 09:50:00,107.76,107.76,107.7,107.74,500.0
2017-09-22 09:51:00,107.75,107.78,107.72,107.78,600.0
2017-09-22 09:52:00,107.77,107.77,107.735,107.735,300.0
2017-09-22 09:53:00,107.76,107.76,107.76,107.76,100.0
2017-09-22 09:54:00,107.7998,107.81,107.76,107.81,400.0
2017-09-22 09:58:00,107.73,107.73,107.72,107.72,200.0
2017-09-22 09:59:00,107.69,107.71,107.69,107.71,400.0
2017-09-22 10:01:00,107.72,107.75,107.7,107.71,1607.0
2017-09-22 10:02:00,107.72,107.72,107.71,107.71,200.0
2017-09-22 10:03:00,107.72,107.72,107.72,107.72,200.0
2017-09-22 10:04:00,107.69,107.69,107.69,107.69,200.0
2017-09-22 10:05:00,107.71,107.71,107.71,107.71,200.0
2017-09-22 10:07:00,107.62,107.65,107.62,107.65,200.0
2017-09-22 10:08:00,107.62,107.62,107.56,107.61,1201.0
2017-09-22 10:09:00,107.57,107.65,107.57,107.65,1500.0
2017-09-22 10:10:00,107.62,107.63,107.57,107.63,2100.0
2017-09-22 10:11:00,107.56,107.62,107.56,107.56,500.0
2017-09-22 10:12:00,107.4801,107.57,107.48,107.57,4756.0
2017-09-22 10:13:00,107.52,107.59,107.515,107.56,2457.0
2017-09-22 10:14:00,107.48,107.49,107.48,107.49,500.0
2017-09-22 10:15:00,107.57,107.57,107.52,107.52,1448.0
2017-09-22 10:16:00,107.63,107.63,107.59,107.59,200.0
2017-09-22 10:17:00,107.62,107.62,107.57,107.61200000000001,400.0
2017-09-22 10:19:00,107.6,107.6,107.6,107.6,100.0
2017-09-22 10:20:00,107.54,107.54,107.54,107.54,100.0
2017-09-22 10:21:00,107.59,107.6,107.59,107.6,300.0
2017-09-22 10:22:00,107.61,107.64,107.58,107.6,5900.0
2017-09-22 10:25:00,107.66,107.66,107.64,107.64,900.0
2017-09-22 10:26:00,107.71,107.72,107.7,107.72,1600.0
2017-09-22 10:27:00,107.68,107.69,107.68,107.69,700.0
2017-09-22 10:28:00,107.7,107.72,107.7,107.72,200.0
2017-09-22 10:29:00,107.71,107.71,107.705,107.705,200.0
2017-09-22 10:30:00,107.76,107.76,107.71,107.71,800.0
2017-09-22 10:31:00,107.74,107.75,107.74,107.74,600.0
2017-09-22 10:32:00,107.75,107.75,107.715,107.72,819.0
2017-09-22 10:33:00,107.75,107.75,107.75,107.75,100.0
2017-09-22 10:34:00,107.72,107.74,107.7,107.74,1165.0
2017-09-22 10:35:00,107.75,107.75,107.73,107.73,300.0
2017-09-22 10:36:00,107.75,107.75,107.75,107.75,100.0
2017-09-22 10:37:00,107.745,107.745,107.73,107.74,800.0
2017-09-22 10:38:00,107.77,107.77,107.77,107.77,100.0
2017-09-22 10:39:00,107.74,107.74,107.74,107.74,100.0
2017-09-22 10:40:00,107.73,107.73,107.7,107.71,557.0
2017-09-22 10:41:00,107.73,107.75,107.72,107.73,1014.0
2017-09-22 10:43:00,107.72,107.75,107.72,107.75,500.0
2017-09-22 10:44:00,107.74,107.76,107.74,107.76,500.0
2017-09-22 10:45:00,107.62,107.73,107.62,107.73,1800.0
2017-09-22 10:46:00,107.6292,107.63,107.6292,107.63,200.0
2017-09-22 10:47:00,107.54,107.625,107.54,107.625,2800.0
2017-09-22 10:48:00,107.48,107.48,107.48,107.48,200.0
2017-09-22 10:50:00,107.42,107.42,107.42,107.42,200.0
2017-09-22 10:51:00,107.445,107.445,107.445,107.445,100.0
2017-09-22 10:53:00,107.41,107.41,107.41,107.41,100.0
2017-09-22 10:54:00,107.37,107.41,107.37,107.41,525.0
2017-09-22 10:55:00,107.34,107.34,107.34,107.34,600.0
2017-09-22 10:56:00,107.27,107.3,107.27,107.3,387.0
2017-09-22 10:57:00,107.4,107.4,107.26,107.26,3332.0
2017-09-22 10:58:00,107.41,107.41,107.3898,107.3898,1018.0
2017-09-22 10:59:00,107.51,107.51,107.41,107.41,900.0
2017-09-22 11:01:00,107.525,107.525,107.5,107.5,200.0
2017-09-22 11:02:00,107.5,107.5,107.5,107.5,200.0
2017-09-22 11:04:00,107.48,107.51,107.48,107.51,400.0
2017-09-22 11:05:00,107.47,107.4753,107.47,107.4753,200.0
2017-09-22 11:06:00,107.51,107.51,107.51,107.51,1500.0
2017-09-22 11:07:00,107.37,107.46,107.37,107.46,800.0
2017-09-22 11:08:00,107.39,107.45,107.39,107.44,800.0
2017-09-22 11:09:00,107.45,107.45,107.45,107.45,100.0
2017-09-22 11:11:00,107.45,107.46,107.45,107.46,300.0
2017-09-22 11:12:00,107.38,107.39,107.38,107.39,500.0
2017-09-22 11:14:00,107.43,107.43,107.36,107.39,917.0
2017-09-22 11:15:00,107.47,107.47,107.41,107.41,200.0
2017-09-22 11:16:00,107.4,107.42,107.4,107.42,200.0
2017-09-22 11:17:00,107.46,107.46,107.46,107.46,100.0
2017-09-22 11:20:00,107.43,107.45,107.41,107.41,300.0
2017-09-22 11:22:00,107.39,107.44,107.39,107.44,200.0
2017-09-22 11:25:00,107.44,107.44,107.44,107.44,100.0
2017-09-22 11:26:00,107.36,107.39,107.36,107.39,400.0
2017-09-22 11:27:00,107.4,107.4,107.4,107.4,100.0
2017-09-22 11:28:00,107.26,107.34,107.26,107.34,500.0
2017-09-22 11:29:00,107.3,107.33,107.26,107.26,1400.0
2017-09-22 11:30:00,107.37,107.37,107.31,107.31,1100.0
2017-09-22 11:31:00,107.33,107.33,107.33,107.33,100.0
2017-09-22 11:33:00,107.45,107.45,107.45,107.45,100.0
2017-09-22 11:34:00,107.426,107.426,107.426,107.426,300.0
2017-09-22 11:36:00,107.36,107.38,107.36,107.38,500.0
2017-09-22 11:38:00,107.32,107.32,107.32,107.32,100.0
2017-09-22 11:39:00,107.41,107.41,107.345,107.345,1700.0
2017-09-22 11:40:00,107.4,107.41,107.38,107.41,500.0
2017-09-22 11:42:00,107.41,107.41,107.39,107.39,200.0
2017-09-22 11:45:00,107.3954,107.3954,107.3954,107.3954,115.0
2017-09-22 11:46:00,107.36,107.36,107.36,107.36,100.0
2017-09-22 11:47:00,107.42,107.42,107.37,107.37,1253.0
2017-09-22 11:48:00,107.44,107.44,107.42,107.43,740.0
2017-09-22 11:49:00,107.45,107.47,107.45,107.46,400.0
2017-09-22 11:50:00,107.45,107.45,107.45,107.45,100.0
2017-09-22 11:51:00,107.45,107.45,107.45,107.45,500.0
2017-09-22 11:52:00,107.45,107.45,107.45,107.45,100.0
2017-09-22 11:53:00,107.54,107.54,107.45,107.45,2100.0
2017-09-22 11:54:00,107.52,107.52,107.52,107.52,300.0
2017-09-22 11:56:00,107.49,107.51,107.49,107.51,1039.0
2017-09-22 11:57:00,107.52,107.52,107.5142,107.5142,693.0
2017-09-22 12:01:00,107.51,107.51,107.51,107.51,500.0
2017-09-22 12:03:00,107.5363,107.5363,107.51,107.51,400.0
2017-09-22 12:05:00,107.58,107.58,107.535,107.535,700.0
2017-09-22 12:06:00,107.55,107.55,107.55,107.55,700.0
2017-09-22 12:08:00,107.5,107.5,107.5,107.5,100.0
2017-09-22 12:09:00,107.53,107.53,107.53,107.53,601.0
2017-09-22 12:12:00,107.58,107.58,107.56,107.56,500.0
2017-09-22 12:14:00,107.6,107.6,107.55,107.55,1601.0
2017-09-22 12:15:00,107.62,107.62,107.62,107.62,100.0
2017-09-22 12:16:00,107.58,107.59,107.58,107.59,700.0
2017-09-22 12:18:00,107.55,107.55,107.55,107.55,100.0
2017-09-22 12:19:00,107.59,107.59,107.58,107.59,500.0
2017-09-22 12:20:00,107.57,107.57,107.57,107.57,155.0
2017-09-22 12:21:00,107.58,107.59,107.58,107.59,400.0
2017-09-22 12:22:00,107.57,107.57,107.57,107.57,300.0
2017-09-22 12:23:00,107.61,107.61,107.6,107.6,300.0
2017-09-22 12:25:00,107.6,107.63,107.6,107.62,1700.0
2017-09-22 12:26:00,107.6,107.61,107.6,107.61,200.0
2017-09-22 12:27:00,107.6,107.6,107.58,107.5801,800.0
2017-09-22 12:28:00,107.61,107.61,107.61,107.61,100.0
2017-09-22 12:29:00,107.6,107.6,107.6,107.6,100.0
2017-09-22 12:30:00,107.61,107.61,107.6,107.6,200.0
2017-09-22 12:31:00,107.55,107.58,107.5438,107.58,1800.0
2017-09-22 12:35:00,107.6,107.6,107.59,107.59,600.0
2017-09-22 12:36:00,107.59,107.59,107.59,107.59,100.0
2017-09-22 12:38:00,107.55,107.5975,107.55,107.59,700.0
2017-09-22 12:39:00,107.56,107.56,107.5175,107.5175,717.0
2017-09-22 12:40:00,107.57,107.57,107.53,107.53,300.0
2017-09-22 12:41:00,107.55,107.56,107.54,107.56,1200.0
2017-09-22 12:45:00,107.52,107.54,107.52,107.54,500.0
2017-09-22 12:46:00,107.53,107.53,107.52,107.52,600.0
2017-09-22 12:47:00,107.52,107.52,107.52,107.52,100.0
2017-09-22 12:48:00,107.53,107.53,107.52,107.53,1000.0
2017-09-22 12:51:00,107.59,107.59,107.57,107.58,600.0
2017-09-22 12:53:00,107.58,107.58,107.57,107.57,300.0
2017-09-22 12:54:00,107.58,107.58,107.57,107.58,700.0
2017-09-22 12:55:00,107.57,107.58,107.57,107.58,200.0
2017-09-22 12:57:00,107.58,107.58,107.58,107.58,500.0
2017-09-22 12:59:00,107.55,107.58,107.55,107.58,500.0
2017-09-22 13:00:00,107.53,107.54,107.53,107.54,300.0
2017-09-22 13:01:00,107.52,107.53,107.52,107.53,300.0
2017-09-22 13:02:00,107.54,107.54,107.51,107.51,800.0
2017-09-22 13:03:00,107.54,107.54899999999999,107.53,107.53,1046.0
2017-09-22 13:04:00,107.55,107.55,107.52,107.54,800.0
2017-09-22 13:11:00,107.56,107.57,107.55,107.57,600.0
2017-09-22 13:12:00,107.54,107.55,107.54,107.55,1600.0
2017-09-22 13:13:00,107.56,107.56,107.56,107.56,100.0
2017-09-22 13:15:00,107.57,107.57,107.54,107.56,930.0
2017-09-22 13:20:00,107.55,107.56,107.55,107.56,715.0
2017-09-22 13:21:00,107.56,107.56,107.53,107.53,1100.0
2017-09-22 13:22:00,107.54,107.55,107.53,107.55,850.0
2017-09-22 13:23:00,107.535,107.535,107.535,107.535,200.0
2017-09-22 13:24:00,107.5,107.53,107.5,107.53,800.0
2017-09-22 13:25:00,107.53,107.53,107.51,107.51,500.0
2017-09-22 13:26:00,107.53,107.53,107.52,107.53,300.0
2017-09-22 13:28:00,107.53,107.53,107.53,107.53,200.0
2017-09-22 13:29:00,107.535,107.535,107.535,107.535,100.0
2017-09-22 13:33:00,107.53,107.53,107.53,107.53,200.0
2017-09-22 13:34:00,107.57,107.57,107.57,107.57,100.0
2017-09-22 13:36:00,107.5276,107.5276,107.5276,107.5276,150.0
2017-09-22 13:37:00,107.55,107.55,107.55,107.55,100.0
2017-09-22 13:39:00,107.54,107.55,107.54,107.55,630.0
2017-09-22 13:40:00,107.55,107.55,107.55,107.55,100.0
2017-09-22 13:41:00,107.53,107.54,107.53,107.54,200.0
2017-09-22 13:42:00,107.55,107.55,107.55,107.55,500.0
2017-09-22 13:44:00,107.57,107.57,107.57,107.57,100.0
2017-09-22 13:45:00,107.59,107.59,107.57,107.57,600.0
2017-09-22 13:46:00,107.62,107.63,107.595,107.595,1600.0
2017-09-22 13:47:00,107.637,107.639,107.625,107.63,3150.0
2017-09-22 13:48:00,107.67,107.67,107.61,107.61,2301.0
2017-09-22 13:49:00,107.73,107.75,107.68,107.68,1310.0
2017-09-22 13:50:00,107.73,107.75,107.73,107.75,1400.0
2017-09-22 13:51:00,107.7,107.73,107.7,107.73,400.0
2017-09-22 13:53:00,107.69,107.69,107.68,107.68,300.0
2017-09-22 13:54:00,107.66,107.66,107.66,107.66,200.0
2017-09-22 13:56:00,107.63,107.63,107.63,107.63,100.0
2017-09-22 13:58:00,107.61,107.61,107.61,107.61,100.0
2017-09-22 13:59:00,107.64,107.64,107.64,107.64,100.0
2017-09-22 14:00:00,107.53,107.61,107.53,107.61,950.0
2017-09-22 14:01:00,107.56,107.56,107.56,107.56,200.0
2017-09-22 14:02:00,107.49,107.58,107.48,107.58,1800.0
2017-09-22 14:03:00,107.5,107.5,107.46,107.49,600.0
2017-09-22 14:05:00,107.48,107.49,107.47,107.47,900.0
2017-09-22 14:06:00,107.5,107.5,107.5,107.5,100.0
2017-09-22 14:07:00,107.56,107.56,107.5,107.53,900.0
2017-09-22 14:09:00,107.53,107.53,107.53,107.53,100.0
2017-09-22 14:10:00,107.53,107.53,107.53,107.53,100.0
2017-09-22 14:14:00,107.54,107.54,107.54,107.54,100.0
2017-09-22 14:15:00,107.53,107.53,107.53,107.53,100.0
2017-09-22 14:16:00,107.53,107.54,107.53,107.54,200.0
2017-09-22 14:17:00,107.56,107.57,107.54,107.56,1600.0
2017-09-22 14:18:00,107.56,107.57,107.54,107.54,800.0
2017-09-22 14:20:00,107.55,107.55,107.55,107.55,200.0
2017-09-22 14:21:00,107.55,107.55,107.55,107.55,500.0
2017-09-22 14:22:00,107.5416,107.56,107.54,107.56,656.0
2017-09-22 14:24:00,107.55,107.55,107.55,107.55,100.0
2017-09-22 14:25:00,107.55,107.55,107.55,107.55,100.0
2017-09-22 14:26:00,107.48,107.54,107.48,107.54,1817.0
2017-09-22 14:28:00,107.47,107.47,107.47,107.47,100.0
2017-09-22 14:29:00,107.5,107.5,107.49,107.49,843.0
2017-09-22 14:32:00,107.48,107.5,107.48,107.5,2000.0
2017-09-22 14:34:00,107.54,107.54,107.4701,107.4701,1900.0
2017-09-22 14:35:00,107.5303,107.57,107.5303,107.56,400.0
2017-09-22 14:36:00,107.56,107.5688,107.56,107.5688,200.0
2017-09-22 14:38:00,107.58,107.59,107.58,107.58,500.0
2017-09-22 14:39:00,107.58,107.58,107.58,107.58,700.0
2017-09-22 14:40:00,107.57,107.57,107.57,107.57,100.0
2017-09-22 14:41:00,107.58,107.58,107.58,107.58,200.0
2017-09-22 14:42:00,107.59,107.59,107.59,107.59,100.0
2017-09-22 14:43:00,107.56,107.56,107.56,107.56,600.0
2017-09-22 14:44:00,107.58,107.59,107.58,107.5899,400.0
2017-09-22 14:45:00,107.59,107.59,107.58,107.58,300.0
2017-09-22 14:46:00,107.57,107.585,107.57,107.58,900.0
2017-09-22 14:47:00,107.61,107.61,107.57,107.57,864.0
2017-09-22 14:48:00,107.61,107.62,107.61,107.62,200.0
2017-09-22 14:49:00,107.61,107.61,107.6,107.61,900.0
2017-09-22 14:50:00,107.62,107.63,107.6,107.61,900.0
2017-09-22 14:51:00,107.61,107.61,107.6099,107.61,500.0
2017-09-22 14:52:00,107.605,107.61,107.605,107.61,826.0
2017-09-22 14:53:00,107.6,107.6,107.6,107.6,100.0
2017-09-22 14:54:00,107.6082,107.61,107.6082,107.61,200.0
2017-09-22 14:55:00,107.58,107.6198,107.58,107.61,1915.0
2017-09-22 14:57:00,107.5899,107.59,107.57,107.57,1061.0
2017-09-22 14:58:00,107.58,107.59,107.58,107.59,1213.0
2017-09-22 14:59:00,107.6,107.6,107.6,107.6,100.0
2017-09-22 15:00:00,107.56,107.57,107.56,107.57,400.0
2017-09-22 15:01:00,107.55,107.5699,107.55,107.56,350.0
2017-09-22 15:02:00,107.6,107.6,107.54,107.54,1396.0
2017-09-22 15:03:00,107.57,107.57,107.57,107.57,200.0
2017-09-22 15:04:00,107.58,107.58,107.57,107.57,400.0
2017-09-22 15:05:00,107.58,107.58,107.57,107.57,529.0
2017-09-22 15:06:00,107.62,107.62,107.58,107.58,800.0
2017-09-22 15:08:00,107.58,107.59,107.58,107.59,600.0
2017-09-22 15:09:00,107.59,107.59,107.59,107.59,500.0
2017-09-22 15:10:00,107.58,107.58,107.58,107.58,300.0
2017-09-22 15:11:00,107.57,107.57,107.56,107.57,1000.0
2017-09-22 15:12:00,107.565,107.565,107.565,107.565,100.0
2017-09-22 15:13:00,107.57,107.57,107.56,107.56,500.0
2017-09-22 15:16:00,107.55,107.5799,107.55,107.5782,2183.0
2017-09-22 15:17:00,107.54,107.55,107.54,107.55,900.0
2017-09-22 15:18:00,107.53,107.54,107.53,107.54,1127.0
2017-09-22 15:20:00,107.53,107.53,107.52,107.53,3049.0
2017-09-22 15:21:00,107.52,107.52,107.51,107.51,500.0
2017-09-22 15:22:00,107.5,107.5,107.49,107.49,300.0
2017-09-22 15:23:00,107.5,107.51,107.5,107.5,1900.0
2017-09-22 15:24:00,107.5,107.5,107.48,107.5,1326.0
2017-09-22 15:25:00,107.53,107.55,107.48,107.48,2200.0
2017-09-22 15:26:00,107.53,107.53,107.53,107.53,100.0
2017-09-22 15:27:00,107.5083,107.52,107.5083,107.52,1500.0
2017-09-22 15:28:00,107.51,107.51,107.51,107.51,200.0
2017-09-22 15:29:00,107.5125,107.5125,107.5125,107.5125,100.0
2017-09-22 15:30:00,107.53,107.53,107.51,107.51,2500.0
2017-09-22 15:31:00,107.53,107.53,107.53,107.53,300.0
2017-09-22 15:32:00,107.5391,107.5391,107.53,107.53,300.0
2017-09-22 15:33:00,107.55,107.55,107.5391,107.5391,1039.0
2017-09-22 15:34:00,107.57,107.57,107.55,107.55,700.0
2017-09-22 15:35:00,107.58,107.58,107.58,107.58,700.0
2017-09-22 15:36:00,107.6,107.6,107.6,107.6,500.0
2017-09-22 15:37:00,107.58,107.61,107.57,107.61,3401.0
2017-09-22 15:38:00,107.57,107.575,107.57,107.57,608.0
2017-09-22 15:39:00,107.58,107.58,107.56,107.56,1890.0
2017-09-22 15:40:00,107.59,107.59,107.58,107.58,200.0
2017-09-22 15:41:00,107.59,107.6,107.58,107.59,800.0
2017-09-22 15:42:00,107.58,107.59,107.58,107.58,500.0
2017-09-22 15:43:00,107.63,107.63,107.59,107.59,1897.0
2017-09-22 15:45:00,107.74,107.75,107.64,107.64,2829.0
2017-09-22 15:46:00,107.7,107.745,107.7,107.745,3940.0
2017-09-22 15:47:00,107.7,107.7,107.67,107.7,3227.0
2017-09-22 15:48:00,107.7,107.71,107.7,107.7,1600.0
2017-09-22 15:49:00,107.7,107.72,107.7,107.71,5631.0
2017-09-22 15:50:00,107.73,107.73,107.7,107.7,2793.0
2017-09-22 15:51:00,107.745,107.745,107.73,107.73,800.0
2017-09-22 15:52:00,107.745,107.75,107.74,107.74,800.0
2017-09-22 15:53:00,107.75,107.76,107.74,107.75,3594.0
2017-09-22 15:54:00,107.77,107.77,107.75,107.76,2487.0
2017-09-22 15:55:00,107.76,107.76,107.7399,107.76,6500.0
2017-09-22 15:56:00,107.8,107.8,107.75,107.75,6135.0
2017-09-22 15:57:00,107.84,107.86,107.8,107.81,7412.0
2017-09-22 15:58:00,107.89,107.89,107.84,107.85,4400.0
2017-09-22 15:59:00,107.88,107.9,107.86,107.88,6501.0
2017-09-22 16:00:00,107.73,107.875,107.73,107.87,11346.0
2017-09-25 09:30:00,107.75,107.75,107.75,107.75,3794.0
2017-09-25 09:31:00,107.77,107.77,107.77,107.77,100.0
2017-09-25 09:32:00,107.77,107.77,107.76,107.77,432.0
2017-09-25 09:33:00,107.84,107.88,107.84,107.88,300.0
2017-09-25 09:34:00,107.725,107.88,107.725,107.88,200.0
2017-09-25 09:35:00,108.0,108.0,107.87,107.88,1437.0
2017-09-25 09:36:00,107.89,108.01,107.89,108.005,1000.0
2017-09-25 09:37:00,107.98,107.98,107.945,107.97,600.0
2017-09-25 09:38:00,108.075,108.09,107.9511,108.04,1451.0
2017-09-25 09:39:00,107.98,108.14,107.98,108.12,1200.0
2017-09-25 09:40:00,108.01,108.01,107.96,107.96,200.0
2017-09-25 09:41:00,107.925,107.925,107.89,107.925,566.0
2017-09-25 09:42:00,107.85,107.87,107.755,107.755,976.0
2017-09-25 09:43:00,107.8899,107.8899,107.83,107.87,400.0
2017-09-25 09:44:00,107.88,107.88,107.87,107.87,300.0
2017-09-25 09:45:00,107.89,107.89,107.87,107.88,300.0
2017-09-25 09:46:00,107.92,107.98,107.89,107.9,2050.0
2017-09-25 09:47:00,107.9,107.92,107.9,107.92,200.0
2017-09-25 09:48:00,107.92,107.92,107.89,107.9,760.0
2017-09-25 09:49:00,107.925,107.97,107.925,107.97,500.0
2017-09-25 09:50:00,107.87,107.95,107.87,107.94,1060.0
2017-09-25 09:51:00,107.7,107.87,107.7,107.87,2100.0
2017-09-25 09:52:00,107.66,107.69,107.635,107.645,1100.0
2017-09-25 09:53:00,107.5,107.685,107.5,107.685,800.0
2017-09-25 09:54:00,107.6,107.6,107.545,107.6,300.0
2017-09-25 09:55:00,107.61,107.61,107.55,107.61,1262.0
2017-09-25 09:56:00,107.53,107.57,107.53,107.57,500.0
2017-09-25 09:57:00,107.6,107.6,107.59,107.6,396.0
2017-09-25 09:58:00,107.565,107.6,107.565,107.6,400.0
2017-09-25 09:59:00,107.58,107.58,107.53,107.57,300.0
2017-09-25 10:00:00,107.58,107.655,107.575,107.575,2500.0
2017-09-25 10:01:00,107.56,107.615,107.56,107.61,700.0
2017-09-25 10:02:00,107.67,107.67,107.59,107.61,1400.0
2017-09-25 10:03:00,107.71,107.71,107.71,107.71,500.0
2017-09-25 10:04:00,107.58,107.71,107.58,107.7,1300.0
2017-09-25 10:05:00,107.65,107.65,107.58,107.64,300.0
2017-09-25 10:06:00,107.66,107.66,107.62,107.62,700.0
2017-09-25 10:07:00,107.62,107.66,107.62,107.66,500.0
2017-09-25 10:09:00,107.62,107.64,107.59,107.62,3293.0
2017-09-25 10:10:00,107.635,107.64,107.62,107.62,1800.0
2017-09-25 10:11:00,107.64,107.64,107.64,107.64,300.0
2017-09-25 10:12:00,107.62,107.67,107.62,107.64,2200.0
2017-09-25 10:13:00,107.64,107.64,107.64,107.64,100.0
2017-09-25 10:14:00,107.68,107.68,107.645,107.67,900.0
2017-09-25 10:15:00,107.75,107.75,107.64,107.66,3092.0
2017-09-25 10:16:00,107.78,107.78,107.7425,107.7425,300.0
2017-09-25 10:17:00,107.77,107.78,107.77,107.77,300.0
2017-09-25 10:18:00,107.865,107.88,107.78,107.78,1300.0
2017-09-25 10:19:00,107.97,107.98,107.88,107.88,1722.0
2017-09-25 10:20:00,107.9,107.98,107.89,107.97,2656.0
2017-09-25 10:21:00,107.905,107.93,107.89,107.92,8466.0
2017-09-25 10:22:00,107.92,107.92,107.88,107.89,900.0
2017-09-25 10:23:00,107.91,107.91,107.91,107.91,100.0
2017-09-25 10:24:00,107.89,107.91,107.89,107.91,300.0
2017-09-25 10:25:00,107.9,107.9,107.84,107.87,600.0
2017-09-25 10:26:00,107.8225,107.89,107.81,107.89,7800.0
2017-09-25 10:27:00,107.835,107.87,107.81,107.81,1800.0
2017-09-25 10:28:00,107.83,107.83,107.82,107.825,500.0
2017-09-25 10:29:00,107.78,107.85,107.76,107.85,4100.0
2017-09-25 10:30:00,107.705,107.73,107.7,107.7,1100.0
2017-09-25 10:31:00,107.77,107.77,107.71,107.72,3665.0
2017-09-25 10:32:00,107.78,107.78,107.74,107.75,1560.0
2017-09-25 10:33:00,107.825,107.84,107.8,107.8,1700.0
2017-09-25 10:34:00,107.86,107.86,107.84,107.84,900.0
2017-09-25 10:35:00,107.94,107.94,107.83,107.83,2100.0
2017-09-25 10:36:00,107.99,108.05,107.92,107.96,2900.0
2017-09-25 10:37:00,107.91,108.0,107.91,107.93,1645.0
2017-09-25 10:38:00,107.86,107.93,107.86,107.93,1411.0
2017-09-25 10:40:00,107.82,107.84,107.8,107.84,1200.0
2017-09-25 10:41:00,107.795,107.795,107.795,107.795,200.0
2017-09-25 10:43:00,107.82,107.82,107.8,107.8,400.0
2017-09-25 10:44:00,107.9,107.9,107.85,107.85,1700.0
2017-09-25 10:45:00,107.86,107.92,107.855,107.9,3700.0
2017-09-25 10:46:00,107.84,107.84,107.84,107.84,100.0
2017-09-25 10:47:00,107.79,107.85,107.79,107.84,1000.0
2017-09-25 10:48:00,107.77,107.79,107.77,107.78,1500.0
2017-09-25 10:49:00,107.68,107.68,107.68,107.68,100.0
2017-09-25 10:50:00,107.83,107.84,107.74,107.74,1500.0
2017-09-25 10:51:00,107.84,107.84,107.81,107.82,400.0
2017-09-25 10:52:00,107.755,107.79,107.75,107.77,1100.0
2017-09-25 10:53:00,107.76,107.79,107.71799999999999,107.71799999999999,500.0
2017-09-25 10:54:00,107.71,107.7747,107.71,107.7747,470.0
2017-09-25 10:55:00,107.75,107.75,107.74,107.74,400.0
2017-09-25 10:56:00,107.81,107.84,107.75,107.75,1773.0
2017-09-25 10:57:00,107.695,107.86,107.695,107.86,3321.0
2017-09-25 10:58:00,107.7,107.73,107.7,107.73,200.0
2017-09-25 10:59:00,107.78,107.78,107.74,107.74,1800.0
2017-09-25 11:00:00,107.74,107.74,107.68,107.7325,610.0
2017-09-25 11:01:00,107.715,107.74,107.715,107.74,500.0
2017-09-25 11:02:00,107.51,107.68,107.51,107.68,3000.0
2017-09-25 11:03:00,107.52,107.62,107.52,107.56,1800.0
2017-09-25 11:04:00,107.46,107.56,107.46,107.56,600.0
2017-09-25 11:05:00,107.38,107.42,107.38,107.42,300.0
2017-09-25 11:06:00,107.4208,107.4208,107.4208,107.4208,100.0
2017-09-25 11:07:00,107.5256,107.53,107.435,107.46,2853.0
2017-09-25 11:08:00,107.61,107.61,107.55,107.55,1293.0
2017-09-25 11:09:00,107.595,107.63,107.56,107.63,500.0
2017-09-25 11:10:00,107.6,107.6,107.59,107.6,800.0
2017-09-25 11:11:00,107.56,107.56,107.56,107.56,200.0
2017-09-25 11:12:00,107.67,107.72,107.585,107.585,1400.0
2017-09-25 11:13:00,107.73,107.73,107.72,107.73,600.0
2017-09-25 11:14:00,107.73,107.73,107.73,107.73,100.0
2017-09-25 11:15:00,107.83,107.83,107.71,107.71,1300.0
2017-09-25 11:16:00,107.84,107.84,107.83,107.83,400.0
2017-09-25 11:17:00,107.83,107.84,107.81,107.84,710.0
2017-09-25 11:18:00,107.83,107.83,107.83,107.83,100.0
2017-09-25 11:19:00,107.86,107.91,107.84,107.84,3600.0
2017-09-25 11:20:00,107.89,107.89,107.89,107.89,200.0
2017-09-25 11:21:00,107.88,107.88,107.84,107.88,400.0
2017-09-25 11:22:00,107.83,107.84,107.83,107.84,1317.0
2017-09-25 11:23:00,107.78,107.86,107.78,107.86,1600.0
2017-09-25 11:24:00,107.76,107.775,107.75,107.76,1100.0
2017-09-25 11:25:00,107.81,107.83,107.8,107.8,1301.0
2017-09-25 11:26:00,107.94,107.94,107.83,107.83,1457.0
2017-09-25 11:27:00,107.9,107.91,107.9,107.91,900.0
2017-09-25 11:28:00,107.96,107.96,107.895,107.895,1052.0
2017-09-25 11:29:00,107.99,107.99,107.965,107.98,600.0
2017-09-25 11:30:00,107.91,107.98,107.91,107.98,1279.0
2017-09-25 11:31:00,107.9399,107.96,107.9399,107.96,200.0
2017-09-25 11:32:00,107.99,107.99,107.97,107.97,956.0
2017-09-25 11:33:00,108.13,108.13,107.99,108.0,2883.0
2017-09-25 11:34:00,108.14,108.14,108.14,108.14,284.0
2017-09-25 11:35:00,108.15,108.15,108.14,108.14,500.0
2017-09-25 11:36:00,107.98,108.14,107.98,108.14,3399.0
2017-09-25 11:37:00,107.97,107.97,107.97,107.97,100.0
2017-09-25 11:38:00,108.01,108.01,107.95,107.95,200.0
2017-09-25 11:39:00,107.97,107.97,107.97,107.97,200.0
2017-09-25 11:40:00,107.99,107.995,107.94,107.99,1596.0
2017-09-25 11:41:00,108.025,108.025,107.89,107.94,2252.0
2017-09-25 11:42:00,108.03,108.03,108.0,108.0,600.0
2017-09-25 11:43:00,107.96,108.01,107.96,108.0,500.0
2017-09-25 11:45:00,107.93,107.99,107.93,107.99,1290.0
2017-09-25 11:46:00,107.87,107.91,107.87,107.91,700.0
2017-09-25 11:47:00,107.82,107.93,107.82,107.85,3400.0
2017-09-25 11:48:00,107.77,107.85,107.76,107.85,1000.0
2017-09-25 11:49:00,107.78,107.8,107.78,107.8,700.0
2017-09-25 11:50:00,107.815,107.83,107.815,107.83,545.0
2017-09-25 11:51:00,107.9,107.94,107.83,107.85,3300.0
2017-09-25 11:52:00,107.87,107.95,107.86,107.95,2900.0
2017-09-25 11:53:00,107.86,107.9,107.86,107.9,1477.0
2017-09-25 11:54:00,107.84,107.9,107.84,107.89,2289.0
2017-09-25 11:55:00,107.88,107.88,107.88,107.88,100.0
2017-09-25 11:56:00,107.92,107.92,107.89,107.89,1063.0
2017-09-25 11:57:00,107.96,107.97,107.95,107.96,1300.0
2017-09-25 11:58:00,107.955,107.955,107.955,107.955,100.0
2017-09-25 11:59:00,108.05,108.05,107.945,107.99,800.0
2017-09-25 12:00:00,107.98,108.03,107.98,108.03,718.0
2017-09-25 12:01:00,107.99,108.03,107.94,108.0,5604.0
2017-09-25 12:03:00,107.97,107.97,107.97,107.97,500.0
2017-09-25 12:04:00,107.97,108.01,107.97,107.98,2400.0
2017-09-25 12:06:00,107.86,107.94,107.86,107.94,500.0
2017-09-25 12:07:00,107.84,107.84,107.84,107.84,100.0
2017-09-25 12:08:00,107.88,107.89,107.85,107.85,3560.0
2017-09-25 12:09:00,107.99,107.99,107.9,107.9,900.0
2017-09-25 12:10:00,107.94,107.95,107.94,107.95,1300.0
2017-09-25 12:11:00,107.99,108.0,107.96,107.96,1400.0
2017-09-25 12:12:00,107.97,108.0,107.97,108.0,2800.0
2017-09-25 12:14:00,107.97,107.97,107.97,107.97,300.0
2017-09-25 12:15:00,107.86,107.95,107.85,107.95,1593.0
2017-09-25 12:16:00,107.84,107.84,107.84,107.84,100.0
2017-09-25 12:17:00,107.9,107.9,107.89,107.89,1200.0
2017-09-25 12:18:00,107.9,107.9,107.899,107.9,300.0
2017-09-25 12:19:00,107.96,107.96,107.86,107.86,2300.0
2017-09-25 12:20:00,107.96,107.97,107.96,107.97,200.0
2017-09-25 12:21:00,107.88,107.91,107.88,107.91,1000.0
2017-09-25 12:22:00,107.86,107.86,107.86,107.86,200.0
2017-09-25 12:23:00,107.86,107.88,107.83,107.83,1000.0
2017-09-25 12:24:00,107.9001,107.93,107.87,107.87,2368.0
2017-09-25 12:25:00,107.93,107.95,107.93,107.95,2499.0
2017-09-25 12:26:00,107.98,107.98,107.9044,107.93,2779.0
2017-09-25 12:27:00,107.95,107.96,107.95,107.96,500.0
2017-09-25 12:28:00,107.95,107.95,107.95,107.95,100.0
2017-09-25 12:29:00,107.91,107.96,107.91,107.93,1100.0
2017-09-25 12:30:00,107.88,107.94,107.88,107.9,594.0
2017-09-25 12:31:00,107.9212,107.9212,107.9,107.9,772.0
2017-09-25 12:32:00,107.92,107.95,107.92,107.95,400.0
2017-09-25 12:33:00,107.87,107.9,107.87,107.89,802.0
2017-09-25 12:34:00,107.82,107.93,107.82,107.91,3625.0
2017-09-25 12:35:00,107.81,107.82,107.81,107.82,3187.0
2017-09-25 12:36:00,107.8001,107.83,107.8,107.8,300.0
2017-09-25 12:37:00,107.83,107.84,107.8,107.8,590.0
2017-09-25 12:38:00,107.83,107.83,107.83,107.83,100.0
2017-09-25 12:39:00,107.78,107.83,107.78,107.83,1300.0
2017-09-25 12:40:00,107.86,107.86,107.81,107.81,1401.0
2017-09-25 12:41:00,107.79,107.86,107.79,107.86,746.0
2017-09-25 12:42:00,107.86,107.86,107.82,107.82,200.0
2017-09-25 12:43:00,107.8,107.81,107.8,107.81,500.0
2017-09-25 12:44:00,107.88,107.88,107.85,107.85,400.0
2017-09-25 12:45:00,107.9,107.9,107.85,107.89,300.0
2017-09-25 12:46:00,107.9,107.9,107.9,107.9,200.0
2017-09-25 12:47:00,107.84,107.85,107.84,107.85,600.0
2017-09-25 12:48:00,107.89,107.89,107.85,107.85,942.0
2017-09-25 12:49:00,107.91,107.91,107.9,107.9,1034.0
2017-09-25 12:50:00,107.91,107.92,107.895,107.92,400.0
2017-09-25 12:51:00,107.95,107.98,107.93,107.93,1300.0
2017-09-25 12:52:00,107.96,107.96,107.92,107.92,600.0
2017-09-25 12:53:00,108.06,108.06,107.98,107.98,1399.0
2017-09-25 12:54:00,108.01,108.06,108.01,108.06,800.0
2017-09-25 12:55:00,107.95,107.99,107.95,107.99,800.0
2017-09-25 12:56:00,108.03,108.03,107.97,107.97,1000.0
2017-09-25 12:57:00,108.02,108.04,108.02,108.04,300.0
2017-09-25 13:00:00,108.06,108.06,108.04,108.05,1100.0
2017-09-25 13:01:00,107.93,108.06,107.93,108.06,3641.0
2017-09-25 13:03:00,108.0,108.0,107.92,107.92,1000.0
2017-09-25 13:04:00,107.98,108.0,107.94,108.0,500.0
2017-09-25 13:05:00,107.99,107.99,107.99,107.99,200.0
2017-09-25 13:07:00,107.98,107.98,107.98,107.98,200.0
2017-09-25 13:08:00,107.94,107.94,107.94,107.94,600.0
2017-09-25 13:09:00,107.97,107.98,107.96,107.97,1800.0
2017-09-25 13:10:00,107.95,107.99,107.95,107.99,743.0
2017-09-25 13:11:00,107.98,108.0,107.97,107.97,1700.0
2017-09-25 13:12:00,107.99,107.99,107.96,107.97,700.0
2017-09-25 13:13:00,108.0,108.0,108.0,108.0,200.0
2017-09-25 13:14:00,107.99,107.99,107.96,107.96,300.0
2017-09-25 13:15:00,108.0,108.0,108.0,108.0,100.0
2017-09-25 13:16:00,108.0,108.0,108.0,108.0,100.0
2017-09-25 13:17:00,108.0,108.03,107.9804,108.0,3400.0
2017-09-25 13:18:00,108.04,108.04,108.04,108.04,200.0
2017-09-25 13:19:00,108.02,108.02,108.02,108.02,200.0
2017-09-25 13:21:00,108.04,108.07,108.01,108.04,1788.0
2017-09-25 13:22:00,108.04,108.04,107.98,107.98,200.0
2017-09-25 13:23:00,108.04,108.04,107.98,108.03,400.0
2017-09-25 13:24:00,108.04,108.04,108.03,108.03,200.0
2017-09-25 13:25:00,108.05,108.06,108.04,108.04,2252.0
2017-09-25 13:26:00,108.01,108.04,108.01,108.04,1000.0
2017-09-25 13:27:00,108.02,108.02,108.02,108.02,1002.0
2017-09-25 13:28:00,108.02,108.02,108.0,108.0,200.0
2017-09-25 13:29:00,108.01,108.01,108.0,108.0,200.0
2017-09-25 13:30:00,108.0,108.0,108.0,108.0,200.0
2017-09-25 13:31:00,107.95,107.95,107.95,107.95,300.0
2017-09-25 13:32:00,107.91,107.95,107.91,107.95,600.0
2017-09-25 13:33:00,107.935,107.935,107.91,107.91,300.0
2017-09-25 13:34:00,107.93,107.97,107.93,107.94,2212.0
2017-09-25 13:37:00,108.0,108.0,107.94,107.94,1109.0
2017-09-25 13:38:00,108.04,108.04,108.01,108.01,1239.0
2017-09-25 13:39:00,108.0,108.04,108.0,108.04,909.0
2017-09-25 13:40:00,108.05,108.05,108.0,108.01,900.0
2017-09-25 13:41:00,108.02,108.08,108.02,108.08,1100.0
2017-09-25 13:42:00,108.07,108.07,108.0,108.0,1100.0
2017-09-25 13:43:00,108.07,108.07,108.03,108.04,700.0
2017-09-25 13:44:00,108.07,108.07,108.06,108.06,200.0
2017-09-25 13:45:00,108.12,108.12,108.07,108.07,1168.0
2017-09-25 13:46:00,108.13,108.13,108.11,108.11,400.0
2017-09-25 13:47:00,108.11,108.13,108.11,108.13,1900.0
2017-09-25 13:48:00,108.12,108.13,108.11,108.11,300.0
2017-09-25 13:49:00,108.09,108.11,108.09,108.11,1000.0
2017-09-25 13:50:00,108.06,108.08,108.06,108.08,400.0
2017-09-25 13:51:00,108.1,108.11,108.0665,108.0665,1979.0
2017-09-25 13:52:00,108.13,108.13,108.13,108.13,100.0
2017-09-25 13:53:00,108.1,108.13,108.1,108.13,500.0
2017-09-25 13:54:00,108.113,108.13,108.1,108.11,1973.0
2017-09-25 13:56:00,108.13,108.13,108.12,108.12,300.0
2017-09-25 13:57:00,108.16,108.16,108.13,108.13,1000.0
2017-09-25 13:58:00,108.13,108.18,108.13,108.18,1208.0
2017-09-25 13:59:00,108.12,108.12,108.12,108.12,700.0
2017-09-25 14:00:00,108.13,108.13,108.09,108.12,400.0
2017-09-25 14:01:00,108.16,108.16,108.12,108.12,2010.0
2017-09-25 14:02:00,108.21,108.21,108.16,108.17,1600.0
2017-09-25 14:03:00,108.16,108.2,108.16,108.2,600.0
2017-09-25 14:05:00,108.19,108.19,108.16,108.16,300.0
2017-09-25 14:06:00,108.19,108.19,108.18,108.19,1000.0
2017-09-25 14:07:00,108.19,108.21,108.19,108.19,800.0
2017-09-25 14:08:00,108.22,108.22,108.19,108.19,900.0
2017-09-25 14:09:00,108.24,108.24,108.21,108.21,700.0
2017-09-25 14:10:00,108.2474,108.25,108.24,108.25,1203.0
2017-09-25 14:11:00,108.24,108.28,108.24,108.26,2729.0
2017-09-25 14:12:00,108.27,108.27,108.27,108.27,100.0
2017-09-25 14:13:00,108.29,108.29,108.28,108.28,300.0
2017-09-25 14:14:00,108.29,108.29,108.29,108.29,707.0
2017-09-25 14:16:00,108.25,108.3,108.25,108.3,2400.0
2017-09-25 14:17:00,108.25,108.25,108.24,108.24,200.0
2017-09-25 14:18:00,108.1801,108.22,108.1801,108.22,510.0
2017-09-25 14:19:00,108.21,108.21,108.21,108.21,200.0
2017-09-25 14:20:00,108.21,108.21,108.2099,108.2099,200.0
2017-09-25 14:21:00,108.2,108.24,108.2,108.21,2107.0
2017-09-25 14:22:00,108.19,108.2,108.18,108.2,800.0
2017-09-25 14:24:00,108.18,108.22,108.18,108.22,900.0
2017-09-25 14:25:00,108.18,108.18,108.18,108.18,100.0
2017-09-25 14:28:00,108.05,108.15,108.05,108.15,1800.0
2017-09-25 14:29:00,108.08,108.08,108.05,108.05,200.0
2017-09-25 14:31:00,108.04,108.04,108.04,108.04,300.0
2017-09-25 14:32:00,108.05,108.09,108.05,108.05,1701.0
2017-09-25 14:33:00,108.0045,108.07,108.0,108.0,1154.0
2017-09-25 14:35:00,107.98,108.01,107.98,108.01,600.0
2017-09-25 14:36:00,107.95,107.98,107.95,107.98,700.0
2017-09-25 14:37:00,107.95,107.95,107.95,107.95,200.0
2017-09-25 14:38:00,107.9533,107.96,107.93,107.95,1200.0
2017-09-25 14:39:00,107.94,107.969,107.94,107.96,2000.0
2017-09-25 14:40:00,107.98,107.98,107.96,107.97,700.0
2017-09-25 14:41:00,107.9581,107.97,107.9581,107.97,500.0
2017-09-25 14:42:00,107.96,107.96,107.95100000000001,107.95100000000001,600.0
2017-09-25 14:43:00,108.0,108.0,107.97,107.97,800.0
2017-09-25 14:45:00,107.94,107.99,107.94,107.99,1452.0
2017-09-25 14:46:00,107.9264,107.9398,107.9264,107.9398,326.0
2017-09-25 14:47:00,107.93,107.94,107.93,107.94,866.0
2017-09-25 14:48:00,107.9,107.93,107.9,107.93,601.0
2017-09-25 14:49:00,107.94,107.94,107.93,107.93,400.0
2017-09-25 14:51:00,107.94,107.95,107.92,107.95,700.0
2017-09-25 14:52:00,107.92,107.92,107.92,107.92,300.0
2017-09-25 14:55:00,107.92,107.92,107.92,107.92,100.0
2017-09-25 14:56:00,107.98,108.0,107.95,107.95,2120.0
2017-09-25 14:57:00,107.96,107.96,107.96,107.96,100.0
2017-09-25 15:00:00,107.91,107.94,107.91,107.92,400.0
2017-09-25 15:01:00,107.93,107.94,107.91,107.92,972.0
2017-09-25 15:02:00,107.95,107.98,107.93,107.93,2400.0
2017-09-25 15:03:00,107.95,107.95,107.93,107.93,300.0
2017-09-25 15:04:00,107.93,107.98,107.93,107.98,900.0
2017-09-25 15:05:00,107.96,107.96,107.96,107.96,100.0
2017-09-25 15:06:00,107.99,107.99,107.96,107.97,1000.0
2017-09-25 15:07:00,108.05,108.05,108.01,108.01,700.0
2017-09-25 15:08:00,108.01,108.025,108.0,108.025,900.0
2017-09-25 15:09:00,108.07,108.085,108.01,108.01,2460.0
2017-09-25 15:10:00,108.1,108.1,108.07,108.07,500.0
2017-09-25 15:11:00,108.13,108.13,108.08,108.1,3500.0
2017-09-25 15:12:00,108.1299,108.13,108.11,108.13,900.0
2017-09-25 15:13:00,108.16,108.16,108.1076,108.12,1200.0
2017-09-25 15:14:00,108.175,108.1823,108.16,108.16,600.0
2017-09-25 15:15:00,108.19,108.21,108.18,108.19,1200.0
2017-09-25 15:16:00,108.2,108.2,108.18,108.19,700.0
2017-09-25 15:17:00,108.21,108.23,108.21,108.22,1400.0
2017-09-25 15:18:00,108.24,108.24,108.23,108.23,400.0
2017-09-25 15:19:00,108.225,108.25,108.225,108.25,200.0
2017-09-25 15:20:00,108.25,108.25,108.25,108.25,500.0
2017-09-25 15:21:00,108.26,108.26,108.25,108.25,600.0
2017-09-25 15:22:00,108.26,108.26,108.26,108.26,300.0
2017-09-25 15:23:00,108.29,108.29,108.26,108.26,1100.0
2017-09-25 15:24:00,108.315,108.33,108.28,108.3,3000.0
2017-09-25 15:25:00,108.34,108.355,108.33,108.33,2207.0
2017-09-25 15:26:00,108.32,108.34,108.32,108.34,400.0
2017-09-25 15:27:00,108.3174,108.32,108.29,108.31,1091.0
2017-09-25 15:28:00,108.29,108.33,108.29,108.32,2030.0
2017-09-25 15:29:00,108.31,108.31,108.285,108.3,500.0
2017-09-25 15:30:00,108.3,108.31,108.3,108.31,300.0
2017-09-25 15:31:00,108.3,108.3,108.26,108.3,800.0
2017-09-25 15:32:00,108.175,108.3,108.16,108.28,3997.0
2017-09-25 15:33:00,108.155,108.18,108.155,108.155,1700.0
2017-09-25 15:34:00,108.13,108.145,108.12,108.145,1550.0
2017-09-25 15:35:00,108.03,108.16,108.02,108.14,4306.0
2017-09-25 15:36:00,108.01,108.04,107.98,107.98,7982.0
2017-09-25 15:37:00,107.91,108.015,107.91,108.01,3064.0
2017-09-25 15:38:00,107.89,107.94,107.88,107.89,4790.0
2017-09-25 15:39:00,107.94,107.96,107.93,107.94,2129.0
2017-09-25 15:40:00,107.88,107.94,107.87,107.94,1300.0
2017-09-25 15:41:00,107.92,107.94,107.9,107.9,2797.0
2017-09-25 15:42:00,107.88,107.92,107.86,107.9,2800.0
2017-09-25 15:43:00,107.85,107.89,107.85,107.88,2000.0
2017-09-25 15:44:00,107.86,107.88,107.85,107.87,4300.0
2017-09-25 15:45:00,107.885,107.89,107.87,107.87,3039.0
2017-09-25 15:46:00,107.9,107.92,107.88,107.89,6804.0
2017-09-25 15:47:00,107.89,107.91,107.89,107.9,4300.0
2017-09-25 15:48:00,107.76,107.9,107.76,107.9,8536.0
2017-09-25 15:49:00,107.82,107.87,107.79,107.79,6960.0
2017-09-25 15:50:00,107.84,107.86,107.76,107.85,8858.0
2017-09-25 15:51:00,107.805,107.84,107.79,107.79,4703.0
2017-09-25 15:52:00,107.8,107.81,107.79,107.8,3493.0
2017-09-25 15:53:00,107.83,107.84,107.8,107.81,5706.0
2017-09-25 15:54:00,107.8,107.83,107.8,107.83,3600.0
2017-09-25 15:55:00,107.74,107.81,107.74,107.81,5961.0
2017-09-25 15:56:00,107.78,107.8,107.75,107.75,12484.0
2017-09-25 15:57:00,107.74,107.78,107.72,107.77,8325.0
2017-09-25 15:58:00,107.73,107.74,107.72,107.735,7801.0
2017-09-25 15:59:00,107.65,107.73,107.64,107.72,25337.0
2017-09-25 16:00:00,107.62,107.65,107.57,107.65,37597.0
2017-09-26 09:30:00,107.84,107.84,107.84,107.84,3770.0
2017-09-26 09:34:00,107.66,107.735,107.53,107.72,2850.0
2017-09-26 09:36:00,107.69,107.78,107.69,107.7,1909.0
2017-09-26 09:37:00,107.6,107.8,107.6,107.69,1031.0
2017-09-26 09:38:00,107.695,107.695,107.695,107.695,100.0
2017-09-26 09:39:00,107.52,107.52,107.52,107.52,100.0
2017-09-26 09:40:00,107.485,107.485,107.4,107.4,231.0
2017-09-26 09:41:00,107.22,107.46,107.22,107.37,3487.0
2017-09-26 09:42:00,107.2,107.365,107.2,107.32,900.0
2017-09-26 09:43:00,107.27,107.27,107.22,107.22,200.0
2017-09-26 09:44:00,107.05,107.225,107.05,107.14,4700.0
2017-09-26 09:45:00,106.93,107.135,106.93,107.06,3086.0
2017-09-26 09:46:00,107.15,107.15,107.06,107.07,1595.0
2017-09-26 09:49:00,107.28,107.28,107.16,107.17,1005.0
2017-09-26 09:50:00,107.31,107.31,107.28,107.28,200.0
2017-09-26 09:51:00,107.41,107.41,107.2509,107.2509,633.0
2017-09-26 09:52:00,107.355,107.42,107.355,107.42,1250.0
2017-09-26 09:53:00,107.41,107.41,107.41,107.41,400.0
2017-09-26 09:54:00,107.43,107.43,107.4,107.4,300.0
2017-09-26 09:55:00,107.37,107.42,107.36,107.38,983.0
2017-09-26 09:56:00,107.22,107.31,107.22,107.31,556.0
2017-09-26 09:57:00,107.345,107.345,107.11,107.22,1800.0
2017-09-26 09:59:00,107.32,107.32,107.27,107.28,1100.0
2017-09-26 10:00:00,107.32,107.49,107.32,107.33,1593.0
2017-09-26 10:01:00,107.41,107.41,107.39,107.39,400.0
2017-09-26 10:02:00,107.43,107.43,107.36,107.36,1700.0
2017-09-26 10:04:00,107.5,107.5,107.44,107.47,300.0
2017-09-26 10:05:00,107.35,107.41,107.31,107.41,1532.0
2017-09-26 10:06:00,107.32,107.36,107.32,107.36,700.0
2017-09-26 10:07:00,107.62,107.62,107.37,107.37,4100.0
2017-09-26 10:08:00,107.66,107.66,107.66,107.66,100.0
2017-09-26 10:10:00,107.54,107.66,107.54,107.66,900.0
2017-09-26 10:11:00,107.6,107.66,107.6,107.66,353.0
2017-09-26 10:12:00,107.69,107.69,107.66,107.66,700.0
2017-09-26 10:13:00,107.76,107.77,107.74,107.74,1100.0
2017-09-26 10:14:00,107.77,107.77,107.76,107.76,500.0
2017-09-26 10:15:00,107.7223,107.77,107.7223,107.77,200.0
2017-09-26 10:18:00,107.69,107.74,107.65,107.69,1132.0
2017-09-26 10:19:00,107.71,107.71,107.71,107.71,100.0
2017-09-26 10:20:00,107.62,107.65,107.62,107.65,300.0
2017-09-26 10:21:00,107.61,107.61,107.61,107.61,100.0
2017-09-26 10:22:00,107.47,107.58,107.47,107.58,1900.0
2017-09-26 10:23:00,107.52,107.52,107.47,107.47,500.0
2017-09-26 10:24:00,107.45,107.52,107.45,107.49,896.0
2017-09-26 10:25:00,107.37,107.51,107.37,107.44,2734.0
2017-09-26 10:26:00,107.39,107.49,107.39,107.49,800.0
2017-09-26 10:28:00,107.5601,107.6,107.49,107.49,3396.0
2017-09-26 10:30:00,107.66,107.66,107.64,107.64,800.0
2017-09-26 10:31:00,107.68,107.68,107.68,107.68,300.0
2017-09-26 10:32:00,107.62,107.62,107.56,107.6,800.0
2017-09-26 10:35:00,107.44,107.51,107.44,107.5,1400.0
2017-09-26 10:36:00,107.47,107.47,107.44,107.44,300.0
2017-09-26 10:37:00,107.49,107.5,107.48,107.48,2600.0
2017-09-26 10:38:00,107.52,107.52,107.5,107.5,300.0
2017-09-26 10:39:00,107.495,107.495,107.495,107.495,100.0
2017-09-26 10:42:00,107.54,107.54,107.525,107.53,800.0
2017-09-26 10:43:00,107.62,107.62,107.56,107.56,800.0
2017-09-26 10:44:00,107.56,107.6363,107.53,107.6363,1821.0
2017-09-26 10:45:00,107.59,107.59,107.55,107.55,300.0
2017-09-26 10:46:00,107.59,107.59,107.58,107.58,400.0
2017-09-26 10:47:00,107.55,107.55,107.55,107.55,200.0
2017-09-26 10:49:00,107.57,107.57,107.53,107.56,600.0
2017-09-26 10:53:00,107.48,107.515,107.43,107.49,1300.0
2017-09-26 10:54:00,107.48,107.51,107.43,107.45,2200.0
2017-09-26 10:55:00,107.51,107.51,107.49,107.49,800.0
2017-09-26 10:57:00,107.6,107.6,107.55,107.6,500.0
2017-09-26 10:59:00,107.5,107.5,107.5,107.5,100.0
2017-09-26 11:03:00,107.55,107.55,107.5,107.52,800.0
2017-09-26 11:04:00,107.5398,107.5398,107.5398,107.5398,120.0
2017-09-26 11:05:00,107.54,107.54,107.5,107.5,300.0
2017-09-26 11:08:00,107.5,107.5,107.5,107.5,100.0
2017-09-26 11:09:00,107.43,107.47,107.43,107.47,300.0
2017-09-26 11:10:00,107.49,107.49,107.49,107.49,100.0
2017-09-26 11:11:00,107.44,107.48,107.44,107.48,200.0
2017-09-26 11:12:00,107.51,107.51,107.43,107.43,2900.0
2017-09-26 11:13:00,107.5,107.53,107.46,107.52,1100.0
2017-09-26 11:14:00,107.54,107.54,107.46,107.46,300.0
2017-09-26 11:16:00,107.48,107.48,107.46,107.46,200.0
2017-09-26 11:17:00,107.53,107.53,107.51,107.51,400.0
2017-09-26 11:19:00,107.539,107.539,107.539,107.539,100.0
2017-09-26 11:20:00,107.47,107.49,107.44,107.49,1000.0
2017-09-26 11:22:00,107.48,107.48,107.48,107.48,200.0
2017-09-26 11:23:00,107.53,107.53,107.47,107.47,2050.0
2017-09-26 11:24:00,107.52,107.52,107.52,107.52,100.0
2017-09-26 11:25:00,107.5206,107.5206,107.5206,107.5206,150.0
2017-09-26 11:26:00,107.505,107.539,107.505,107.539,490.0
2017-09-26 11:27:00,107.56,107.56,107.48,107.48,5611.0
2017-09-26 11:28:00,107.54,107.55,107.49,107.53,3505.0
2017-09-26 11:29:00,107.57,107.57,107.54,107.54,400.0
2017-09-26 11:30:00,107.59,107.59,107.57,107.57,700.0
2017-09-26 11:31:00,107.62,107.62,107.61,107.61,200.0
2017-09-26 11:32:00,107.76,107.76,107.58,107.58,3998.0
2017-09-26 11:33:00,107.85,107.85,107.74,107.74,2145.0
2017-09-26 11:34:00,107.91,107.94,107.87,107.87,2300.0
2017-09-26 11:35:00,107.98,107.98,107.92,107.93,400.0
2017-09-26 11:36:00,107.96,108.0475,107.96,108.015,3700.0
2017-09-26 11:37:00,107.93,107.9748,107.89,107.9748,3515.0
2017-09-26 11:39:00,107.93,107.93,107.92,107.92,800.0
2017-09-26 11:41:00,108.0,108.0,108.0,108.0,100.0
2017-09-26 11:42:00,107.97,107.97,107.97,107.97,100.0
2017-09-26 11:44:00,107.97,107.97,107.97,107.97,100.0
2017-09-26 11:45:00,107.98,107.98,107.97,107.97,200.0
2017-09-26 11:46:00,107.97,107.97,107.97,107.97,100.0
2017-09-26 11:47:00,107.97,107.97,107.97,107.97,100.0
2017-09-26 11:48:00,108.0,108.01,107.97,107.97,3302.0
2017-09-26 11:49:00,107.99,107.995,107.97,107.99,1600.0
2017-09-26 11:51:00,107.98,107.98,107.97,107.97,200.0
2017-09-26 11:52:00,107.98,107.98,107.98,107.98,100.0
2017-09-26 11:53:00,107.945,107.945,107.91,107.91,400.0
2017-09-26 11:54:00,107.92,107.92,107.88,107.88,700.0
2017-09-26 11:55:00,107.85,107.89,107.85,107.87,400.0
2017-09-26 11:56:00,107.84,107.84,107.84,107.84,100.0
2017-09-26 11:57:00,107.94,107.94,107.85,107.85,2489.0
2017-09-26 11:58:00,107.99,107.99,107.95,107.96,1277.0
2017-09-26 12:01:00,107.97,107.975,107.95,107.97,850.0
2017-09-26 12:03:00,107.96,107.96,107.93,107.93,200.0
2017-09-26 12:04:00,107.96,107.96,107.92,107.92,300.0
2017-09-26 12:05:00,107.93,107.93,107.93,107.93,200.0
2017-09-26 12:06:00,107.94,107.94,107.9,107.92,400.0
2017-09-26 12:08:00,107.9,107.9,107.87,107.88,500.0
2017-09-26 12:10:00,107.85,107.85,107.85,107.85,100.0
2017-09-26 12:12:00,107.82,107.865,107.76,107.82,1600.0
2017-09-26 12:13:00,107.81,107.81,107.77,107.77,1300.0
2017-09-26 12:14:00,107.79,107.79,107.77,107.78,400.0
2017-09-26 12:15:00,107.735,107.735,107.735,107.735,100.0
2017-09-26 12:16:00,107.725,107.725,107.69,107.69,300.0
2017-09-26 12:17:00,107.67,107.67,107.67,107.67,100.0
2017-09-26 12:18:00,107.72,107.72,107.66,107.68,2774.0
2017-09-26 12:19:00,107.77,107.785,107.71,107.71,2100.0
2017-09-26 12:20:00,107.72,107.79,107.72,107.77,500.0
2017-09-26 12:21:00,107.7396,107.7396,107.7,107.7,218.0
2017-09-26 12:22:00,107.7,107.75,107.66,107.7,900.0
2017-09-26 12:23:00,107.7,107.7,107.68,107.68,200.0
2017-09-26 12:24:00,107.73,107.73,107.7,107.7,300.0
2017-09-26 12:25:00,107.76,107.76,107.74,107.74,900.0
2017-09-26 12:26:00,107.73,107.76,107.71,107.72,677.0
2017-09-26 12:27:00,107.73,107.73,107.73,107.73,300.0
2017-09-26 12:28:00,107.75,107.75,107.74,107.75,400.0
2017-09-26 12:29:00,107.77,107.77,107.71,107.76,2930.0
2017-09-26 12:30:00,107.75,107.77,107.73,107.77,2100.0
2017-09-26 12:31:00,107.76,107.76,107.72,107.7402,428.0
2017-09-26 12:32:00,107.76,107.77,107.71,107.77,1100.0
2017-09-26 12:33:00,107.68,107.71,107.67,107.67,1100.0
2017-09-26 12:34:00,107.63,107.73,107.63,107.68,1000.0
2017-09-26 12:35:00,107.66,107.7,107.63,107.63,1600.0
2017-09-26 12:36:00,107.69,107.7,107.59,107.67,3100.0
2017-09-26 12:37:00,107.67,107.67,107.64,107.64,650.0
2017-09-26 12:38:00,107.66,107.66,107.66,107.66,200.0
2017-09-26 12:39:00,107.57,107.65,107.57,107.65,2710.0
2017-09-26 12:40:00,107.52,107.55,107.41,107.55,8050.0
2017-09-26 12:42:00,107.6,107.6,107.55,107.55,1100.0
2017-09-26 12:43:00,107.58,107.59,107.43,107.59,4500.0
2017-09-26 12:44:00,107.61,107.61,107.55,107.55,1400.0
2017-09-26 12:45:00,107.65,107.65,107.59,107.61,3395.0
2017-09-26 12:46:00,107.55,107.66,107.55,107.61,1100.0
2017-09-26 12:47:00,107.53,107.61,107.53,107.54,1100.0
2017-09-26 12:48:00,107.59,107.64,107.53,107.53,2647.0
2017-09-26 12:49:00,107.61,107.61,107.61,107.61,500.0
2017-09-26 12:50:00,107.68,107.68,107.61,107.64,1600.0
2017-09-26 12:51:00,107.7376,107.76,107.66,107.7,2470.0
2017-09-26 12:52:00,107.72,107.77,107.72,107.72,1600.0
2017-09-26 12:53:00,107.68,107.72,107.68,107.71,1200.0
2017-09-26 12:54:00,107.65,107.7,107.65,107.7,1000.0
2017-09-26 12:55:00,107.64,107.65,107.63,107.65,1200.0
2017-09-26 12:56:00,107.55,107.64,107.55,107.64,1300.0
2017-09-26 12:57:00,107.55,107.565,107.55,107.55,1000.0
2017-09-26 12:58:00,107.53,107.55,107.5,107.55,2800.0
2017-09-26 12:59:00,107.5,107.53,107.5,107.52,1100.0
2017-09-26 13:00:00,107.48,107.48,107.48,107.48,100.0
2017-09-26 13:03:00,107.54,107.54,107.51,107.51,531.0
2017-09-26 13:04:00,107.52,107.55,107.52,107.55,602.0
2017-09-26 13:05:00,107.55,107.55,107.55,107.55,800.0
2017-09-26 13:06:00,107.545,107.56,107.53,107.56,1000.0
2017-09-26 13:07:00,107.5525,107.56,107.54,107.56,600.0
2017-09-26 13:08:00,107.545,107.545,107.53,107.53,400.0
2017-09-26 13:09:00,107.51,107.51,107.51,107.51,100.0
2017-09-26 13:11:00,107.43,107.5,107.42,107.5,1598.0
2017-09-26 13:12:00,107.46,107.46,107.44,107.44,500.0
2017-09-26 13:13:00,107.49,107.49,107.455,107.46,2900.0
2017-09-26 13:14:00,107.5,107.5,107.5,107.5,400.0
2017-09-26 13:15:00,107.505,107.51,107.5,107.51,1460.0
2017-09-26 13:16:00,107.52,107.54,107.52,107.53,600.0
2017-09-26 13:18:00,107.56,107.56,107.56,107.56,100.0
2017-09-26 13:19:00,107.55,107.55,107.55,107.55,100.0
2017-09-26 13:20:00,107.56,107.56,107.56,107.56,100.0
2017-09-26 13:21:00,107.53,107.545,107.53,107.545,200.0
2017-09-26 13:22:00,107.535,107.535,107.53,107.53,350.0
2017-09-26 13:27:00,107.56,107.56,107.56,107.56,100.0
2017-09-26 13:28:00,107.56,107.56,107.56,107.56,100.0
2017-09-26 13:30:00,107.5,107.55,107.48,107.55,1500.0
2017-09-26 13:31:00,107.54,107.54,107.51,107.51,2852.0
2017-09-26 13:33:00,107.5225,107.5225,107.49,107.52,1200.0
2017-09-26 13:34:00,107.56,107.56,107.53,107.53,400.0
2017-09-26 13:35:00,107.5792,107.62,107.5792,107.62,300.0
2017-09-26 13:36:00,107.63,107.63,107.63,107.63,300.0
2017-09-26 13:37:00,107.6225,107.6325,107.61,107.62,1001.0
2017-09-26 13:39:00,107.64,107.64,107.64,107.64,100.0
2017-09-26 13:40:00,107.58,107.63,107.58,107.58,900.0
2017-09-26 13:41:00,107.69,107.69,107.56,107.56,3856.0
2017-09-26 13:42:00,107.67,107.69,107.67,107.69,1222.0
2017-09-26 13:43:00,107.74,107.74,107.71,107.71,200.0
2017-09-26 13:44:00,107.75,107.75,107.74,107.74,500.0
2017-09-26 13:46:00,107.78,107.78,107.76,107.77,300.0
2017-09-26 13:47:00,107.81,107.81,107.8,107.8,400.0
2017-09-26 13:48:00,107.78,107.81,107.76,107.81,3600.0
2017-09-26 13:49:00,107.8,107.8,107.78,107.78,246.0
2017-09-26 13:50:00,107.8,107.8,107.8,107.8,200.0
2017-09-26 13:52:00,107.8,107.81,107.8,107.81,1100.0
2017-09-26 13:53:00,107.79,107.8,107.7825,107.8,1504.0
2017-09-26 13:54:00,107.79,107.79,107.77,107.77,1100.0
2017-09-26 13:55:00,107.8,107.8,107.8,107.8,500.0
2017-09-26 13:56:00,107.8,107.8,107.79,107.8,500.0
2017-09-26 13:57:00,107.7,107.78,107.7,107.78,1779.0
2017-09-26 13:58:00,107.64,107.69,107.64,107.69,400.0
2017-09-26 13:59:00,107.63,107.63,107.63,107.63,100.0
2017-09-26 14:00:00,107.68,107.68,107.66,107.66,1214.0
2017-09-26 14:01:00,107.7004,107.7143,107.7004,107.7143,505.0
2017-09-26 14:02:00,107.71,107.71,107.68,107.71,1496.0
2017-09-26 14:04:00,107.69,107.69,107.67,107.67,300.0
2017-09-26 14:06:00,107.68,107.68,107.68,107.68,200.0
2017-09-26 14:07:00,107.64,107.67,107.64,107.67,600.0
2017-09-26 14:09:00,107.69,107.69,107.66,107.66,2151.0
2017-09-26 14:10:00,107.73,107.73,107.71,107.71,500.0
2017-09-26 14:11:00,107.74,107.74,107.73,107.73,300.0
2017-09-26 14:12:00,107.74,107.75,107.74,107.75,300.0
2017-09-26 14:13:00,107.71,107.75,107.71,107.75,1700.0
2017-09-26 14:15:00,107.73,107.73,107.73,107.73,100.0
2017-09-26 14:16:00,107.76,107.76,107.73,107.73,2358.0
2017-09-26 14:17:00,107.62,107.74,107.62,107.74,2500.0
2017-09-26 14:20:00,107.64,107.64,107.62,107.62,600.0
2017-09-26 14:21:00,107.66,107.66,107.64,107.65,700.0
2017-09-26 14:22:00,107.71,107.71,107.68,107.68,700.0
2017-09-26 14:23:00,107.66,107.71,107.66,107.71,500.0
2017-09-26 14:24:00,107.6562,107.6562,107.6562,107.6562,100.0
2017-09-26 14:25:00,107.67299999999999,107.67299999999999,107.67299999999999,107.67299999999999,600.0
2017-09-26 14:26:00,107.68,107.68,107.68,107.68,200.0
2017-09-26 14:27:00,107.65,107.67,107.65,107.67,1850.0
2017-09-26 14:28:00,107.63,107.64,107.63,107.64,300.0
2017-09-26 14:29:00,107.64,107.64,107.63,107.63,500.0
2017-09-26 14:30:00,107.67,107.67,107.65,107.65,250.0
2017-09-26 14:32:00,107.7,107.7,107.7,107.7,200.0
2017-09-26 14:33:00,107.65,107.7,107.65,107.7,1750.0
2017-09-26 14:34:00,107.65,107.65,107.65,107.65,300.0
2017-09-26 14:35:00,107.66,107.66,107.64,107.65,500.0
2017-09-26 14:36:00,107.6,107.655,107.6,107.65,800.0
2017-09-26 14:39:00,107.59,107.59,107.59,107.59,100.0
2017-09-26 14:40:00,107.57,107.572,107.55,107.572,1198.0
2017-09-26 14:41:00,107.58,107.58,107.58,107.58,1369.0
2017-09-26 14:42:00,107.6,107.6,107.59,107.59,300.0
2017-09-26 14:43:00,107.62,107.62,107.6,107.6,700.0
2017-09-26 14:45:00,107.6317,107.64,107.6317,107.64,300.0
2017-09-26 14:46:00,107.65,107.65,107.63,107.64,1353.0
2017-09-26 14:48:00,107.66,107.66,107.63,107.66,1814.0
2017-09-26 14:49:00,107.57,107.62,107.57,107.62,648.0
2017-09-26 14:50:00,107.56,107.6,107.54,107.6,522.0
2017-09-26 14:51:00,107.57,107.57,107.57,107.57,100.0
2017-09-26 14:52:00,107.56,107.56,107.56,107.56,400.0
2017-09-26 14:53:00,107.61,107.61,107.55,107.55,1800.0
2017-09-26 14:54:00,107.64,107.65,107.63,107.63,1600.0
2017-09-26 14:57:00,107.59,107.59,107.59,107.59,100.0
2017-09-26 14:58:00,107.54,107.59,107.54,107.59,600.0
2017-09-26 14:59:00,107.52,107.55,107.52,107.55,600.0
2017-09-26 15:00:00,107.51,107.51,107.51,107.51,100.0
2017-09-26 15:01:00,107.51,107.53,107.49,107.53,3669.0
2017-09-26 15:02:00,107.51,107.52,107.51,107.51,1300.0
2017-09-26 15:03:00,107.52,107.55,107.52,107.53,1700.0
2017-09-26 15:04:00,107.5035,107.54,107.49,107.53,2215.0
2017-09-26 15:05:00,107.5,107.51,107.5,107.51,600.0
2017-09-26 15:06:00,107.545,107.545,107.545,107.545,100.0
2017-09-26 15:08:00,107.55,107.55,107.535,107.535,412.0
2017-09-26 15:09:00,107.5,107.5,107.5,107.5,700.0
2017-09-26 15:10:00,107.49,107.49,107.49,107.49,200.0
2017-09-26 15:11:00,107.51,107.51,107.48,107.49,1800.0
2017-09-26 15:12:00,107.57,107.57,107.51,107.52,1300.0
2017-09-26 15:13:00,107.56,107.56,107.56,107.56,300.0
2017-09-26 15:14:00,107.56,107.56,107.56,107.56,407.0
2017-09-26 15:15:00,107.54,107.56,107.52,107.56,3957.0
2017-09-26 15:18:00,107.555,107.56,107.55,107.55,1200.0
2017-09-26 15:19:00,107.55,107.57,107.55,107.56,2300.0
2017-09-26 15:20:00,107.55,107.55,107.55,107.55,600.0
2017-09-26 15:21:00,107.57,107.58,107.55,107.55,4100.0
2017-09-26 15:22:00,107.56,107.56,107.56,107.56,500.0
2017-09-26 15:23:00,107.53,107.54,107.52,107.54,800.0
2017-09-26 15:24:00,107.53,107.54,107.525,107.53,1200.0
2017-09-26 15:25:00,107.55,107.56,107.55,107.56,450.0
2017-09-26 15:26:00,107.54,107.56,107.54,107.5599,700.0
2017-09-26 15:27:00,107.52,107.54,107.52,107.54,600.0
2017-09-26 15:28:00,107.54,107.54,107.53,107.53,1705.0
2017-09-26 15:29:00,107.53,107.54,107.525,107.54,1100.0
2017-09-26 15:30:00,107.53,107.53,107.53,107.53,700.0
2017-09-26 15:31:00,107.55,107.55,107.55,107.55,100.0
2017-09-26 15:32:00,107.5,107.55,107.5,107.53,3423.0
2017-09-26 15:33:00,107.47,107.494,107.47,107.494,1110.0
2017-09-26 15:34:00,107.475,107.48,107.47,107.4748,3850.0
2017-09-26 15:35:00,107.48,107.49,107.48,107.48,1710.0
2017-09-26 15:36:00,107.5201,107.53,107.5,107.5,1200.0
2017-09-26 15:37:00,107.525,107.54,107.52,107.535,2420.0
2017-09-26 15:38:00,107.51,107.52,107.51,107.52,200.0
2017-09-26 15:39:00,107.51,107.51,107.485,107.5,3065.0
2017-09-26 15:40:00,107.54,107.57,107.52,107.56,2561.0
2017-09-26 15:41:00,107.54,107.56,107.54,107.56,1500.0
2017-09-26 15:42:00,107.55,107.56,107.55,107.56,915.0
2017-09-26 15:43:00,107.555,107.56,107.53,107.54,2462.0
2017-09-26 15:44:00,107.56,107.57,107.54,107.57,500.0
2017-09-26 15:45:00,107.59,107.59,107.54,107.56,3876.0
2017-09-26 15:46:00,107.57,107.58,107.55,107.58,2870.0
2017-09-26 15:47:00,107.56,107.57,107.55,107.57,2028.0
2017-09-26 15:48:00,107.59,107.6,107.55,107.55,975.0
2017-09-26 15:49:00,107.59,107.59,107.59,107.59,300.0
2017-09-26 15:50:00,107.5,107.6,107.49,107.595,2781.0
2017-09-26 15:51:00,107.5,107.53,107.48,107.53,4100.0
2017-09-26 15:52:00,107.49,107.51,107.48,107.51,1102.0
2017-09-26 15:53:00,107.45,107.5,107.45,107.49,2400.0
2017-09-26 15:54:00,107.5,107.51,107.42,107.47,5153.0
2017-09-26 15:55:00,107.47,107.51,107.45,107.51,2980.0
2017-09-26 15:56:00,107.45,107.47,107.45,107.47,2120.0
2017-09-26 15:57:00,107.45,107.45,107.41,107.45,4875.0
2017-09-26 15:58:00,107.48,107.48,107.43,107.44,4736.0
2017-09-26 15:59:00,107.48,107.5,107.48,107.48,5191.0
2017-09-26 16:00:00,107.51,107.51,107.44,107.48,11579.0
2017-09-27 09:30:00,107.51,107.51,107.51,107.51,3833.0
2017-09-27 09:31:00,107.65,107.65,107.57,107.57,300.0
2017-09-27 09:32:00,107.6734,107.71,107.6734,107.71,200.0
2017-09-27 09:33:00,107.84,107.84,107.84,107.84,100.0
2017-09-27 09:35:00,107.86,107.91,107.86,107.91,800.0
2017-09-27 09:36:00,107.84,107.84,107.82,107.82,200.0
2017-09-27 09:37:00,107.84,107.98,107.84,107.98,300.0
2017-09-27 09:38:00,107.78,107.9,107.78,107.9,900.0
2017-09-27 09:40:00,107.66,107.73,107.66,107.73,300.0
2017-09-27 09:41:00,107.77,107.77,107.77,107.77,100.0
2017-09-27 09:42:00,107.78,107.78,107.75299999999999,107.75299999999999,250.0
2017-09-27 09:43:00,107.79,107.89,107.69,107.71,13684.0
2017-09-27 09:44:00,107.805,107.84,107.74,107.79,3697.0
2017-09-27 09:45:00,107.74,107.805,107.67,107.805,2410.0
2017-09-27 09:46:00,107.76,107.76,107.76,107.76,100.0
2017-09-27 09:47:00,107.78,107.87,107.78,107.86,400.0
2017-09-27 09:48:00,107.91,107.91,107.89,107.89,400.0
2017-09-27 09:49:00,107.81,107.81,107.81,107.81,100.0
2017-09-27 09:50:00,107.79,107.81,107.79,107.81,200.0
2017-09-27 09:52:00,107.83,107.85,107.81,107.82,1382.0
2017-09-27 09:53:00,107.83,107.91,107.83,107.91,1270.0
2017-09-27 09:57:00,107.79,107.88,107.79,107.87,1150.0
2017-09-27 09:59:00,107.78,107.81,107.78,107.81,300.0
2017-09-27 10:00:00,107.83,107.83,107.83,107.83,100.0
2017-09-27 10:01:00,107.85,107.86,107.85,107.86,200.0
2017-09-27 10:02:00,107.85,107.85,107.85,107.85,100.0
2017-09-27 10:03:00,107.85,107.85,107.85,107.85,100.0
2017-09-27 10:04:00,107.84,107.92,107.84,107.92,1685.0
2017-09-27 10:07:00,107.8,107.85,107.8,107.85,1700.0
2017-09-27 10:08:00,107.78,107.79,107.78,107.79,200.0
2017-09-27 10:09:00,107.76,107.79,107.76,107.77,1300.0
2017-09-27 10:10:00,107.794,107.794,107.794,107.794,101.0
2017-09-27 10:11:00,107.74,107.76,107.74,107.76,400.0
2017-09-27 10:13:00,107.71,107.74,107.71,107.74,1500.0
2017-09-27 10:15:00,107.71,107.74,107.71,107.73,1497.0
2017-09-27 10:16:00,107.69,107.69,107.69,107.69,100.0
2017-09-27 10:18:00,107.61,107.73,107.61,107.73,1900.0
2017-09-27 10:19:00,107.5,107.56,107.45,107.56,2840.0
2017-09-27 10:20:00,107.43,107.44,107.43,107.44,300.0
2017-09-27 10:21:00,107.39,107.39,107.38,107.39,300.0
2017-09-27 10:22:00,107.43,107.43,107.42,107.42,888.0
2017-09-27 10:23:00,107.46,107.46,107.4136,107.4136,930.0
2017-09-27 10:24:00,107.44,107.44,107.44,107.44,202.0
2017-09-27 10:25:00,107.55,107.56,107.48,107.48,1433.0
2017-09-27 10:27:00,107.55,107.55,107.55,107.55,100.0
2017-09-27 10:29:00,107.54,107.6,107.54,107.59,1000.0
2017-09-27 10:31:00,107.54,107.54,107.54,107.54,100.0
2017-09-27 10:32:00,107.54,107.54,107.54,107.54,400.0
2017-09-27 10:33:00,107.46,107.51,107.46,107.51,1100.0
2017-09-27 10:34:00,107.44,107.44,107.43,107.43,400.0
2017-09-27 10:35:00,107.36,107.36,107.36,107.36,100.0
2017-09-27 10:37:00,107.42,107.42,107.42,107.42,400.0
2017-09-27 10:38:00,107.39,107.42,107.39,107.42,300.0
2017-09-27 10:41:00,107.425,107.45,107.38,107.39,2200.0
2017-09-27 10:42:00,107.38,107.41799999999999,107.38,107.41799999999999,1500.0
2017-09-27 10:43:00,107.42,107.48,107.41,107.43,1000.0
2017-09-27 10:44:00,107.4,107.4,107.4,107.4,200.0
2017-09-27 10:45:00,107.42,107.425,107.41,107.41,600.0
2017-09-27 10:46:00,107.41,107.45,107.41,107.45,510.0
2017-09-27 10:47:00,107.44,107.44,107.39,107.4075,300.0
2017-09-27 10:48:00,107.395,107.395,107.38,107.395,400.0
2017-09-27 10:49:00,107.405,107.405,107.37,107.37,200.0
2017-09-27 10:51:00,107.3875,107.425,107.38,107.425,1975.0
2017-09-27 10:53:00,107.365,107.39,107.34,107.38,1900.0
2017-09-27 10:54:00,107.36,107.36,107.34,107.34,600.0
2017-09-27 10:55:00,107.34,107.375,107.34,107.35,400.0
2017-09-27 10:56:00,107.275,107.345,107.27,107.345,2645.0
2017-09-27 10:57:00,107.355,107.355,107.25,107.295,1500.0
2017-09-27 10:58:00,107.3425,107.355,107.32,107.344,1000.0
2017-09-27 10:59:00,107.45,107.46,107.33,107.38,2600.0
2017-09-27 11:02:00,107.42,107.42,107.42,107.42,400.0
2017-09-27 11:03:00,107.45,107.45,107.42,107.44,800.0
2017-09-27 11:05:00,107.4,107.4,107.4,107.4,100.0
2017-09-27 11:06:00,107.41,107.43,107.41,107.42,1146.0
2017-09-27 11:07:00,107.43,107.46,107.3991,107.3991,802.0
2017-09-27 11:08:00,107.42,107.45,107.42,107.45,500.0
2017-09-27 11:10:00,107.46,107.46,107.45,107.45,800.0
2017-09-27 11:11:00,107.5,107.5,107.48,107.48,500.0
2017-09-27 11:12:00,107.48,107.5,107.48,107.5,300.0
2017-09-27 11:13:00,107.55,107.55,107.55,107.55,100.0
2017-09-27 11:14:00,107.55,107.55,107.55,107.55,100.0
2017-09-27 11:15:00,107.55,107.58,107.55,107.55,600.0
2017-09-27 11:16:00,107.54,107.55,107.54,107.55,400.0
2017-09-27 11:20:00,107.52,107.54,107.52,107.54,300.0
2017-09-27 11:21:00,107.51,107.535,107.51,107.535,600.0
2017-09-27 11:22:00,107.53,107.53,107.53,107.53,100.0
2017-09-27 11:23:00,107.56,107.56,107.55,107.55,498.0
2017-09-27 11:24:00,107.55,107.55,107.53,107.55,1100.0
2017-09-27 11:25:00,107.54,107.54,107.54,107.54,100.0
2017-09-27 11:26:00,107.57,107.57,107.57,107.57,100.0
2017-09-27 11:28:00,107.5268,107.5268,107.5268,107.5268,571.0
2017-09-27 11:29:00,107.61,107.62,107.56,107.57,2200.0
2017-09-27 11:30:00,107.62,107.62,107.62,107.62,200.0
2017-09-27 11:31:00,107.61,107.61,107.61,107.61,200.0
2017-09-27 11:32:00,107.61,107.61,107.61,107.61,100.0
2017-09-27 11:33:00,107.56,107.56,107.56,107.56,400.0
2017-09-27 11:34:00,107.58,107.58,107.58,107.58,200.0
2017-09-27 11:35:00,107.58,107.58,107.58,107.58,100.0
2017-09-27 11:36:00,107.58,107.58,107.58,107.58,100.0
2017-09-27 11:37:00,107.6,107.6,107.54,107.6,1000.0
2017-09-27 11:39:00,107.6,107.6,107.6,107.6,100.0
2017-09-27 11:40:00,107.584,107.584,107.584,107.584,111.0
2017-09-27 11:41:00,107.6,107.6,107.56,107.58,600.0
2017-09-27 11:42:00,107.59,107.59,107.59,107.59,300.0
2017-09-27 11:44:00,107.56,107.58,107.56,107.58,600.0
2017-09-27 11:45:00,107.52,107.53,107.5,107.53,1125.0
2017-09-27 11:46:00,107.49,107.51,107.49,107.51,600.0
2017-09-27 11:48:00,107.49,107.49,107.49,107.49,100.0
2017-09-27 11:49:00,107.52,107.53,107.52,107.53,300.0
2017-09-27 11:50:00,107.49,107.52,107.49,107.52,1200.0
2017-09-27 11:51:00,107.5,107.52,107.49,107.49,873.0
2017-09-27 11:54:00,107.55,107.56,107.51,107.56,500.0
2017-09-27 11:55:00,107.56,107.56,107.54,107.54,200.0
2017-09-27 11:56:00,107.56,107.56,107.56,107.56,100.0
2017-09-27 11:57:00,107.57,107.57,107.53,107.53,900.0
2017-09-27 12:00:00,107.62,107.62,107.62,107.62,500.0
2017-09-27 12:01:00,107.55,107.61,107.55,107.61,1150.0
2017-09-27 12:02:00,107.54,107.54,107.54,107.54,300.0
2017-09-27 12:05:00,107.56,107.57,107.55,107.55,1054.0
2017-09-27 12:06:00,107.5604,107.5604,107.5604,107.5604,126.0
2017-09-27 12:07:00,107.62,107.63,107.58,107.63,915.0
2017-09-27 12:09:00,107.69,107.69,107.69,107.69,100.0
2017-09-27 12:10:00,107.7,107.71,107.69,107.7,1800.0
2017-09-27 12:11:00,107.7,107.7,107.7,107.7,200.0
2017-09-27 12:12:00,107.72,107.72,107.72,107.72,200.0
2017-09-27 12:15:00,107.72,107.72,107.72,107.72,1500.0
2017-09-27 12:17:00,107.755,107.755,107.75,107.75,1100.0
2017-09-27 12:18:00,107.7401,107.77,107.74,107.755,1156.0
2017-09-27 12:19:00,107.75,107.75,107.72,107.74,1427.0
2017-09-27 12:21:00,107.75,107.76,107.75,107.76,500.0
2017-09-27 12:22:00,107.74,107.76,107.74,107.76,500.0
2017-09-27 12:23:00,107.6229,107.74,107.6229,107.74,4245.0
2017-09-27 12:24:00,107.51,107.6,107.46,107.6,1688.0
2017-09-27 12:25:00,107.5,107.5,107.5,107.5,100.0
2017-09-27 12:26:00,107.56,107.56,107.535,107.535,500.0
2017-09-27 12:27:00,107.52,107.58,107.52,107.56,2704.0
2017-09-27 12:29:00,107.58,107.58,107.58,107.58,100.0
2017-09-27 12:30:00,107.59,107.59,107.54,107.54,300.0
2017-09-27 12:31:00,107.55,107.55,107.55,107.55,100.0
2017-09-27 12:33:00,107.5,107.56,107.5,107.56,1600.0
2017-09-27 12:34:00,107.5,107.5,107.47,107.47,1000.0
2017-09-27 12:35:00,107.47,107.49,107.47,107.49,1200.0
2017-09-27 12:36:00,107.43,107.43,107.43,107.43,400.0
2017-09-27 12:38:00,107.48,107.48,107.44,107.44,900.0
2017-09-27 12:39:00,107.44,107.45,107.43,107.43,1000.0
2017-09-27 12:40:00,107.44,107.45,107.44,107.45,500.0
2017-09-27 12:41:00,107.49,107.49,107.45,107.45,400.0
2017-09-27 12:42:00,107.51,107.51,107.5,107.5,300.0
2017-09-27 12:43:00,107.54,107.54,107.5,107.51,900.0
2017-09-27 12:45:00,107.58,107.58,107.58,107.58,100.0
2017-09-27 12:46:00,107.58,107.58,107.58,107.58,100.0
2017-09-27 12:47:00,107.575,107.575,107.575,107.575,100.0
2017-09-27 12:48:00,107.54,107.57,107.54,107.57,900.0
2017-09-27 12:49:00,107.54,107.55,107.53,107.53,800.0
2017-09-27 12:50:00,107.56,107.56,107.56,107.56,100.0
2017-09-27 12:52:00,107.51,107.55,107.49,107.55,2447.0
2017-09-27 12:53:00,107.49,107.51,107.49,107.51,600.0
2017-09-27 12:54:00,107.5,107.5,107.47,107.49,2500.0
2017-09-27 12:55:00,107.44,107.48,107.44,107.48,700.0
2017-09-27 12:56:00,107.42,107.45,107.42,107.43,1000.0
2017-09-27 12:57:00,107.41,107.42,107.39,107.42,1400.0
2017-09-27 12:58:00,107.36,107.38,107.36,107.38,600.0
2017-09-27 12:59:00,107.37,107.37,107.37,107.37,100.0
2017-09-27 13:00:00,107.38,107.38,107.38,107.38,100.0
2017-09-27 13:01:00,107.37,107.39,107.37,107.39,1200.0
2017-09-27 13:02:00,107.37,107.37,107.36,107.36,500.0
2017-09-27 13:04:00,107.32,107.34,107.32,107.34,1645.0
2017-09-27 13:05:00,107.375,107.4,107.33,107.33,8347.0
2017-09-27 13:06:00,107.5,107.5,107.375,107.375,3100.0
2017-09-27 13:07:00,107.5301,107.63,107.49,107.49,5700.0
2017-09-27 13:08:00,107.52,107.52,107.52,107.52,300.0
2017-09-27 13:09:00,107.5,107.63,107.5,107.5,3406.0
2017-09-27 13:10:00,107.5,107.5,107.5,107.5,100.0
2017-09-27 13:12:00,107.5101,107.5101,107.5101,107.5101,116.0
2017-09-27 13:13:00,107.53,107.58,107.51,107.54,2695.0
2017-09-27 13:14:00,107.51,107.51,107.51,107.51,300.0
2017-09-27 13:15:00,107.55,107.55,107.55,107.55,100.0
2017-09-27 13:16:00,107.55,107.55,107.55,107.55,100.0
2017-09-27 13:17:00,107.52,107.52,107.52,107.52,200.0
2017-09-27 13:18:00,107.5,107.52,107.5,107.52,900.0
2017-09-27 13:19:00,107.55,107.59,107.5,107.52799999999999,7968.0
2017-09-27 13:20:00,107.53,107.53,107.51,107.51,700.0
2017-09-27 13:21:00,107.5,107.525,107.5,107.52,1066.0
2017-09-27 13:22:00,107.53,107.59,107.505,107.52,1600.0
2017-09-27 13:23:00,107.52,107.52,107.49,107.49,1304.0
2017-09-27 13:24:00,107.5,107.5,107.5,107.5,503.0
2017-09-27 13:25:00,107.52,107.53,107.52,107.53,200.0
2017-09-27 13:28:00,107.53,107.53,107.53,107.53,100.0
2017-09-27 13:29:00,107.51,107.54,107.51,107.54,1800.0
2017-09-27 13:30:00,107.51,107.53,107.51,107.53,700.0
2017-09-27 13:31:00,107.52,107.53,107.52,107.53,300.0
2017-09-27 13:35:00,107.51,107.52,107.51,107.52,400.0
2017-09-27 13:36:00,107.52,107.54,107.5,107.51,2393.0
2017-09-27 13:37:00,107.55,107.55,107.51,107.52,500.0
2017-09-27 13:38:00,107.51,107.51,107.51,107.51,100.0
2017-09-27 13:39:00,107.5,107.53,107.5,107.5,2526.0
2017-09-27 13:40:00,107.48,107.54,107.48,107.52,3200.0
2017-09-27 13:42:00,107.51,107.51,107.46,107.4601,500.0
2017-09-27 13:43:00,107.55,107.55,107.485,107.49,1890.0
2017-09-27 13:44:00,107.51,107.53,107.51,107.53,300.0
2017-09-27 13:45:00,107.54,107.54,107.54,107.54,100.0
2017-09-27 13:46:00,107.56,107.56,107.56,107.56,200.0
2017-09-27 13:48:00,107.5,107.55,107.5,107.55,1230.0
2017-09-27 13:49:00,107.51,107.51,107.51,107.51,200.0
2017-09-27 13:50:00,107.5,107.51,107.5,107.5,900.0
2017-09-27 13:51:00,107.54,107.54,107.5,107.53,1300.0
2017-09-27 13:53:00,107.56,107.56,107.55,107.55,300.0
2017-09-27 13:54:00,107.53,107.53,107.53,107.53,100.0
2017-09-27 13:55:00,107.53,107.53,107.53,107.53,200.0
2017-09-27 13:56:00,107.55,107.57,107.53,107.54,1600.0
2017-09-27 13:57:00,107.56,107.56,107.55,107.56,500.0
2017-09-27 13:58:00,107.57,107.57,107.57,107.57,400.0
2017-09-27 13:59:00,107.57,107.58,107.57,107.58,600.0
2017-09-27 14:00:00,107.58,107.59,107.57,107.59,891.0
2017-09-27 14:01:00,107.57,107.6,107.56,107.585,900.0
2017-09-27 14:02:00,107.59,107.6,107.59,107.59,703.0
2017-09-27 14:03:00,107.61,107.62,107.59,107.59,776.0
2017-09-27 14:04:00,107.625,107.65,107.605,107.61,2616.0
2017-09-27 14:05:00,107.64,107.64,107.62,107.62,700.0
2017-09-27 14:06:00,107.66,107.66,107.66,107.66,100.0
2017-09-27 14:07:00,107.69,107.69,107.66,107.66,2400.0
2017-09-27 14:08:00,107.7068,107.71,107.69,107.69,1700.0
2017-09-27 14:09:00,107.76,107.76,107.71,107.71,1800.0
2017-09-27 14:10:00,107.77,107.77,107.74,107.74,567.0
2017-09-27 14:11:00,107.77,107.77,107.77,107.77,100.0
2017-09-27 14:12:00,107.8,107.8,107.78,107.78,1100.0
2017-09-27 14:13:00,107.84,107.86,107.81,107.81,2000.0
2017-09-27 14:14:00,107.86,107.86,107.86,107.86,400.0
2017-09-27 14:15:00,107.9,107.9,107.85,107.85,1400.0
2017-09-27 14:16:00,107.89,107.9,107.87,107.87,1909.0
2017-09-27 14:17:00,107.93,107.93,107.9299,107.9299,500.0
2017-09-27 14:18:00,108.09,108.09,107.94,107.94,7300.0
2017-09-27 14:19:00,108.15,108.15,108.05,108.06,1500.0
2017-09-27 14:20:00,108.07,108.13,108.07,108.13,1637.0
2017-09-27 14:21:00,108.06,108.06,108.06,108.06,200.0
2017-09-27 14:22:00,108.06,108.06,108.06,108.06,200.0
2017-09-27 14:23:00,108.05,108.08,108.05,108.08,200.0
2017-09-27 14:24:00,108.06,108.06,108.06,108.06,300.0
2017-09-27 14:25:00,108.02600000000001,108.05,108.02,108.05,3100.0
2017-09-27 14:27:00,108.11,108.12,108.02,108.02,3152.0
2017-09-27 14:28:00,108.09,108.09,108.07,108.07,1100.0
2017-09-27 14:29:00,108.13,108.13,108.07,108.07,793.0
2017-09-27 14:31:00,108.15,108.15,108.13,108.13,500.0
2017-09-27 14:33:00,108.14,108.17,108.13,108.13,300.0
2017-09-27 14:34:00,108.14,108.14,108.14,108.14,600.0
2017-09-27 14:35:00,108.23,108.24,108.15,108.15,4712.0
2017-09-27 14:36:00,108.21,108.2188,108.21,108.2188,1599.0
2017-09-27 14:37:00,108.23,108.23,108.23,108.23,500.0
2017-09-27 14:38:00,108.24,108.24,108.22,108.23,2058.0
2017-09-27 14:39:00,108.21,108.24,108.21,108.24,1765.0
2017-09-27 14:40:00,108.19,108.22,108.19,108.22,2760.0
2017-09-27 14:41:00,108.17,108.19,108.16,108.19,2100.0
2017-09-27 14:42:00,108.16,108.17,108.16,108.16,1000.0
2017-09-27 14:44:00,108.17,108.17,108.16,108.16,600.0
2017-09-27 14:45:00,108.15,108.15,108.15,108.15,200.0
2017-09-27 14:47:00,108.19,108.22,108.16,108.16,2100.0
2017-09-27 14:49:00,108.193,108.193,108.193,108.193,100.0
2017-09-27 14:50:00,108.22,108.22,108.21,108.21,2000.0
2017-09-27 14:52:00,108.23,108.23,108.2027,108.2027,1086.0
2017-09-27 14:53:00,108.21,108.2268,108.2,108.2268,2800.0
2017-09-27 14:54:00,108.22,108.22,108.2,108.2144,1600.0
2017-09-27 14:55:00,108.23,108.23,108.22,108.22,1544.0
2017-09-27 14:56:00,108.23,108.25,108.23,108.24,646.0
2017-09-27 14:57:00,108.24,108.24,108.24,108.24,300.0
2017-09-27 14:58:00,108.25,108.25,108.25,108.25,300.0
2017-09-27 14:59:00,108.29,108.29,108.25,108.26,2601.0
2017-09-27 15:00:00,108.29,108.31,108.29,108.31,400.0
2017-09-27 15:01:00,108.29,108.3,108.29,108.3,1500.0
2017-09-27 15:02:00,108.38,108.38,108.2863,108.2863,2635.0
2017-09-27 15:03:00,108.36,108.39,108.35,108.38,3000.0
2017-09-27 15:04:00,108.34,108.35,108.34,108.35,900.0
2017-09-27 15:05:00,108.35,108.35,108.33,108.33,200.0
2017-09-27 15:06:00,108.35,108.36,108.34,108.34,2107.0
2017-09-27 15:07:00,108.39,108.39,108.355,108.355,1019.0
2017-09-27 15:08:00,108.38,108.41,108.38,108.4,1800.0
2017-09-27 15:09:00,108.41,108.41,108.4,108.4,300.0
2017-09-27 15:10:00,108.43,108.43,108.42,108.42,900.0
2017-09-27 15:11:00,108.4,108.42,108.4,108.42,1200.0
2017-09-27 15:12:00,108.38,108.4,108.38,108.4,1638.0
2017-09-27 15:13:00,108.4,108.4,108.4,108.4,700.0
2017-09-27 15:14:00,108.33,108.3932,108.33,108.3932,3635.0
2017-09-27 15:15:00,108.31,108.32,108.31,108.32,600.0
2017-09-27 15:16:00,108.32,108.32,108.32,108.32,200.0
2017-09-27 15:17:00,108.3,108.31,108.3,108.31,800.0
2017-09-27 15:18:00,108.31,108.33,108.3,108.3,2207.0
2017-09-27 15:20:00,108.4,108.4,108.32,108.32,1910.0
2017-09-27 15:21:00,108.4,108.4,108.385,108.385,400.0
2017-09-27 15:22:00,108.36,108.38,108.35,108.38,2000.0
2017-09-27 15:24:00,108.36,108.36,108.34,108.34,700.0
2017-09-27 15:25:00,108.36,108.37,108.36,108.37,900.0
2017-09-27 15:26:00,108.35,108.36,108.35,108.36,600.0
2017-09-27 15:27:00,108.41,108.41,108.36,108.36,1482.0
2017-09-27 15:28:00,108.39,108.41,108.38,108.41,2849.0
2017-09-27 15:29:00,108.39,108.39,108.39,108.39,300.0
2017-09-27 15:31:00,108.38,108.38,108.37,108.37,200.0
2017-09-27 15:32:00,108.37,108.37,108.36,108.37,788.0
2017-09-27 15:33:00,108.2901,108.35,108.29,108.35,6780.0
2017-09-27 15:34:00,108.3,108.31,108.3,108.3,1569.0
2017-09-27 15:35:00,108.27,108.31,108.27,108.3,1200.0
2017-09-27 15:36:00,108.28,108.28,108.27,108.27,200.0
2017-09-27 15:37:00,108.34,108.34,108.28,108.28,4083.0
2017-09-27 15:38:00,108.35,108.35,108.335,108.34,802.0
2017-09-27 15:39:00,108.35,108.35,108.34,108.34,1427.0
2017-09-27 15:40:00,108.4,108.4,108.35,108.36,1600.0
2017-09-27 15:41:00,108.39,108.405,108.39,108.4,1319.0
2017-09-27 15:42:00,108.33,108.4,108.33,108.4,2388.0
2017-09-27 15:43:00,108.303,108.33,108.303,108.315,800.0
2017-09-27 15:44:00,108.2645,108.31,108.2645,108.3,705.0
2017-09-27 15:45:00,108.29,108.29,108.26,108.27,4264.0
2017-09-27 15:46:00,108.19,108.275,108.18,108.275,3547.0
2017-09-27 15:47:00,108.21,108.22,108.18,108.18,3670.0
2017-09-27 15:48:00,108.22,108.23,108.21,108.21,1600.0
2017-09-27 15:49:00,108.21,108.22,108.21,108.22,1208.0
2017-09-27 15:50:00,108.21,108.23,108.2,108.2,3681.0
2017-09-27 15:51:00,108.1789,108.2,108.15,108.2,8000.0
2017-09-27 15:52:00,108.18,108.18,108.1799,108.18,1805.0
2017-09-27 15:53:00,108.23,108.23,108.18,108.18,3625.0
2017-09-27 15:54:00,108.25,108.27,108.23,108.24,2591.0
2017-09-27 15:55:00,108.20100000000001,108.27,108.2,108.26,5720.0
2017-09-27 15:56:00,108.2,108.2067,108.2,108.2,3600.0
2017-09-27 15:57:00,108.2,108.22,108.2,108.2,3612.0
2017-09-27 15:58:00,108.2,108.23,108.2,108.22,5638.0
2017-09-27 15:59:00,108.2,108.22,108.2,108.2,6301.0
2017-09-27 16:00:00,108.23,108.24,108.17,108.21,16289.0
2017-09-28 09:30:00,108.09,108.09,108.09,108.09,2586.0
2017-09-28 09:32:00,108.08,108.09,108.04,108.08,700.0
2017-09-28 09:34:00,108.12,108.17,108.12,108.17,300.0
2017-09-28 09:35:00,108.25,108.25,108.25,108.25,100.0
2017-09-28 09:36:00,108.2304,108.2304,108.22,108.22,277.0
2017-09-28 09:37:00,108.22,108.22,108.22,108.22,100.0
2017-09-28 09:38:00,108.185,108.185,108.05,108.05,300.0
2017-09-28 09:39:00,108.21,108.21,108.21,108.21,100.0
2017-09-28 09:40:00,108.15,108.21,108.15,108.21,7786.0
2017-09-28 09:41:00,108.35,108.35,108.12,108.14,1600.0
2017-09-28 09:42:00,108.195,108.39,108.17,108.2,7558.0
2017-09-28 09:43:00,108.11,108.11,108.11,108.11,895.0
2017-09-28 09:44:00,108.2004,108.2955,108.04,108.135,1839.0
2017-09-28 09:46:00,108.16,108.16,108.16,108.16,100.0
2017-09-28 09:47:00,108.225,108.28,108.225,108.26,2000.0
2017-09-28 09:48:00,108.28,108.28,108.235,108.235,300.0
2017-09-28 09:49:00,108.28,108.28,108.28,108.28,100.0
2017-09-28 09:50:00,108.27,108.31,108.2432,108.2432,950.0
2017-09-28 09:51:00,108.24,108.2876,108.24,108.2876,2700.0
2017-09-28 09:52:00,108.245,108.245,108.245,108.245,100.0
2017-09-28 09:53:00,108.245,108.245,108.245,108.245,100.0
2017-09-28 09:54:00,108.28,108.28,108.28,108.28,100.0
2017-09-28 09:55:00,108.27,108.27,108.27,108.27,1300.0
2017-09-28 09:56:00,108.27,108.27,108.22,108.24,1100.0
2017-09-28 09:57:00,108.27,108.27,108.27,108.27,100.0
2017-09-28 09:58:00,108.175,108.21,108.08,108.21,2600.0
2017-09-28 09:59:00,108.18,108.18,108.11,108.18,2000.0
2017-09-28 10:00:00,108.27,108.27,108.17,108.18,2567.0
2017-09-28 10:01:00,108.27,108.27,108.2,108.2,1596.0
2017-09-28 10:02:00,108.19,108.2,108.19,108.2,900.0
2017-09-28 10:03:00,108.1,108.2,108.1,108.2,1100.0
2017-09-28 10:04:00,108.095,108.18,108.07,108.18,900.0
2017-09-28 10:05:00,108.18,108.21,108.0794,108.0794,3500.0
2017-09-28 10:06:00,108.18,108.21,108.16,108.16,900.0
2017-09-28 10:07:00,108.27,108.3,108.2,108.2,1160.0
2017-09-28 10:08:00,108.2,108.24,108.2,108.24,400.0
2017-09-28 10:09:00,108.21,108.25,108.21,108.25,200.0
2017-09-28 10:10:00,108.27,108.32,108.24,108.25,4000.0
2017-09-28 10:11:00,108.25,108.27,108.23,108.27,1700.0
2017-09-28 10:12:00,108.28,108.29,108.25,108.25,1400.0
2017-09-28 10:13:00,108.27,108.27,108.26,108.26,300.0
2017-09-28 10:14:00,108.265,108.3,108.265,108.3,200.0
2017-09-28 10:15:00,108.24,108.2663,108.24,108.2663,630.0
2017-09-28 10:16:00,108.27,108.3,108.24,108.25,2700.0
2017-09-28 10:17:00,108.26,108.28,108.26,108.28,400.0
2017-09-28 10:18:00,108.19,108.24,108.18,108.24,2115.0
2017-09-28 10:19:00,108.2,108.2,108.2,108.2,100.0
2017-09-28 10:20:00,108.2,108.21,108.16,108.16,3006.0
2017-09-28 10:21:00,108.13,108.19,108.13,108.19,1100.0
2017-09-28 10:22:00,108.14,108.17,108.13,108.17,2500.0
2017-09-28 10:23:00,108.15,108.15,108.15,108.15,200.0
2017-09-28 10:24:00,108.125,108.15,108.12,108.12,300.0
2017-09-28 10:25:00,108.15,108.15,108.12,108.14,4155.0
2017-09-28 10:26:00,108.16,108.16,108.1,108.15,5100.0
2017-09-28 10:27:00,108.24,108.24,108.16,108.16,2900.0
2017-09-28 10:28:00,108.28,108.28,108.23,108.24,2033.0
2017-09-28 10:29:00,108.25,108.25,108.24,108.24,900.0
2017-09-28 10:30:00,108.28,108.28,108.22,108.22,800.0
2017-09-28 10:31:00,108.24,108.28,108.24,108.28,400.0
2017-09-28 10:32:00,108.24,108.27,108.21,108.27,1200.0
2017-09-28 10:33:00,108.27,108.3,108.24,108.24,1100.0
2017-09-28 10:34:00,108.31,108.31,108.265,108.265,1800.0
2017-09-28 10:35:00,108.26,108.27,108.26,108.27,200.0
2017-09-28 10:36:00,108.33,108.33,108.33,108.33,300.0
2017-09-28 10:37:00,108.295,108.33,108.295,108.32,2174.0
2017-09-28 10:38:00,108.32,108.32,108.32,108.32,100.0
2017-09-28 10:39:00,108.2,108.32,108.2,108.32,3913.0
2017-09-28 10:40:00,108.17,108.21,108.17,108.19,400.0
2017-09-28 10:41:00,108.19,108.21,108.18,108.2,1400.0
2017-09-28 10:42:00,108.285,108.285,108.285,108.285,100.0
2017-09-28 10:43:00,108.25,108.25,108.25,108.25,200.0
2017-09-28 10:44:00,108.28,108.28,108.24,108.24,500.0
2017-09-28 10:45:00,108.245,108.245,108.245,108.245,100.0
2017-09-28 10:46:00,108.21,108.27,108.21,108.27,200.0
2017-09-28 10:47:00,108.26,108.26,108.24,108.26,1100.0
2017-09-28 10:48:00,108.33,108.33,108.33,108.33,100.0
2017-09-28 10:49:00,108.31,108.31,108.28,108.3094,1970.0
2017-09-28 10:50:00,108.3,108.35,108.3,108.31,3000.0
2017-09-28 10:51:00,108.36,108.36,108.33,108.33,550.0
2017-09-28 10:52:00,108.36,108.36,108.36,108.36,200.0
2017-09-28 10:53:00,108.36,108.36,108.36,108.36,996.0
2017-09-28 10:54:00,108.419,108.419,108.36,108.36,1200.0
2017-09-28 10:55:00,108.4,108.42,108.4,108.42,400.0
2017-09-28 10:56:00,108.41,108.41,108.39,108.39,736.0
2017-09-28 10:57:00,108.37,108.37,108.37,108.37,100.0
2017-09-28 10:58:00,108.43,108.44,108.39,108.39,1900.0
2017-09-28 10:59:00,108.31,108.4,108.31,108.4,782.0
2017-09-28 11:00:00,108.34,108.34,108.34,108.34,200.0
2017-09-28 11:01:00,108.34,108.34,108.34,108.34,100.0
2017-09-28 11:02:00,108.28,108.33,108.28,108.33,500.0
2017-09-28 11:03:00,108.215,108.215,108.215,108.215,100.0
2017-09-28 11:04:00,108.15,108.2,108.15,108.2,500.0
2017-09-28 11:05:00,108.14,108.17,108.13,108.17,400.0
2017-09-28 11:07:00,108.21,108.21,108.09,108.17,4704.0
2017-09-28 11:08:00,108.21,108.22,108.21,108.22,200.0
2017-09-28 11:09:00,108.256,108.28,108.23,108.28,900.0
2017-09-28 11:10:00,108.21,108.28,108.21,108.28,1207.0
2017-09-28 11:11:00,108.23,108.23,108.23,108.23,200.0
2017-09-28 11:12:00,108.23,108.25,108.23,108.25,1400.0
2017-09-28 11:13:00,108.26,108.26,108.23,108.23,600.0
2017-09-28 11:14:00,108.26,108.26,108.26,108.26,276.0
2017-09-28 11:15:00,108.26,108.26,108.25,108.25,400.0
2017-09-28 11:16:00,108.26,108.28,108.24,108.26,1902.0
2017-09-28 11:17:00,108.23,108.2799,108.23,108.2799,900.0
2017-09-28 11:18:00,108.27,108.27,108.2475,108.25,1100.0
2017-09-28 11:19:00,108.26,108.26,108.22,108.245,300.0
2017-09-28 11:20:00,108.23,108.26,108.23,108.26,400.0
2017-09-28 11:21:00,108.26,108.26,108.26,108.26,100.0
2017-09-28 11:22:00,108.21,108.28,108.21,108.26,2154.0
2017-09-28 11:23:00,108.26,108.26,108.21,108.21,300.0
2017-09-28 11:24:00,108.23,108.23,108.21,108.22,1000.0
2017-09-28 11:25:00,108.29,108.29,108.2379,108.2379,990.0
2017-09-28 11:26:00,108.27,108.27,108.27,108.27,100.0
2017-09-28 11:27:00,108.29,108.29,108.27,108.27,1100.0
2017-09-28 11:28:00,108.27,108.3,108.26,108.3,800.0
2017-09-28 11:29:00,108.28,108.28,108.26,108.28,2400.0
2017-09-28 11:30:00,108.28,108.28,108.28,108.28,700.0
2017-09-28 11:31:00,108.3,108.31,108.27,108.28,2300.0
2017-09-28 11:32:00,108.3,108.3,108.3,108.3,200.0
2017-09-28 11:33:00,108.31,108.34,108.31,108.34,400.0
2017-09-28 11:34:00,108.165,108.31,108.09,108.31,23338.0
2017-09-28 11:35:00,108.115,108.15,108.1,108.15,2887.0
2017-09-28 11:36:00,108.17,108.2,108.115,108.12,9100.0
2017-09-28 11:37:00,108.11,108.14,108.08,108.14,803.0
2017-09-28 11:38:00,108.135,108.14,108.08,108.14,3457.0
2017-09-28 11:39:00,108.13,108.13,108.13,108.13,500.0
2017-09-28 11:40:00,108.11,108.16,108.11,108.13,11900.0
2017-09-28 11:41:00,108.11,108.11,108.11,108.11,100.0
2017-09-28 11:42:00,108.11,108.11,108.11,108.11,100.0
2017-09-28 11:43:00,108.08,108.12,108.08,108.11,900.0
2017-09-28 11:44:00,108.05,108.0999,108.04,108.0999,488.0
2017-09-28 11:45:00,108.0,108.01,108.0,108.01,300.0
2017-09-28 11:46:00,108.015,108.015,108.015,108.015,159.0
2017-09-28 11:47:00,108.0,108.0,108.0,108.0,100.0
2017-09-28 11:48:00,108.02,108.04,108.0,108.04,3900.0
2017-09-28 11:49:00,108.025,108.025,108.025,108.025,100.0
2017-09-28 11:50:00,108.0001,108.0001,108.0001,108.0001,100.0
2017-09-28 11:51:00,107.98,108.005,107.98,108.005,920.0
2017-09-28 11:53:00,107.92,107.95,107.92,107.95,600.0
2017-09-28 11:55:00,107.99,107.99,107.9,107.94,3300.0
2017-09-28 11:58:00,108.0001,108.0125,108.0001,108.0125,200.0
2017-09-28 11:59:00,108.06,108.06,108.05,108.05,400.0
2017-09-28 12:00:00,108.1,108.1,108.1,108.1,100.0
2017-09-28 12:02:00,108.14,108.16,108.12,108.12,1250.0
2017-09-28 12:03:00,108.13,108.14,108.13,108.14,300.0
2017-09-28 12:04:00,108.2,108.2,108.14,108.15,1400.0
2017-09-28 12:05:00,108.19,108.2,108.19,108.2,500.0
2017-09-28 12:06:00,108.2,108.2,108.16,108.17,400.0
2017-09-28 12:07:00,108.2,108.22,108.2,108.22,900.0
2017-09-28 12:08:00,108.23,108.23,108.2,108.2,300.0
2017-09-28 12:09:00,108.26,108.26,108.24,108.25,600.0
2017-09-28 12:11:00,108.2812,108.2812,108.2812,108.2812,600.0
2017-09-28 12:12:00,108.3,108.3,108.3,108.3,100.0
2017-09-28 12:13:00,108.3,108.32,108.28,108.28,800.0
2017-09-28 12:14:00,108.32,108.32,108.32,108.32,100.0
2017-09-28 12:15:00,108.31,108.32,108.31,108.32,500.0
2017-09-28 12:17:00,108.34,108.34,108.33,108.34,400.0
2017-09-28 12:18:00,108.32,108.34,108.32,108.32,600.0
2017-09-28 12:19:00,108.32,108.32,108.32,108.32,100.0
2017-09-28 12:20:00,108.32,108.32,108.32,108.32,300.0
2017-09-28 12:21:00,108.3,108.3,108.3,108.3,200.0
2017-09-28 12:22:00,108.33,108.33,108.3,108.31,1600.0
2017-09-28 12:24:00,108.31,108.3101,108.31,108.3101,400.0
2017-09-28 12:25:00,108.32,108.32,108.3,108.3,711.0
2017-09-28 12:26:00,108.28,108.31,108.28,108.31,400.0
2017-09-28 12:27:00,108.28,108.29,108.27,108.27,500.0
2017-09-28 12:28:00,108.27,108.27,108.27,108.27,200.0
2017-09-28 12:30:00,108.27,108.27,108.27,108.27,600.0
2017-09-28 12:31:00,108.29,108.29,108.28,108.29,771.0
2017-09-28 12:32:00,108.29,108.29,108.28,108.29,1200.0
2017-09-28 12:33:00,108.244,108.28,108.24,108.28,1290.0
2017-09-28 12:34:00,108.19,108.23,108.19,108.22,1810.0
2017-09-28 12:35:00,108.1975,108.1975,108.1975,108.1975,200.0
2017-09-28 12:36:00,108.17,108.19,108.16,108.19,700.0
2017-09-28 12:37:00,108.14,108.17,108.14,108.17,500.0
2017-09-28 12:38:00,108.11,108.13,108.1,108.13,1291.0
2017-09-28 12:39:00,108.07,108.09,108.07,108.09,971.0
2017-09-28 12:41:00,108.05,108.08,108.05,108.08,2885.0
2017-09-28 12:42:00,108.04,108.04,108.04,108.04,100.0
2017-09-28 12:43:00,108.03,108.03,108.03,108.03,100.0
2017-09-28 12:44:00,108.07,108.07,107.99,108.03,2409.0
2017-09-28 12:48:00,108.14,108.14,108.13,108.13,600.0
2017-09-28 12:51:00,108.13,108.13,108.11,108.12,1298.0
2017-09-28 12:52:00,108.13,108.13,108.11,108.12,1000.0
2017-09-28 12:53:00,108.08,108.1168,108.08,108.1168,636.0
2017-09-28 12:54:00,108.09,108.1,108.09,108.1,700.0
2017-09-28 12:55:00,108.12,108.13,108.1,108.1,900.0
2017-09-28 12:56:00,108.105,108.105,108.105,108.105,100.0
2017-09-28 12:57:00,108.1078,108.1078,108.09,108.09,341.0
2017-09-28 12:59:00,108.08,108.09,108.08,108.09,500.0
2017-09-28 13:00:00,108.09,108.1,108.09,108.1,200.0
2017-09-28 13:01:00,108.09,108.09,108.09,108.09,100.0
2017-09-28 13:02:00,108.06,108.07,108.06,108.07,2600.0
2017-09-28 13:03:00,108.07,108.07,108.06,108.07,1600.0
2017-09-28 13:04:00,108.01,108.05,108.01,108.05,692.0
2017-09-28 13:05:00,108.04,108.04,108.02,108.04,500.0
2017-09-28 13:06:00,108.02,108.02,108.02,108.02,100.0
2017-09-28 13:07:00,108.04,108.04,108.02,108.02,800.0
2017-09-28 13:09:00,108.04,108.04,108.04,108.04,100.0
2017-09-28 13:11:00,108.04,108.04,108.03,108.04,1600.0
2017-09-28 13:12:00,108.03,108.05,108.03,108.035,1115.0
2017-09-28 13:13:00,108.03,108.03,108.03,108.03,100.0
2017-09-28 13:14:00,108.01,108.02,107.99,108.02,1600.0
2017-09-28 13:16:00,108.03,108.03,107.98,108.0,1000.0
2017-09-28 13:18:00,108.03,108.03,108.03,108.03,206.0
2017-09-28 13:20:00,108.03,108.03,108.03,108.03,100.0
2017-09-28 13:21:00,108.06,108.06,108.03,108.03,2700.0
2017-09-28 13:22:00,108.05,108.05,108.05,108.05,300.0
2017-09-28 13:23:00,108.08,108.08,108.07,108.07,500.0
2017-09-28 13:25:00,108.08,108.09,108.08,108.09,400.0
2017-09-28 13:27:00,108.03,108.06,108.03,108.06,204.0
2017-09-28 13:28:00,108.05,108.05,108.05,108.05,400.0
2017-09-28 13:30:00,108.025,108.025,108.025,108.025,100.0
2017-09-28 13:31:00,108.0,108.01,107.99,108.01,3000.0
2017-09-28 13:32:00,107.99,107.99,107.99,107.99,300.0
2017-09-28 13:33:00,107.98,108.0,107.98,108.0,1000.0
2017-09-28 13:34:00,107.975,107.985,107.975,107.985,1200.0
2017-09-28 13:35:00,107.99,108.0,107.98,107.98,1400.0
2017-09-28 13:36:00,108.03,108.03,108.0,108.0,1450.0
2017-09-28 13:37:00,108.0287,108.06,108.0101,108.06,1189.0
2017-09-28 13:38:00,108.01,108.01,108.01,108.01,300.0
2017-09-28 13:42:00,108.0201,108.03,108.0201,108.03,500.0
2017-09-28 13:44:00,107.94,108.02,107.93,108.02,3000.0
2017-09-28 13:45:00,107.94,107.97,107.94,107.94,2000.0
2017-09-28 13:46:00,107.96,107.96,107.96,107.96,400.0
2017-09-28 13:47:00,108.01700000000001,108.01700000000001,108.01700000000001,108.01700000000001,287.0
2017-09-28 13:48:00,108.0,108.04,108.0,108.0369,1017.0
2017-09-28 13:50:00,108.01,108.01,108.0075,108.01,800.0
2017-09-28 13:51:00,108.01,108.01,108.01,108.01,100.0
2017-09-28 13:52:00,108.0,108.01,108.0,108.01,500.0
2017-09-28 13:53:00,108.01,108.01,108.0,108.0,400.0
2017-09-28 13:54:00,108.0,108.0,108.0,108.0,400.0
2017-09-28 13:55:00,107.92,107.99,107.92,107.99,5300.0
2017-09-28 13:56:00,107.97,107.97,107.93,107.93,1000.0
2017-09-28 13:57:00,108.02,108.02,108.01,108.01,200.0
2017-09-28 13:58:00,108.01,108.01,108.01,108.01,200.0
2017-09-28 13:59:00,108.02,108.03,108.0,108.0,900.0
2017-09-28 14:00:00,108.01,108.01,108.01,108.01,100.0
2017-09-28 14:01:00,108.01,108.01,108.01,108.01,100.0
2017-09-28 14:02:00,107.98,108.0,107.9413,108.0,6259.0
2017-09-28 14:03:00,107.97,107.97,107.97,107.97,100.0
2017-09-28 14:04:00,107.97,107.97,107.97,107.97,200.0
2017-09-28 14:05:00,107.98,107.99,107.97,107.97,1585.0
2017-09-28 14:06:00,107.97,107.99,107.97,107.99,400.0
2017-09-28 14:07:00,108.02,108.02,107.99,107.99,500.0
2017-09-28 14:09:00,108.0003,108.0003,108.0003,108.0003,100.0
2017-09-28 14:11:00,108.0,108.0,108.0,108.0,599.0
2017-09-28 14:12:00,107.98,108.02,107.98,108.01,1300.0
2017-09-28 14:13:00,107.965,107.975,107.965,107.975,600.0
2017-09-28 14:14:00,107.97,107.97,107.97,107.97,1400.0
2017-09-28 14:15:00,107.97,107.97,107.97,107.97,900.0
2017-09-28 14:16:00,107.97,107.97,107.95,107.96,1200.0
2017-09-28 14:17:00,107.97,107.988,107.97,107.97,624.0
2017-09-28 14:19:00,107.93,107.99,107.93,107.98,3750.0
2017-09-28 14:20:00,107.92,107.92,107.92,107.92,100.0
2017-09-28 14:21:00,107.92,107.935,107.92,107.92,1683.0
2017-09-28 14:23:00,107.91,107.91,107.91,107.91,100.0
2017-09-28 14:24:00,107.91,107.91,107.91,107.91,100.0
2017-09-28 14:25:00,107.95,107.96,107.9,107.91,6111.0
2017-09-28 14:26:00,107.98,107.99,107.96,107.96,1026.0
2017-09-28 14:27:00,108.02,108.02,107.99,107.99,1100.0
2017-09-28 14:28:00,108.01,108.01,108.01,108.01,100.0
2017-09-28 14:29:00,107.97,108.03,107.97,108.03,1183.0
2017-09-28 14:30:00,107.97,107.98,107.97,107.98,300.0
2017-09-28 14:32:00,107.95,107.99,107.945,107.98,3202.0
2017-09-28 14:33:00,108.02,108.02,107.96,107.97,4500.0
2017-09-28 14:34:00,108.06,108.06,108.04,108.04,400.0
2017-09-28 14:35:00,108.07,108.07,108.07,108.07,100.0
2017-09-28 14:36:00,108.05,108.05,108.04,108.05,400.0
2017-09-28 14:37:00,108.02,108.02,108.01,108.01,200.0
2017-09-28 14:38:00,108.0099,108.03,108.0,108.02,2310.0
2017-09-28 14:39:00,107.9904,107.9904,107.9904,107.9904,105.0
2017-09-28 14:40:00,108.0,108.0,107.99,107.99,2000.0
2017-09-28 14:41:00,108.04,108.04,108.0197,108.0197,1400.0
2017-09-28 14:44:00,108.05,108.06,108.05,108.06,300.0
2017-09-28 14:45:00,108.05,108.05,108.05,108.05,1300.0
2017-09-28 14:46:00,108.025,108.0355,108.02,108.0355,663.0
2017-09-28 14:47:00,108.01,108.01,108.01,108.01,100.0
2017-09-28 14:48:00,108.03,108.04,108.02,108.02,1914.0
2017-09-28 14:49:00,108.05,108.09,108.03,108.03,2000.0
2017-09-28 14:51:00,108.05,108.05,108.05,108.05,100.0
2017-09-28 14:52:00,108.05,108.0695,108.05,108.0695,670.0
2017-09-28 14:53:00,108.05,108.05,108.05,108.05,100.0
2017-09-28 14:55:00,108.07,108.07,108.07,108.07,100.0
2017-09-28 14:56:00,108.05,108.05,108.04,108.05,6800.0
2017-09-28 14:57:00,108.11,108.11,108.05,108.05,2418.0
2017-09-28 14:58:00,108.09,108.11,108.08,108.1001,1069.0
2017-09-28 15:00:00,108.05,108.07,108.045,108.07,2200.0
2017-09-28 15:01:00,108.06,108.06,108.06,108.06,700.0
2017-09-28 15:02:00,108.05,108.07,108.05,108.06,1114.0
2017-09-28 15:03:00,108.05,108.08,108.05,108.08,300.0
2017-09-28 15:04:00,108.07,108.07,108.05,108.05,600.0
2017-09-28 15:05:00,108.05,108.05,108.03,108.0492,27085.0
2017-09-28 15:06:00,108.05,108.06,108.04,108.06,600.0
2017-09-28 15:07:00,108.04,108.04,108.04,108.04,409.0
2017-09-28 15:08:00,108.05,108.06,108.04,108.04,1100.0
2017-09-28 15:09:00,108.0599,108.0599,108.04,108.04,405.0
2017-09-28 15:10:00,108.09,108.09,108.06,108.06,1814.0
2017-09-28 15:11:00,108.09,108.1,108.09,108.1,700.0
2017-09-28 15:12:00,108.1001,108.11,108.1,108.1,700.0
2017-09-28 15:13:00,108.06,108.09,108.06,108.09,1150.0
2017-09-28 15:14:00,108.07,108.07,108.06,108.06,1100.0
2017-09-28 15:15:00,108.0101,108.06,108.01,108.06,684.0
2017-09-28 15:16:00,108.0101,108.0101,108.0101,108.0101,200.0
2017-09-28 15:17:00,107.99,108.01,107.99,108.01,2500.0
2017-09-28 15:18:00,108.01,108.01,107.99,107.99,2351.0
2017-09-28 15:19:00,108.02,108.02,108.01,108.01,300.0
2017-09-28 15:20:00,108.01,108.02,107.995,108.02,2028.0
2017-09-28 15:21:00,108.01,108.0101,108.01,108.01,1300.0
2017-09-28 15:22:00,108.0,108.0088,107.99,108.0,1867.0
2017-09-28 15:23:00,107.97,108.0,107.93,107.98100000000001,3712.0
2017-09-28 15:24:00,107.94,107.94,107.94,107.94,200.0
2017-09-28 15:25:00,107.93,107.94,107.91,107.93,2716.0
2017-09-28 15:27:00,107.93,107.93,107.9,107.91,18100.0
2017-09-28 15:28:00,107.9301,107.9301,107.92,107.92,300.0
2017-09-28 15:29:00,107.93,107.93,107.9201,107.93,969.0
2017-09-28 15:30:00,107.945,107.95,107.93,107.93,800.0
2017-09-28 15:31:00,107.95,107.96,107.94,107.95,4042.0
2017-09-28 15:32:00,107.96,107.97,107.95,107.96,1800.0
2017-09-28 15:33:00,107.97,107.97,107.94,107.96,3606.0
2017-09-28 15:34:00,107.98,107.98,107.97,107.9701,4033.0
2017-09-28 15:35:00,107.98,108.0,107.98,107.98,1600.0
2017-09-28 15:36:00,107.9601,107.98,107.96,107.98,3563.0
2017-09-28 15:37:00,107.9601,107.97,107.96,107.96,2100.0
2017-09-28 15:38:00,107.97,107.98,107.96,107.965,7023.0
2017-09-28 15:39:00,107.995,107.995,107.98,107.98,750.0
2017-09-28 15:40:00,107.99,108.0,107.9801,107.99,1800.0
2017-09-28 15:41:00,107.995,107.995,107.9901,107.9901,400.0
2017-09-28 15:42:00,107.96,107.995,107.96,107.9901,2411.0
2017-09-28 15:43:00,107.975,107.975,107.965,107.965,1905.0
2017-09-28 15:44:00,107.99,107.99,107.97,107.975,3000.0
2017-09-28 15:45:00,108.06,108.07,107.99,107.99,3470.0
2017-09-28 15:46:00,108.05,108.06,108.03,108.04,5152.0
2017-09-28 15:47:00,108.0401,108.05,108.04,108.04,1200.0
2017-09-28 15:48:00,108.05,108.05,108.04,108.05,1400.0
2017-09-28 15:49:00,108.06,108.06,108.045,108.045,2406.0
2017-09-28 15:50:00,108.055,108.06,108.05,108.06,3320.0
2017-09-28 15:51:00,108.14,108.14,108.05,108.055,9364.0
2017-09-28 15:52:00,108.15,108.17,108.14,108.14,2695.0
2017-09-28 15:53:00,108.1301,108.16,108.13,108.1501,2747.0
2017-09-28 15:54:00,108.14,108.14,108.12,108.14,4125.0
2017-09-28 15:55:00,108.15,108.15,108.11,108.13,1900.0
2017-09-28 15:56:00,108.15,108.15,108.12,108.13,4114.0
2017-09-28 15:57:00,108.19,108.21,108.15,108.15,4142.0
2017-09-28 15:58:00,108.2,108.22,108.18,108.21,5100.0
2017-09-28 15:59:00,108.21,108.22,108.2,108.2,5980.0
2017-09-28 16:00:00,108.19,108.22,108.19,108.19,7228.0
2017-09-29 09:30:00,107.97,107.97,107.97,107.97,5326.0
2017-09-29 09:31:00,107.68,107.93,107.68,107.93,2700.0
2017-09-29 09:32:00,107.65,107.65,107.65,107.65,5400.0
2017-09-29 09:34:00,107.96,108.0552,107.77,107.78,1500.0
2017-09-29 09:36:00,108.08,108.08,108.06,108.06,500.0
2017-09-29 09:39:00,108.055,108.1,108.05,108.05,826.0
2017-09-29 09:40:00,108.05,108.05,108.05,108.05,300.0
2017-09-29 09:41:00,108.06,108.06,108.06,108.06,100.0
2017-09-29 09:42:00,108.01,108.01,108.01,108.01,100.0
2017-09-29 09:43:00,108.0,108.0,107.91,107.91,369.0
2017-09-29 09:44:00,108.05,108.05,108.0,108.0,600.0
2017-09-29 09:45:00,107.99,108.08,107.99,108.08,1200.0
2017-09-29 09:47:00,108.25,108.25,108.09,108.09,1860.0
2017-09-29 09:48:00,108.2,108.235,108.19,108.235,900.0
2017-09-29 09:50:00,108.185,108.22,108.17,108.17,800.0
2017-09-29 09:51:00,108.3,108.36,108.18,108.18,1750.0
2017-09-29 09:52:00,108.305,108.305,108.305,108.305,100.0
2017-09-29 09:53:00,108.26,108.26,108.26,108.26,212.0
2017-09-29 09:54:00,108.36,108.36,108.2774,108.2774,870.0
2017-09-29 09:55:00,108.39,108.39,108.3,108.32,700.0
2017-09-29 09:56:00,108.32,108.35,108.32,108.33,300.0
2017-09-29 09:57:00,108.38,108.38,108.38,108.38,200.0
2017-09-29 09:58:00,108.4,108.4,108.36,108.4,300.0
2017-09-29 09:59:00,108.325,108.35,108.31,108.35,1200.0
2017-09-29 10:00:00,108.25,108.31,108.25,108.31,700.0
2017-09-29 10:01:00,108.26,108.27,108.26,108.27,900.0
2017-09-29 10:02:00,108.33,108.33,108.33,108.33,100.0
2017-09-29 10:04:00,108.33,108.33,108.32,108.32,500.0
2017-09-29 10:05:00,108.35,108.35,108.32,108.33,1000.0
2017-09-29 10:06:00,108.45,108.45,108.43,108.43,200.0
2017-09-29 10:08:00,108.45,108.499,108.43,108.47,1551.0
2017-09-29 10:09:00,108.51,108.54,108.47,108.47,1835.0
2017-09-29 10:10:00,108.54,108.54,108.51,108.51,400.0
2017-09-29 10:11:00,108.51,108.53,108.49,108.53,1900.0
2017-09-29 10:12:00,108.601,108.62,108.56,108.56,1448.0
2017-09-29 10:13:00,108.56,108.58,108.55,108.58,813.0
2017-09-29 10:14:00,108.55,108.55,108.55,108.55,200.0
2017-09-29 10:15:00,108.65,108.65,108.58,108.58,300.0
2017-09-29 10:16:00,108.663,108.669,108.63,108.65,1500.0
2017-09-29 10:17:00,108.71,108.72,108.67,108.67,800.0
2017-09-29 10:18:00,108.73,108.73,108.69,108.69,3289.0
2017-09-29 10:19:00,108.71,108.73,108.71,108.73,700.0
2017-09-29 10:20:00,108.64,108.715,108.64,108.715,800.0
2017-09-29 10:21:00,108.62,108.62,108.62,108.62,100.0
2017-09-29 10:22:00,108.68,108.68,108.67,108.67,200.0
2017-09-29 10:23:00,108.67,108.7,108.67,108.7,800.0
2017-09-29 10:24:00,108.71,108.71,108.71,108.71,100.0
2017-09-29 10:25:00,108.75,108.75,108.75,108.75,100.0
2017-09-29 10:26:00,108.75,108.75,108.75,108.75,100.0
2017-09-29 10:27:00,108.77,108.78,108.72,108.72,600.0
2017-09-29 10:28:00,108.66,108.78,108.66,108.78,2400.0
2017-09-29 10:31:00,108.67,108.67,108.64,108.64,700.0
2017-09-29 10:32:00,108.7,108.7,108.7,108.7,100.0
2017-09-29 10:34:00,108.6,108.67,108.6,108.64,1096.0
2017-09-29 10:35:00,108.6,108.6,108.6,108.6,400.0
2017-09-29 10:36:00,108.62,108.62,108.62,108.62,100.0
2017-09-29 10:37:00,108.65,108.65,108.62,108.62,500.0
2017-09-29 10:38:00,108.66,108.66,108.62,108.65,1000.0
2017-09-29 10:40:00,108.74,108.74,108.68,108.68,933.0
2017-09-29 10:41:00,108.78,108.82,108.7507,108.76,933.0
2017-09-29 10:42:00,108.79,108.805,108.76,108.79,1800.0
2017-09-29 10:43:00,108.8,108.81,108.78,108.78,1100.0
2017-09-29 10:45:00,108.82,108.82,108.79,108.79,200.0
2017-09-29 10:47:00,108.77,108.79,108.77,108.79,871.0
2017-09-29 10:48:00,108.76,108.79,108.74,108.79,600.0
2017-09-29 10:50:00,108.74,108.74,108.74,108.74,100.0
2017-09-29 10:51:00,108.69,108.69,108.69,108.69,100.0
2017-09-29 10:52:00,108.66,108.67,108.66,108.67,600.0
2017-09-29 10:53:00,108.76,108.76,108.66,108.66,1100.0
2017-09-29 10:54:00,108.76,108.76,108.76,108.76,100.0
2017-09-29 10:55:00,108.76,108.76,108.76,108.76,400.0
2017-09-29 10:57:00,108.76,108.76,108.76,108.76,100.0
2017-09-29 10:58:00,108.75,108.75,108.75,108.75,100.0
2017-09-29 10:59:00,108.76,108.76,108.72,108.73,1500.0
2017-09-29 11:00:00,108.72,108.72,108.72,108.72,100.0
2017-09-29 11:01:00,108.72,108.72,108.72,108.72,600.0
2017-09-29 11:02:00,108.8,108.81,108.75,108.75,4143.0
2017-09-29 11:04:00,108.79,108.85,108.77,108.84,3100.0
2017-09-29 11:06:00,108.81,108.81,108.81,108.81,100.0
2017-09-29 11:07:00,108.79,108.79,108.77,108.77,500.0
2017-09-29 11:08:00,108.79,108.8,108.79,108.8,200.0
2017-09-29 11:09:00,108.81,108.81,108.79,108.79,600.0
2017-09-29 11:10:00,108.78,108.8,108.78,108.8,444.0
2017-09-29 11:12:00,108.82,108.83,108.8,108.8,1100.0
2017-09-29 11:13:00,108.84,108.84,108.8,108.82,700.0
2017-09-29 11:14:00,108.81,108.82,108.81,108.82,1700.0
2017-09-29 11:15:00,108.81,108.81,108.81,108.81,500.0
2017-09-29 11:17:00,108.8,108.807,108.8,108.8,2129.0
2017-09-29 11:18:00,108.68,108.79,108.68,108.79,2300.0
2017-09-29 11:19:00,108.7,108.7,108.66,108.66,500.0
2017-09-29 11:20:00,108.64,108.71,108.64,108.71,800.0
2017-09-29 11:21:00,108.48,108.62,108.48,108.62,1600.0
2017-09-29 11:22:00,108.49,108.49,108.49,108.49,100.0
2017-09-29 11:23:00,108.48,108.52,108.45,108.45,1750.0
2017-09-29 11:24:00,108.44,108.49,108.44,108.44,400.0
2017-09-29 11:25:00,108.46,108.46,108.46,108.46,100.0
2017-09-29 11:26:00,108.4301,108.44,108.43,108.43,600.0
2017-09-29 11:27:00,108.5,108.5,108.5,108.5,100.0
2017-09-29 11:28:00,108.49,108.5,108.49,108.49,400.0
2017-09-29 11:29:00,108.53,108.53,108.53,108.53,100.0
2017-09-29 11:30:00,108.57,108.57,108.53,108.53,700.0
2017-09-29 11:32:00,108.62,108.62,108.62,108.62,300.0
2017-09-29 11:33:00,108.47,108.605,108.47,108.605,3000.0
2017-09-29 11:34:00,108.43,108.44,108.43,108.44,300.0
2017-09-29 11:35:00,108.4892,108.4892,108.4892,108.4892,100.0
2017-09-29 11:36:00,108.47,108.49,108.47,108.49,700.0
2017-09-29 11:37:00,108.47,108.47,108.47,108.47,100.0
2017-09-29 11:38:00,108.44,108.45,108.44,108.45,400.0
2017-09-29 11:39:00,108.41,108.46,108.41,108.41,1022.0
2017-09-29 11:40:00,108.5,108.5,108.45,108.47,500.0
2017-09-29 11:41:00,108.475,108.475,108.475,108.475,100.0
2017-09-29 11:42:00,108.505,108.505,108.5,108.5,600.0
2017-09-29 11:43:00,108.47,108.56,108.47,108.52,1400.0
2017-09-29 11:46:00,108.55,108.55,108.45,108.45,1100.0
2017-09-29 11:47:00,108.55,108.55,108.5499,108.5499,400.0
2017-09-29 11:48:00,108.52,108.56,108.5,108.56,1821.0
2017-09-29 11:49:00,108.52,108.54,108.52,108.53,1400.0
2017-09-29 11:50:00,108.47,108.47,108.47,108.47,300.0
2017-09-29 11:51:00,108.48,108.48,108.46,108.46,600.0
2017-09-29 11:52:00,108.45,108.52,108.44,108.52,400.0
2017-09-29 11:53:00,108.44,108.44,108.43,108.43,500.0
2017-09-29 11:54:00,108.49,108.49,108.44,108.4484,1300.0
2017-09-29 11:55:00,108.49,108.51,108.47,108.5,1900.0
2017-09-29 11:56:00,108.48,108.48,108.47,108.471,640.0
2017-09-29 11:57:00,108.49,108.49,108.49,108.49,800.0
2017-09-29 11:58:00,108.49,108.5,108.47,108.47,700.0
2017-09-29 12:00:00,108.49,108.49,108.49,108.49,100.0
2017-09-29 12:01:00,108.5,108.5,108.44,108.47,700.0
2017-09-29 12:02:00,108.55,108.55,108.55,108.55,100.0
2017-09-29 12:03:00,108.52,108.52,108.52,108.52,100.0
2017-09-29 12:04:00,108.5736,108.58,108.55,108.55,400.0
2017-09-29 12:05:00,108.53,108.55,108.51,108.55,1400.0
2017-09-29 12:06:00,108.59,108.59,108.59,108.59,100.0
2017-09-29 12:07:00,108.55,108.55,108.53,108.53,1700.0
2017-09-29 12:08:00,108.55,108.55,108.55,108.55,300.0
2017-09-29 12:09:00,108.62,108.62,108.56,108.58,2100.0
2017-09-29 12:10:00,108.67,108.69,108.67,108.69,800.0
2017-09-29 12:11:00,108.72200000000001,108.72200000000001,108.6675,108.67,1100.0
2017-09-29 12:12:00,108.73,108.73,108.73,108.73,200.0
2017-09-29 12:13:00,108.75,108.75,108.75,108.75,100.0
2017-09-29 12:14:00,108.68,108.69,108.68,108.69,900.0
2017-09-29 12:15:00,108.64,108.6833,108.64,108.68,2165.0
2017-09-29 12:16:00,108.69,108.69,108.67,108.69,700.0
2017-09-29 12:17:00,108.69,108.69,108.69,108.69,600.0
2017-09-29 12:18:00,108.6701,108.68,108.6701,108.68,200.0
2017-09-29 12:19:00,108.635,108.67,108.635,108.67,607.0
2017-09-29 12:20:00,108.61,108.65,108.61,108.65,200.0
2017-09-29 12:22:00,108.62,108.62,108.59,108.59,300.0
2017-09-29 12:23:00,108.59,108.59,108.59,108.59,100.0
2017-09-29 12:24:00,108.62,108.62,108.62,108.62,500.0
2017-09-29 12:25:00,108.65,108.65,108.65,108.65,100.0
2017-09-29 12:26:00,108.57,108.61,108.57,108.61,1200.0
2017-09-29 12:29:00,108.53,108.55,108.53,108.55,600.0
2017-09-29 12:31:00,108.57,108.57,108.57,108.57,100.0
2017-09-29 12:32:00,108.6,108.6,108.6,108.6,700.0
2017-09-29 12:33:00,108.59,108.61,108.57,108.57,1410.0
2017-09-29 12:34:00,108.58,108.58,108.58,108.58,100.0
2017-09-29 12:36:00,108.6164,108.63,108.6164,108.63,800.0
2017-09-29 12:37:00,108.615,108.62,108.61,108.61,6300.0
2017-09-29 12:38:00,108.66,108.66,108.62,108.62,1000.0
2017-09-29 12:39:00,108.6701,108.69,108.67,108.69,700.0
2017-09-29 12:40:00,108.71,108.72,108.67,108.67,700.0
2017-09-29 12:41:00,108.75,108.78,108.73,108.73,1800.0
2017-09-29 12:42:00,108.72,108.75,108.72,108.75,1036.0
2017-09-29 12:43:00,108.71,108.71,108.71,108.71,100.0
2017-09-29 12:45:00,108.71,108.73,108.71,108.73,500.0
2017-09-29 12:46:00,108.67,108.67,108.67,108.67,200.0
2017-09-29 12:48:00,108.66,108.675,108.6535,108.675,1100.0
2017-09-29 12:49:00,108.63,108.63,108.63,108.63,100.0
2017-09-29 12:50:00,108.62,108.65,108.62,108.6364,717.0
2017-09-29 12:51:00,108.65,108.65,108.64,108.64,500.0
2017-09-29 12:52:00,108.67,108.67,108.65,108.67,300.0
2017-09-29 12:53:00,108.64,108.64,108.64,108.64,100.0
2017-09-29 12:54:00,108.64,108.64,108.64,108.64,100.0
2017-09-29 12:55:00,108.57,108.62,108.57,108.62,1300.0
2017-09-29 12:56:00,108.6,108.6,108.58,108.58,500.0
2017-09-29 12:57:00,108.6,108.6,108.6,108.6,100.0
2017-09-29 12:58:00,108.64,108.64,108.62,108.62,400.0
2017-09-29 12:59:00,108.66,108.66,108.66,108.66,100.0
2017-09-29 13:00:00,108.61,108.64,108.61,108.64,900.0
2017-09-29 13:02:00,108.63,108.65,108.62,108.63,700.0
2017-09-29 13:03:00,108.62,108.62,108.62,108.62,100.0
2017-09-29 13:04:00,108.66,108.66,108.66,108.66,100.0
2017-09-29 13:06:00,108.64,108.64,108.64,108.64,100.0
2017-09-29 13:07:00,108.63,108.64,108.63,108.63,400.0
2017-09-29 13:08:00,108.61,108.63,108.61,108.63,700.0
2017-09-29 13:09:00,108.57,108.59,108.57,108.59,500.0
2017-09-29 13:10:00,108.61,108.61,108.59,108.59,700.0
2017-09-29 13:11:00,108.62,108.62,108.62,108.62,100.0
2017-09-29 13:13:00,108.6,108.62,108.6,108.62,931.0
2017-09-29 13:15:00,108.61,108.61,108.61,108.61,200.0
2017-09-29 13:16:00,108.6,108.6,108.6,108.6,400.0
2017-09-29 13:17:00,108.59,108.6,108.57,108.57,1100.0
2017-09-29 13:20:00,108.59,108.59,108.59,108.59,100.0
2017-09-29 13:21:00,108.61,108.63,108.57,108.57,3020.0
2017-09-29 13:22:00,108.63,108.63,108.6,108.61,800.0
2017-09-29 13:23:00,108.57,108.6,108.56,108.6,400.0
2017-09-29 13:25:00,108.61,108.61,108.61,108.61,100.0
2017-09-29 13:26:00,108.5601,108.5601,108.5601,108.5601,600.0
2017-09-29 13:27:00,108.59,108.59,108.57,108.59,900.0
2017-09-29 13:28:00,108.5874,108.5874,108.58,108.58,200.0
2017-09-29 13:29:00,108.61,108.61,108.61,108.61,100.0
2017-09-29 13:30:00,108.61,108.61,108.61,108.61,100.0
2017-09-29 13:31:00,108.61,108.61,108.61,108.61,349.0
2017-09-29 13:32:00,108.64,108.64,108.62,108.62,800.0
2017-09-29 13:33:00,108.64,108.64,108.64,108.64,100.0
2017-09-29 13:34:00,108.64,108.65,108.63,108.63,600.0
2017-09-29 13:35:00,108.57,108.63,108.57,108.63,1200.0
2017-09-29 13:36:00,108.59,108.61,108.57,108.61,1600.0
2017-09-29 13:38:00,108.59,108.59,108.59,108.59,100.0
2017-09-29 13:39:00,108.54,108.59,108.5232,108.59,2079.0
2017-09-29 13:41:00,108.55,108.57,108.54,108.54,600.0
2017-09-29 13:42:00,108.53,108.56,108.53,108.56,700.0
2017-09-29 13:43:00,108.545,108.545,108.5101,108.5101,201.0
2017-09-29 13:44:00,108.4955,108.51,108.4955,108.51,694.0
2017-09-29 13:45:00,108.49,108.49,108.49,108.49,100.0
2017-09-29 13:46:00,108.49,108.49,108.49,108.49,100.0
2017-09-29 13:47:00,108.54,108.54,108.5,108.5,2023.0
2017-09-29 13:49:00,108.54,108.54,108.54,108.54,100.0
2017-09-29 13:50:00,108.51,108.53,108.51,108.52,300.0
2017-09-29 13:52:00,108.56,108.58,108.55,108.55,1600.0
2017-09-29 13:53:00,108.57,108.57,108.57,108.57,100.0
2017-09-29 13:54:00,108.57,108.57,108.51,108.52,300.0
2017-09-29 13:55:00,108.54,108.54,108.54,108.54,429.0
2017-09-29 13:56:00,108.55,108.55,108.55,108.55,100.0
2017-09-29 13:57:00,108.51,108.53,108.51,108.53,600.0
2017-09-29 13:58:00,108.55,108.55,108.52,108.52,1410.0
2017-09-29 13:59:00,108.516,108.55,108.516,108.55,1002.0
2017-09-29 14:00:00,108.54,108.55,108.54,108.55,300.0
2017-09-29 14:02:00,108.54,108.54,108.54,108.54,200.0
2017-09-29 14:03:00,108.53,108.53,108.53,108.53,204.0
2017-09-29 14:04:00,108.49,108.54,108.49,108.53,1600.0
2017-09-29 14:05:00,108.53,108.53,108.51,108.52,1000.0
2017-09-29 14:06:00,108.5,108.53,108.47,108.53,1500.0
2017-09-29 14:07:00,108.48,108.48,108.48,108.48,100.0
2017-09-29 14:08:00,108.47,108.48,108.47,108.48,400.0
2017-09-29 14:09:00,108.52,108.52,108.49,108.49,2100.0
2017-09-29 14:11:00,108.52,108.52,108.52,108.52,100.0
2017-09-29 14:12:00,108.48,108.48,108.48,108.48,100.0
2017-09-29 14:13:00,108.52,108.52,108.52,108.52,694.0
2017-09-29 14:15:00,108.52,108.52,108.52,108.52,300.0
2017-09-29 14:17:00,108.52,108.52,108.51,108.51,400.0
2017-09-29 14:18:00,108.52,108.52,108.52,108.52,300.0
2017-09-29 14:19:00,108.55,108.56,108.54,108.54,1100.0
2017-09-29 14:20:00,108.52,108.59,108.52,108.56,2000.0
2017-09-29 14:22:00,108.49,108.53,108.49,108.51,300.0
2017-09-29 14:24:00,108.49,108.49,108.49,108.49,100.0
2017-09-29 14:25:00,108.51,108.51,108.51,108.51,100.0
2017-09-29 14:26:00,108.47,108.47,108.47,108.47,100.0
2017-09-29 14:27:00,108.52,108.52,108.495,108.495,1200.0
2017-09-29 14:28:00,108.54,108.54,108.54,108.54,100.0
2017-09-29 14:29:00,108.58,108.58,108.54,108.54,800.0
2017-09-29 14:30:00,108.57,108.57,108.54,108.57,2000.0
2017-09-29 14:32:00,108.565,108.565,108.55,108.55,200.0
2017-09-29 14:34:00,108.59,108.59,108.55,108.57,900.0
2017-09-29 14:35:00,108.6,108.6,108.5864,108.5864,443.0
2017-09-29 14:36:00,108.605,108.605,108.605,108.605,100.0
2017-09-29 14:37:00,108.62,108.62,108.62,108.62,200.0
2017-09-29 14:38:00,108.64,108.64,108.62,108.63,1000.0
2017-09-29 14:39:00,108.62,108.64,108.62,108.64,1308.0
2017-09-29 14:41:00,108.66,108.66,108.625,108.625,2591.0
2017-09-29 14:42:00,108.66,108.66,108.66,108.66,400.0
2017-09-29 14:43:00,108.66,108.66,108.66,108.66,220.0
2017-09-29 14:44:00,108.63,108.68,108.61,108.66,3115.0
2017-09-29 14:45:00,108.6,108.63,108.6,108.62,408.0
2017-09-29 14:46:00,108.63,108.63,108.62,108.62,400.0
2017-09-29 14:48:00,108.64,108.645,108.64,108.64,700.0
2017-09-29 14:49:00,108.67,108.68,108.65,108.65,726.0
2017-09-29 14:51:00,108.65,108.67,108.65,108.66,300.0
2017-09-29 14:52:00,108.665,108.665,108.665,108.665,100.0
2017-09-29 14:53:00,108.68,108.68,108.68,108.68,100.0
2017-09-29 14:55:00,108.69,108.69,108.69,108.69,300.0
2017-09-29 14:56:00,108.71,108.71,108.68,108.68,2367.0
2017-09-29 14:57:00,108.69,108.69,108.67,108.68,800.0
2017-09-29 14:58:00,108.7117,108.7117,108.7,108.71,1701.0
2017-09-29 14:59:00,108.72,108.73,108.71,108.71,626.0
2017-09-29 15:00:00,108.7,108.72,108.7,108.72,1100.0
2017-09-29 15:01:00,108.69,108.69,108.69,108.69,400.0
2017-09-29 15:03:00,108.72,108.72,108.69,108.69,622.0
2017-09-29 15:04:00,108.68,108.74,108.68,108.73,2500.0
2017-09-29 15:05:00,108.7,108.7,108.7,108.7,1400.0
2017-09-29 15:06:00,108.68,108.7,108.65,108.69,3586.0
2017-09-29 15:07:00,108.75,108.76,108.7,108.7,3453.0
2017-09-29 15:08:00,108.73,108.76,108.72,108.74,2200.0
2017-09-29 15:09:00,108.73,108.74,108.73,108.74,1300.0
2017-09-29 15:10:00,108.72,108.72,108.72,108.72,100.0
2017-09-29 15:11:00,108.65,108.725,108.65,108.725,3000.0
2017-09-29 15:12:00,108.66,108.68,108.66,108.66,1600.0
2017-09-29 15:13:00,108.66,108.7,108.66,108.67,600.0
2017-09-29 15:14:00,108.69,108.69,108.69,108.69,100.0
2017-09-29 15:15:00,108.69,108.695,108.69,108.695,1350.0
2017-09-29 15:16:00,108.6896,108.69,108.67,108.69,2000.0
2017-09-29 15:17:00,108.68,108.71,108.68,108.7,1691.0
2017-09-29 15:18:00,108.72,108.72,108.68,108.68,1186.0
2017-09-29 15:20:00,108.74,108.76,108.73,108.73,2183.0
2017-09-29 15:21:00,108.72,108.73,108.72,108.73,300.0
2017-09-29 15:22:00,108.755,108.755,108.74,108.74,1300.0
2017-09-29 15:23:00,108.75,108.75,108.75,108.75,100.0
2017-09-29 15:24:00,108.78,108.78,108.75,108.75,4242.0
2017-09-29 15:25:00,108.84,108.84,108.78,108.78,1000.0
2017-09-29 15:26:00,108.79,108.84,108.79,108.84,1400.0
2017-09-29 15:28:00,108.79,108.79,108.79,108.79,1803.0
2017-09-29 15:29:00,108.75,108.78,108.74,108.78,500.0
2017-09-29 15:30:00,108.76,108.77,108.75,108.75,2108.0
2017-09-29 15:31:00,108.72,108.75,108.72,108.75,1600.0
2017-09-29 15:32:00,108.74,108.74,108.73,108.73,1222.0
2017-09-29 15:33:00,108.74,108.7534,108.735,108.735,2310.0
2017-09-29 15:34:00,108.72,108.74,108.72,108.74,900.0
2017-09-29 15:35:00,108.75,108.75,108.72,108.73,1716.0
2017-09-29 15:36:00,108.75,108.76,108.75,108.76,1520.0
2017-09-29 15:37:00,108.74,108.76,108.74,108.76,200.0
2017-09-29 15:38:00,108.75,108.75,108.75,108.75,500.0
2017-09-29 15:39:00,108.75,108.76,108.75,108.76,400.0
2017-09-29 15:40:00,108.74,108.75,108.73,108.75,5834.0
2017-09-29 15:41:00,108.73,108.74,108.73,108.74,700.0
2017-09-29 15:42:00,108.74,108.74,108.73,108.73,1300.0
2017-09-29 15:43:00,108.745,108.745,108.73,108.74,2232.0
2017-09-29 15:44:00,108.75,108.75,108.75,108.75,1675.0
2017-09-29 15:45:00,108.74,108.7534,108.72,108.7534,4807.0
2017-09-29 15:46:00,108.71,108.72,108.68,108.72,4842.0
2017-09-29 15:47:00,108.72,108.72,108.71,108.72,700.0
2017-09-29 15:48:00,108.71,108.71,108.7,108.71,1350.0
2017-09-29 15:49:00,108.72,108.74,108.72,108.72,5979.0
2017-09-29 15:50:00,108.72,108.72,108.72,108.72,1300.0
2017-09-29 15:51:00,108.72,108.72,108.7,108.71,5426.0
2017-09-29 15:52:00,108.71,108.72,108.71,108.72,2000.0
2017-09-29 15:53:00,108.7,108.72,108.68,108.715,2200.0
2017-09-29 15:54:00,108.62,108.6801,108.62,108.68,2401.0
2017-09-29 15:55:00,108.62,108.65,108.62,108.64,3861.0
2017-09-29 15:56:00,108.66,108.66,108.63,108.64,5100.0
2017-09-29 15:57:00,108.62,108.66,108.59,108.65,8585.0
2017-09-29 15:58:00,108.65,108.65,108.61,108.62,3572.0
2017-09-29 15:59:00,108.65,108.66,108.63,108.63,4098.0
2017-09-29 16:00:00,108.67,108.72,108.65,108.66,11376.0
2017-10-02 09:30:00,108.27,108.27,108.27,108.27,8193.0
2017-10-02 09:31:00,108.3,108.33,108.3,108.33,200.0
2017-10-02 09:32:00,107.96,108.3,107.955,108.3,1100.0
2017-10-02 09:33:00,108.03,108.17,108.0,108.02,1185.0
2017-10-02 09:34:00,108.275,108.5,108.04,108.499,850.0
2017-10-02 09:35:00,108.4,108.4,108.4,108.4,100.0
2017-10-02 09:36:00,108.18,108.28,108.18,108.23,2000.0
2017-10-02 09:37:00,107.77,108.18,107.66,108.18,5483.0
2017-10-02 09:38:00,107.96,108.045,107.64,107.77,1900.0
2017-10-02 09:39:00,108.02600000000001,108.02600000000001,107.9,107.97,500.0
2017-10-02 09:40:00,107.9,107.95,107.9,107.95,300.0
2017-10-02 09:41:00,107.89,107.98,107.89,107.98,300.0
2017-10-02 09:42:00,107.88,107.88,107.83,107.83,300.0
2017-10-02 09:43:00,107.69,107.87,107.64,107.87,1400.0
2017-10-02 09:44:00,107.77,107.85,107.73,107.73,1200.0
2017-10-02 09:45:00,107.4129,107.75,107.4129,107.75,1030.0
2017-10-02 09:46:00,107.69,107.69,107.62,107.62,1900.0
2017-10-02 09:47:00,107.75,107.75,107.6308,107.64,2600.0
2017-10-02 09:48:00,107.66,107.81,107.66,107.81,2400.0
2017-10-02 09:49:00,107.58,107.79,107.58,107.73,2500.0
2017-10-02 09:50:00,107.68,107.7,107.54,107.55,900.0
2017-10-02 09:52:00,107.63,107.725,107.63,107.69,3500.0
2017-10-02 09:53:00,107.58,107.6,107.54,107.6,900.0
2017-10-02 09:54:00,107.55,107.55,107.47,107.47,200.0
2017-10-02 09:55:00,107.57,107.57,107.5,107.5,1400.0
2017-10-02 09:56:00,107.52,107.54,107.5,107.54,1600.0
2017-10-02 09:57:00,107.56,107.56,107.56,107.56,200.0
2017-10-02 09:58:00,107.51,107.54,107.47,107.54,1100.0
2017-10-02 09:59:00,107.56,107.645,107.56,107.57,3704.0
2017-10-02 10:00:00,107.64,107.64,107.58,107.58,800.0
2017-10-02 10:02:00,107.78,107.8,107.69,107.69,2414.0
2017-10-02 10:03:00,107.84,107.84,107.84,107.84,414.0
2017-10-02 10:04:00,107.82,107.88,107.78,107.88,1800.0
2017-10-02 10:05:00,107.76,107.85,107.76,107.77,2100.0
2017-10-02 10:07:00,107.61,107.72,107.61,107.72,1444.0
2017-10-02 10:08:00,107.63,107.7225,107.63,107.66,2100.0
2017-10-02 10:09:00,107.49,107.63,107.46,107.63,1200.0
2017-10-02 10:10:00,107.63,107.63,107.53,107.53,1100.0
2017-10-02 10:11:00,107.48,107.58,107.48,107.58,1320.0
2017-10-02 10:12:00,107.42,107.51,107.42,107.51,769.0
2017-10-02 10:13:00,107.34,107.47,107.3,107.44,1827.0
2017-10-02 10:14:00,107.4405,107.4405,107.35,107.35,605.0
2017-10-02 10:15:00,107.4399,107.44,107.39,107.39,600.0
2017-10-02 10:16:00,107.54899999999999,107.54899999999999,107.44,107.44,1599.0
2017-10-02 10:18:00,107.6202,107.64,107.6202,107.64,200.0
2017-10-02 10:19:00,107.65,107.72,107.64,107.65,2277.0
2017-10-02 10:20:00,107.66,107.67,107.66,107.67,500.0
2017-10-02 10:21:00,107.64,107.64,107.61,107.62,1300.0
2017-10-02 10:22:00,107.58,107.65,107.57,107.64,3905.0
2017-10-02 10:23:00,107.51,107.56,107.51,107.56,500.0
2017-10-02 10:25:00,107.485,107.55,107.47,107.54,5606.0
2017-10-02 10:26:00,107.61,107.61,107.5,107.5,2300.0
2017-10-02 10:28:00,107.44,107.555,107.4,107.54,8276.0
2017-10-02 10:29:00,107.45,107.51,107.45,107.46,3477.0
2017-10-02 10:30:00,107.395,107.4152,107.37,107.4152,1234.0
2017-10-02 10:31:00,107.475,107.475,107.43,107.43,700.0
2017-10-02 10:32:00,107.48,107.48,107.44,107.45,2500.0
2017-10-02 10:33:00,107.44,107.46,107.44,107.44,900.0
2017-10-02 10:34:00,107.47,107.47,107.47,107.47,100.0
2017-10-02 10:35:00,107.54,107.54,107.47,107.48,1100.0
2017-10-02 10:36:00,107.53,107.57,107.53,107.55,400.0
2017-10-02 10:37:00,107.57,107.57,107.57,107.57,100.0
2017-10-02 10:38:00,107.55,107.59,107.53,107.57,2599.0
2017-10-02 10:39:00,107.63,107.63,107.52,107.52,3900.0
2017-10-02 10:40:00,107.64,107.64,107.6,107.61,3600.0
2017-10-02 10:41:00,107.6,107.63,107.6,107.63,2640.0
2017-10-02 10:42:00,107.56,107.59,107.56,107.59,800.0
2017-10-02 10:43:00,107.58,107.6,107.57,107.58,3400.0
2017-10-02 10:44:00,107.59,107.6,107.59,107.6,700.0
2017-10-02 10:45:00,107.48,107.595,107.48,107.595,4868.0
2017-10-02 10:46:00,107.47,107.53,107.47,107.51,5800.0
2017-10-02 10:47:00,107.48,107.51,107.46,107.46,2752.0
2017-10-02 10:48:00,107.47,107.5,107.45,107.48,3220.0
2017-10-02 10:49:00,107.45,107.45,107.45,107.45,100.0
2017-10-02 10:50:00,107.45,107.46,107.44,107.46,1200.0
2017-10-02 10:51:00,107.43,107.45,107.42,107.44,2456.0
2017-10-02 10:52:00,107.19,107.41,107.13,107.41,4100.0
2017-10-02 10:53:00,107.22,107.24,107.19,107.21,2500.0
2017-10-02 10:54:00,107.21,107.21,107.21,107.21,100.0
2017-10-02 10:55:00,107.21,107.21,107.14,107.17,3249.0
2017-10-02 10:56:00,107.27,107.27,107.21,107.22,1200.0
2017-10-02 10:57:00,107.26,107.27,107.245,107.27,500.0
2017-10-02 10:58:00,107.26,107.28,107.24,107.24,1300.0
2017-10-02 10:59:00,107.24,107.305,107.23,107.305,1821.0
2017-10-02 11:00:00,107.26,107.26,107.24,107.24,1000.0
2017-10-02 11:01:00,107.31,107.31,107.28,107.31,700.0
2017-10-02 11:02:00,107.34,107.34,107.33,107.33,200.0
2017-10-02 11:03:00,107.33,107.33,107.31,107.3232,985.0
2017-10-02 11:04:00,107.4,107.4,107.33,107.33,3500.0
2017-10-02 11:05:00,107.3791,107.39,107.3791,107.39,200.0
2017-10-02 11:06:00,107.46,107.46,107.42,107.42,500.0
2017-10-02 11:07:00,107.41,107.46,107.41,107.435,7400.0
2017-10-02 11:08:00,107.51,107.52,107.42,107.42,7100.0
2017-10-02 11:09:00,107.51,107.52,107.51,107.51,400.0
2017-10-02 11:10:00,107.51,107.53,107.51,107.53,500.0
2017-10-02 11:11:00,107.5268,107.53,107.48,107.5,3453.0
2017-10-02 11:12:00,107.53,107.53,107.515,107.515,200.0
2017-10-02 11:14:00,107.5,107.57,107.47,107.54,13742.0
2017-10-02 11:15:00,107.49,107.51,107.49,107.5,6030.0
2017-10-02 11:16:00,107.5,107.53,107.49,107.49,2400.0
2017-10-02 11:17:00,107.49,107.52,107.48,107.52,10216.0
2017-10-02 11:18:00,107.51,107.52,107.5,107.5,1100.0
2017-10-02 11:19:00,107.44,107.52,107.44,107.51,4532.0
2017-10-02 11:20:00,107.49,107.49,107.455,107.455,1498.0
2017-10-02 11:21:00,107.46,107.49,107.44,107.48899999999999,9686.0
2017-10-02 11:22:00,107.435,107.46,107.43,107.43,300.0
2017-10-02 11:23:00,107.31,107.43,107.31,107.41,4300.0
2017-10-02 11:24:00,107.38,107.39,107.33,107.33,1700.0
2017-10-02 11:25:00,107.4,107.42,107.4,107.41,2400.0
2017-10-02 11:26:00,107.38,107.44,107.38,107.41,3800.0
2017-10-02 11:27:00,107.37,107.39,107.37,107.38,622.0
2017-10-02 11:28:00,107.28,107.37,107.28,107.37,1437.0
2017-10-02 11:29:00,107.29,107.29,107.28,107.28,200.0
2017-10-02 11:30:00,107.32,107.32,107.3,107.31,1900.0
2017-10-02 11:31:00,107.32,107.33,107.28,107.33,2700.0
2017-10-02 11:32:00,107.375,107.375,107.33,107.33,1044.0
2017-10-02 11:33:00,107.36,107.37,107.35,107.35,945.0
2017-10-02 11:34:00,107.4,107.4,107.37,107.38,700.0
2017-10-02 11:35:00,107.42,107.44,107.4041,107.4041,1000.0
2017-10-02 11:36:00,107.46,107.46,107.45,107.45,200.0
2017-10-02 11:37:00,107.44,107.48,107.44,107.48,200.0
2017-10-02 11:38:00,107.48,107.49,107.455,107.49,1700.0
2017-10-02 11:40:00,107.37,107.48,107.35,107.47,6694.0
2017-10-02 11:41:00,107.37,107.38,107.37,107.37,400.0
2017-10-02 11:43:00,107.4,107.42,107.39,107.39,1700.0
2017-10-02 11:44:00,107.42,107.42,107.42,107.42,100.0
2017-10-02 11:45:00,107.41,107.41,107.35,107.39,6882.0
2017-10-02 11:46:00,107.405,107.405,107.405,107.405,200.0
2017-10-02 11:47:00,107.42,107.42,107.4,107.42,1900.0
2017-10-02 11:48:00,107.435,107.45,107.42,107.43,6122.0
2017-10-02 11:49:00,107.45,107.45,107.4,107.435,3529.0
2017-10-02 11:50:00,107.32,107.44,107.32,107.43,5967.0
2017-10-02 11:51:00,107.26,107.39,107.26,107.36,6624.0
2017-10-02 11:52:00,107.21,107.32,107.18,107.32,8073.0
2017-10-02 11:53:00,107.17,107.2,107.17,107.18,760.0
2017-10-02 11:54:00,107.22,107.22,107.17,107.18,1700.0
2017-10-02 11:55:00,107.25,107.25,107.25,107.25,300.0
2017-10-02 11:56:00,107.26,107.26,107.26,107.26,100.0
2017-10-02 11:57:00,107.26,107.28,107.26,107.26,1595.0
2017-10-02 11:58:00,107.24,107.25,107.24,107.25,800.0
2017-10-02 11:59:00,107.24,107.26,107.24,107.26,900.0
2017-10-02 12:00:00,107.14,107.25,107.14,107.25,4200.0
2017-10-02 12:01:00,107.18,107.18,107.14,107.14,1200.0
2017-10-02 12:02:00,107.2,107.21,107.18,107.18,1300.0
2017-10-02 12:03:00,107.17,107.24,107.12,107.22,5751.0
2017-10-02 12:04:00,107.19,107.19,107.16,107.16,1300.0
2017-10-02 12:05:00,107.14,107.2,107.14,107.2,2100.0
2017-10-02 12:06:00,107.13,107.16,107.13,107.15,1800.0
2017-10-02 12:08:00,107.19,107.19,107.15,107.16,500.0
2017-10-02 12:09:00,107.09,107.2,107.06,107.19,4770.0
2017-10-02 12:10:00,107.09,107.12,107.08,107.08,1200.0
2017-10-02 12:11:00,107.11,107.11,107.0914,107.0914,230.0
2017-10-02 12:13:00,107.1,107.1,107.1,107.1,100.0
2017-10-02 12:14:00,107.08,107.13,106.98,107.1,9730.0
2017-10-02 12:15:00,107.07,107.11,107.05,107.08,2060.0
2017-10-02 12:16:00,107.1,107.1,107.1,107.1,100.0
2017-10-02 12:18:00,107.045,107.08,107.04,107.061,3323.0
2017-10-02 12:19:00,107.0137,107.06,107.0,107.06,1375.0
2017-10-02 12:20:00,107.105,107.105,107.01,107.01,4536.0
2017-10-02 12:21:00,106.97,107.13,106.97,107.11,2351.0
2017-10-02 12:22:00,106.59,107.02,106.48,106.99,33981.0
2017-10-02 12:23:00,106.72,106.78,106.66,106.66,4030.0
2017-10-02 12:24:00,106.66,106.73,106.66,106.68,2572.0
2017-10-02 12:25:00,106.5,106.65,106.49,106.65,3150.0
2017-10-02 12:26:00,106.36,106.52,106.3,106.5,6727.0
2017-10-02 12:27:00,106.47,106.47,106.39,106.41,2600.0
2017-10-02 12:29:00,106.5,106.5,106.475,106.5,300.0
2017-10-02 12:30:00,106.375,106.45,106.33,106.45,3600.0
2017-10-02 12:31:00,106.46,106.46,106.35,106.35,881.0
2017-10-02 12:32:00,106.49,106.49,106.41,106.46,3300.0
2017-10-02 12:33:00,106.36,106.49,106.3,106.49,5368.0
2017-10-02 12:34:00,106.42,106.42,106.35,106.35,1950.0
2017-10-02 12:35:00,106.47,106.47,106.42,106.42,754.0
2017-10-02 12:36:00,106.54,106.54,106.45,106.45,1000.0
2017-10-02 12:37:00,106.57,106.57,106.54,106.54,900.0
2017-10-02 12:38:00,106.5,106.55,106.4,106.55,6544.0
2017-10-02 12:39:00,106.52,106.52,106.52,106.52,400.0
2017-10-02 12:40:00,106.51,106.52,106.51,106.52,200.0
2017-10-02 12:41:00,106.54,106.54,106.51,106.52,1800.0
2017-10-02 12:43:00,106.56,106.56,106.51,106.51,3400.0
2017-10-02 12:44:00,106.57,106.57,106.57,106.57,500.0
2017-10-02 12:45:00,106.44,106.59,106.4,106.59,4607.0
2017-10-02 12:46:00,106.5,106.5,106.45,106.45,800.0
2017-10-02 12:48:00,106.49,106.52,106.48,106.52,2361.0
2017-10-02 12:49:00,106.49,106.5011,106.46,106.5011,2782.0
2017-10-02 12:50:00,106.62,106.62,106.49,106.49,2920.0
2017-10-02 12:51:00,106.58,106.62,106.54799999999999,106.62,1935.0
2017-10-02 12:52:00,106.7,106.7,106.595,106.61,3545.0
2017-10-02 12:53:00,106.77,106.77,106.66,106.66,2300.0
2017-10-02 12:54:00,106.77,106.77,106.74,106.76,21768.0
2017-10-02 12:55:00,106.8,106.8,106.78,106.78,500.0
2017-10-02 12:56:00,106.8,106.8,106.78,106.78,300.0
2017-10-02 12:57:00,106.85,106.85,106.73,106.78,9022.0
2017-10-02 12:58:00,106.85,106.85,106.83,106.83,3312.0
2017-10-02 13:00:00,106.88,106.88,106.88,106.88,200.0
2017-10-02 13:01:00,106.74,106.88,106.74,106.88,4100.0
2017-10-02 13:02:00,106.78,106.78,106.76,106.76,1409.0
2017-10-02 13:04:00,106.76,106.76,106.76,106.76,500.0
2017-10-02 13:05:00,106.76,106.76,106.76,106.76,100.0
2017-10-02 13:06:00,106.75,106.79,106.72,106.78,4975.0
2017-10-02 13:07:00,106.78,106.78,106.74,106.77,2735.0
2017-10-02 13:08:00,106.87,106.89,106.8,106.8,1500.0
2017-10-02 13:09:00,106.76,106.88,106.76,106.88,2207.0
2017-10-02 13:10:00,106.83,106.83,106.76,106.76,1000.0
2017-10-02 13:11:00,106.88,106.88,106.88,106.88,100.0
2017-10-02 13:12:00,106.86,106.87,106.85,106.85,700.0
2017-10-02 13:13:00,106.9,106.9,106.85,106.85,800.0
2017-10-02 13:14:00,106.85,106.99,106.85,106.875,3872.0
2017-10-02 13:16:00,106.84,106.84,106.84,106.84,200.0
2017-10-02 13:17:00,106.89,106.89,106.89,106.89,607.0
2017-10-02 13:18:00,106.89,106.89,106.86,106.86,500.0
2017-10-02 13:19:00,106.86,106.88,106.86,106.88,1685.0
2017-10-02 13:20:00,106.8672,106.8672,106.82,106.84,1567.0
2017-10-02 13:21:00,106.9,106.9,106.9,106.9,100.0
2017-10-02 13:22:00,106.97,106.97,106.86,106.86,5300.0
2017-10-02 13:23:00,106.86,106.92,106.86,106.9,2300.0
2017-10-02 13:24:00,106.83,106.8641,106.83,106.86,1168.0
2017-10-02 13:25:00,106.84,106.88,106.84,106.85,1300.0
2017-10-02 13:26:00,106.85,106.85,106.85,106.85,100.0
2017-10-02 13:27:00,106.8576,106.8576,106.8576,106.8576,100.0
2017-10-02 13:28:00,106.825,106.88,106.75,106.86,5133.0
2017-10-02 13:29:00,106.84,106.84,106.84,106.84,100.0
2017-10-02 13:30:00,106.85,106.87,106.83,106.84,2445.0
2017-10-02 13:31:00,106.89,106.89,106.85,106.85,1200.0
2017-10-02 13:32:00,106.76,106.86,106.72,106.86,2924.0
2017-10-02 13:33:00,106.8,106.86,106.8,106.82,2205.0
2017-10-02 13:36:00,106.84,106.86,106.84,106.86,200.0
2017-10-02 13:37:00,106.855,106.86,106.8,106.82,3450.0
2017-10-02 13:39:00,106.86,106.86,106.81,106.83,1300.0
2017-10-02 13:41:00,106.865,106.89,106.8395,106.8395,1030.0
2017-10-02 13:42:00,106.8,106.92,106.77,106.92,2267.0
2017-10-02 13:44:00,106.85,106.85,106.81,106.81,200.0
2017-10-02 13:45:00,106.74,106.81,106.73,106.81,1000.0
2017-10-02 13:46:00,106.75,106.75,106.75,106.75,1090.0
2017-10-02 13:48:00,106.67,106.7399,106.66,106.7101,2074.0
2017-10-02 13:49:00,106.7,106.7,106.67,106.67,754.0
2017-10-02 13:50:00,106.68,106.7,106.68,106.69,800.0
2017-10-02 13:51:00,106.71,106.71,106.71,106.71,1100.0
2017-10-02 13:52:00,106.68,106.7,106.68,106.7,886.0
2017-10-02 13:53:00,106.69,106.71,106.68,106.68,1049.0
2017-10-02 13:54:00,106.67,106.67,106.67,106.67,100.0
2017-10-02 13:55:00,106.69,106.7,106.66,106.67,2548.0
2017-10-02 13:56:00,106.5924,106.66,106.5924,106.65,2957.0
2017-10-02 13:57:00,106.6,106.63,106.6,106.6,1000.0
2017-10-02 13:58:00,106.65,106.65,106.65,106.65,200.0
2017-10-02 13:59:00,106.6,106.65,106.6,106.625,700.0
2017-10-02 14:00:00,106.6,106.6151,106.6,106.6,900.0
2017-10-02 14:01:00,106.6,106.615,106.59,106.61,1800.0
2017-10-02 14:02:00,106.6,106.6,106.58,106.58,930.0
2017-10-02 14:03:00,106.59,106.61,106.57,106.61,1895.0
2017-10-02 14:04:00,106.6,106.615,106.57,106.59,21312.0
2017-10-02 14:05:00,106.65,106.72,106.6015,106.605,3405.0
2017-10-02 14:06:00,106.65,106.69,106.65,106.69,900.0
2017-10-02 14:07:00,106.63,106.65,106.62,106.65,13531.0
2017-10-02 14:08:00,106.625,106.63,106.62,106.63,800.0
2017-10-02 14:09:00,106.61,106.69,106.61,106.61,19177.0
2017-10-02 14:10:00,106.6,106.62,106.6,106.615,4700.0
2017-10-02 14:11:00,106.57,106.6,106.57,106.6,1533.0
2017-10-02 14:12:00,106.5732,106.575,106.56,106.575,1000.0
2017-10-02 14:13:00,106.6,106.62,106.57,106.57,2579.0
2017-10-02 14:14:00,106.59,106.61,106.59,106.61,1237.0
2017-10-02 14:15:00,106.58,106.6,106.58,106.58,1744.0
2017-10-02 14:16:00,106.56,106.58,106.56,106.58,982.0
2017-10-02 14:17:00,106.55,106.56,106.55,106.56,300.0
2017-10-02 14:18:00,106.59,106.595,106.56,106.56,1600.0
2017-10-02 14:19:00,106.495,106.57,106.495,106.57,5011.0
2017-10-02 14:20:00,106.54,106.54,106.48,106.4801,18774.0
2017-10-02 14:21:00,106.585,106.6,106.56,106.56,900.0
2017-10-02 14:22:00,106.585,106.585,106.585,106.585,400.0
2017-10-02 14:23:00,106.57,106.58,106.56,106.56,2100.0
2017-10-02 14:24:00,106.57,106.57,106.57,106.57,100.0
2017-10-02 14:25:00,106.67,106.67,106.58,106.58,5798.0
2017-10-02 14:26:00,106.7,106.7,106.66,106.66,7000.0
2017-10-02 14:27:00,106.75,106.76,106.69,106.69,2050.0
2017-10-02 14:28:00,106.74,106.79,106.73,106.79,2407.0
2017-10-02 14:29:00,106.755,106.77,106.73,106.74,3100.0
2017-10-02 14:30:00,106.58,106.73,106.58,106.73,2823.0
2017-10-02 14:31:00,106.62,106.62,106.61,106.61,1198.0
2017-10-02 14:32:00,106.63,106.67,106.6,106.6,4269.0
2017-10-02 14:33:00,106.64,106.64,106.62,106.62,585.0
2017-10-02 14:34:00,106.69,106.69,106.65,106.65,3500.0
2017-10-02 14:35:00,106.68,106.6801,106.68,106.68,1700.0
2017-10-02 14:36:00,106.76,106.76,106.71,106.72,1200.0
2017-10-02 14:37:00,106.77,106.77,106.72,106.745,6400.0
2017-10-02 14:38:00,106.79,106.79,106.79,106.79,100.0
2017-10-02 14:39:00,106.77,106.81,106.76,106.81,1750.0
2017-10-02 14:40:00,106.79,106.79,106.77,106.77,600.0
2017-10-02 14:41:00,106.79,106.81,106.79,106.795,2100.0
2017-10-02 14:42:00,106.81,106.82,106.81,106.81,1395.0
2017-10-02 14:43:00,106.71,106.8,106.68,106.8,6063.0
2017-10-02 14:44:00,106.83,106.83,106.73,106.73,7464.0
2017-10-02 14:45:00,106.84,106.86,106.83,106.86,1700.0
2017-10-02 14:46:00,106.86,106.86,106.855,106.855,200.0
2017-10-02 14:47:00,106.83,106.83,106.83,106.83,100.0
2017-10-02 14:48:00,106.86,106.88,106.82,106.83,3100.0
2017-10-02 14:49:00,106.87,106.87,106.87,106.87,100.0
2017-10-02 14:50:00,106.86,106.89,106.86,106.89,200.0
2017-10-02 14:51:00,106.79,106.89,106.79,106.88,4200.0
2017-10-02 14:53:00,106.79,106.8,106.76,106.77,2000.0
2017-10-02 14:54:00,106.825,106.825,106.8,106.81,1200.0
2017-10-02 14:55:00,106.75,106.8298,106.75,106.8298,2200.0
2017-10-02 14:56:00,106.78,106.79,106.76,106.76,1500.0
2017-10-02 14:58:00,106.77,106.78,106.77,106.77,700.0
2017-10-02 14:59:00,106.765,106.77,106.74,106.76,8120.0
2017-10-02 15:00:00,106.77,106.79,106.765,106.765,3038.0
2017-10-02 15:01:00,106.78,106.79,106.78,106.79,200.0
2017-10-02 15:03:00,106.765,106.82,106.75,106.8,6764.0
2017-10-02 15:04:00,106.78,106.79,106.78,106.78,1700.0
2017-10-02 15:06:00,106.8,106.82,106.8,106.8,400.0
2017-10-02 15:07:00,106.84,106.84,106.78,106.78,2300.0
2017-10-02 15:08:00,106.78,106.8238,106.78,106.8238,1900.0
2017-10-02 15:09:00,106.8,106.8,106.785,106.79,700.0
2017-10-02 15:10:00,106.8,106.8,106.8,106.8,100.0
2017-10-02 15:11:00,106.8,106.82,106.78,106.82,1350.0
2017-10-02 15:12:00,106.85,106.85,106.79,106.8,4200.0
2017-10-02 15:13:00,106.82,106.865,106.82,106.85,1900.0
2017-10-02 15:14:00,106.9,106.9,106.83,106.83,2600.0
2017-10-02 15:15:00,106.775,106.92,106.75,106.91,10440.0
2017-10-02 15:16:00,106.75,106.79,106.75,106.775,3844.0
2017-10-02 15:17:00,106.73,106.76,106.73,106.76,4730.0
2017-10-02 15:18:00,106.695,106.73,106.67,106.73,8766.0
2017-10-02 15:19:00,106.68,106.71,106.68,106.695,3100.0
2017-10-02 15:20:00,106.75,106.76,106.68,106.68,4607.0
2017-10-02 15:22:00,106.85,106.855,106.785,106.785,1500.0
2017-10-02 15:23:00,106.75,106.87,106.71,106.87,10719.0
2017-10-02 15:24:00,106.76,106.78,106.76,106.765,11010.0
2017-10-02 15:25:00,106.77,106.78,106.75,106.77,4131.0
2017-10-02 15:26:00,106.835,106.835,106.8,106.8,700.0
2017-10-02 15:27:00,106.81,106.85,106.81,106.835,3015.0
2017-10-02 15:28:00,106.8,106.81,106.8,106.81,600.0
2017-10-02 15:29:00,106.75,106.79,106.735,106.79,5533.0
2017-10-02 15:30:00,106.75,106.76,106.74,106.75,12338.0
2017-10-02 15:31:00,106.77,106.8,106.76,106.76,14110.0
2017-10-02 15:32:00,106.79,106.79,106.77,106.77,3700.0
2017-10-02 15:33:00,106.69,106.81,106.68,106.79,5973.0
2017-10-02 15:34:00,106.71,106.72,106.69,106.7,4100.0
2017-10-02 15:35:00,106.73,106.73,106.7,106.7,6748.0
2017-10-02 15:36:00,106.71,106.71,106.65,106.7,7387.0
2017-10-02 15:37:00,106.69,106.71,106.69,106.71,3225.0
2017-10-02 15:38:00,106.75,106.76,106.71,106.71,1800.0
2017-10-02 15:39:00,106.7,106.74,106.69,106.74,9830.0
2017-10-02 15:40:00,106.725,106.77,106.71,106.71,7279.0
2017-10-02 15:41:00,106.735,106.74,106.73,106.73,1700.0
2017-10-02 15:42:00,106.73,106.74,106.73,106.735,6318.0
2017-10-02 15:43:00,106.74,106.74,106.73,106.735,12160.0
2017-10-02 15:44:00,106.84,106.84,106.74,106.74,14561.0
2017-10-02 15:45:00,106.89,106.89,106.84,106.84,3964.0
2017-10-02 15:46:00,106.77,106.885,106.77,106.885,10292.0
2017-10-02 15:47:00,106.8168,106.8168,106.76,106.77,3750.0
2017-10-02 15:48:00,106.78,106.79,106.78,106.79,1400.0
2017-10-02 15:49:00,106.81,106.81,106.79,106.79,2800.0
2017-10-02 15:50:00,106.83,106.83,106.78,106.81,7748.0
2017-10-02 15:51:00,106.84,106.84,106.8,106.83,4211.0
2017-10-02 15:52:00,106.81,106.84,106.81,106.83,5330.0
2017-10-02 15:53:00,106.81,106.82,106.81,106.81,1100.0
2017-10-02 15:54:00,106.82,106.82,106.81,106.81,3000.0
2017-10-02 15:55:00,106.83,106.84,106.81,106.81,6307.0
2017-10-02 15:56:00,106.92,106.93,106.81,106.86,17103.0
2017-10-02 15:57:00,106.96,106.96,106.92,106.93,5434.0
2017-10-02 15:58:00,106.955,106.97,106.93,106.94,8010.0
2017-10-02 15:59:00,106.975,107.01,106.95,106.97,7502.0
2017-10-02 16:00:00,107.05,107.07,106.97,107.0,16978.0
2017-10-03 09:30:00,106.9,106.9,106.9,106.9,5088.0
2017-10-03 09:32:00,106.9672,107.0,106.94,107.0,1161.0
2017-10-03 09:34:00,107.3025,107.31,107.05,107.05,5000.0
2017-10-03 09:35:00,107.31,107.35,107.295,107.35,626.0
2017-10-03 09:36:00,107.24,107.3177,107.21,107.3177,7798.0
2017-10-03 09:37:00,107.3,107.3,107.21,107.21,5300.0
2017-10-03 09:38:00,107.2999,107.2999,107.2999,107.2999,100.0
2017-10-03 09:40:00,107.26,107.31,107.26,107.28,1065.0
2017-10-03 09:41:00,107.21,107.2404,107.21,107.23,8400.0
2017-10-03 09:42:00,107.23,107.3,107.21,107.21,825.0
2017-10-03 09:43:00,107.32,107.32,107.32,107.32,100.0
2017-10-03 09:44:00,107.21,107.32,107.21,107.32,700.0
2017-10-03 09:45:00,107.2101,107.24,107.21,107.21,1000.0
2017-10-03 09:46:00,107.3,107.3,107.27,107.27,500.0
2017-10-03 09:47:00,107.28,107.28,107.28,107.28,200.0
2017-10-03 09:48:00,107.26,107.28,107.24,107.28,700.0
2017-10-03 09:49:00,107.21,107.24,107.21,107.22,500.0
2017-10-03 09:50:00,107.21,107.21,107.21,107.21,200.0
2017-10-03 09:51:00,107.21,107.23,107.21,107.21,1200.0
2017-10-03 09:52:00,107.21,107.23,107.21,107.23,700.0
2017-10-03 09:53:00,107.27,107.27,107.21,107.21,3375.0
2017-10-03 09:54:00,107.24,107.24,107.21,107.23,1000.0
2017-10-03 09:55:00,107.34,107.34,107.21,107.26,2702.0
2017-10-03 09:56:00,107.34,107.36,107.31,107.36,1625.0
2017-10-03 09:57:00,107.29,107.29,107.29,107.29,200.0
2017-10-03 09:58:00,107.24,107.25,107.24,107.25,500.0
2017-10-03 09:59:00,107.21,107.245,107.21,107.245,333.0
2017-10-03 10:00:00,107.18,107.2086,107.15,107.2,1235.0
2017-10-03 10:01:00,107.16,107.21,107.14,107.14,500.0
2017-10-03 10:02:00,107.15,107.16,107.12,107.16,1100.0
2017-10-03 10:03:00,107.12100000000001,107.12100000000001,107.12100000000001,107.12100000000001,100.0
2017-10-03 10:04:00,107.12,107.18,107.12,107.15,3272.0
2017-10-03 10:05:00,107.09,107.11,107.09,107.11,400.0
2017-10-03 10:07:00,107.06,107.07,107.06,107.07,885.0
2017-10-03 10:08:00,107.08,107.08,107.08,107.08,1500.0
2017-10-03 10:09:00,106.8,107.06,106.8,107.05,9972.0
2017-10-03 10:10:00,106.87,106.87,106.75,106.75,1450.0
2017-10-03 10:13:00,106.84,106.86,106.83,106.86,600.0
2017-10-03 10:14:00,106.83,106.83,106.83,106.83,100.0
2017-10-03 10:15:00,106.83,106.855,106.83,106.84,1600.0
2017-10-03 10:16:00,106.83,106.83,106.81,106.83,800.0
2017-10-03 10:17:00,106.837,106.837,106.82,106.83,1300.0
2017-10-03 10:18:00,106.98,107.0,106.83,106.83,3650.0
2017-10-03 10:19:00,107.0,107.0,106.98,106.99,600.0
2017-10-03 10:20:00,106.9871,106.9871,106.9871,106.9871,3000.0
2017-10-03 10:22:00,107.05,107.05,106.98,106.98,1675.0
2017-10-03 10:23:00,107.05,107.05,107.05,107.05,100.0
2017-10-03 10:24:00,106.98,107.04,106.98,107.04,300.0
2017-10-03 10:25:00,107.005,107.01,106.98,106.98,1211.0
2017-10-03 10:26:00,107.02,107.03,106.98,106.98,400.0
2017-10-03 10:27:00,107.01,107.01,107.01,107.01,100.0
2017-10-03 10:28:00,107.01,107.05,107.01,107.01,650.0
2017-10-03 10:29:00,107.12,107.12,107.05,107.05,1600.0
2017-10-03 10:30:00,107.14,107.17,107.12,107.12,1600.0
2017-10-03 10:31:00,107.18,107.18,107.14,107.14,900.0
2017-10-03 10:32:00,107.195,107.24,107.18,107.19,4951.0
2017-10-03 10:33:00,107.19,107.205,107.185,107.185,1400.0
2017-10-03 10:34:00,107.12,107.21,107.12,107.1884,2100.0
2017-10-03 10:35:00,107.06,107.06,107.06,107.06,400.0
2017-10-03 10:37:00,107.135,107.135,107.06,107.06,2100.0
2017-10-03 10:38:00,107.13,107.13,107.13,107.13,400.0
2017-10-03 10:40:00,107.115,107.115,107.115,107.115,100.0
2017-10-03 10:41:00,107.08,107.11,107.08,107.1,800.0
2017-10-03 10:42:00,107.04,107.09,107.04,107.09,1500.0
2017-10-03 10:43:00,107.04,107.07,107.0,107.03,2161.0
2017-10-03 10:44:00,106.99,107.06,106.99,107.06,2100.0
2017-10-03 10:45:00,107.04,107.0692,107.0,107.0,4048.0
2017-10-03 10:46:00,107.085,107.085,107.06,107.08,500.0
2017-10-03 10:50:00,107.07,107.085,107.06,107.085,1200.0
2017-10-03 10:51:00,107.11,107.13,107.07,107.07,3400.0
2017-10-03 10:52:00,107.15,107.15,107.15,107.15,100.0
2017-10-03 10:53:00,107.16,107.17,107.12,107.17,1200.0
2017-10-03 10:55:00,107.2,107.2,107.155,107.16,700.0
2017-10-03 10:56:00,107.11,107.17,107.11,107.16,1948.0
2017-10-03 10:57:00,107.06,107.09,107.06,107.09,500.0
2017-10-03 10:58:00,107.13,107.13,107.08,107.08,1300.0
2017-10-03 11:00:00,107.13,107.15,107.13,107.15,400.0
2017-10-03 11:01:00,107.14,107.14,107.14,107.14,300.0
2017-10-03 11:02:00,107.16,107.17,107.145,107.16,2926.0
2017-10-03 11:03:00,107.19,107.19,107.17,107.17,1900.0
2017-10-03 11:04:00,107.21,107.22,107.19,107.19,900.0
2017-10-03 11:05:00,107.19,107.1932,107.19,107.1932,1034.0
2017-10-03 11:06:00,107.17,107.22,107.15,107.22,2700.0
2017-10-03 11:08:00,107.12,107.16,107.11,107.16,1510.0
2017-10-03 11:09:00,107.06,107.1,107.06,107.1,600.0
2017-10-03 11:10:00,107.115,107.115,107.07,107.07,1840.0
2017-10-03 11:11:00,107.08,107.1,107.08,107.1,410.0
2017-10-03 11:12:00,107.085,107.085,107.085,107.085,100.0
2017-10-03 11:13:00,107.1,107.1,107.08,107.08,585.0
2017-10-03 11:14:00,107.13,107.13,107.13,107.13,200.0
2017-10-03 11:15:00,107.1399,107.1399,107.1,107.1,220.0
2017-10-03 11:16:00,107.14,107.14,107.11,107.11,800.0
2017-10-03 11:17:00,107.15,107.15,107.14,107.14,300.0
2017-10-03 11:18:00,107.15,107.16,107.15,107.16,300.0
2017-10-03 11:19:00,107.2,107.2,107.18,107.19,1656.0
2017-10-03 11:20:00,107.15,107.18,107.15,107.18,3035.0
2017-10-03 11:21:00,107.05,107.13,107.05,107.13,2900.0
2017-10-03 11:22:00,107.07,107.07,107.05,107.05,300.0
2017-10-03 11:23:00,107.0006,107.03,107.0,107.03,1040.0
2017-10-03 11:24:00,106.99,107.0,106.98,106.98,300.0
2017-10-03 11:25:00,106.9748,106.9748,106.95,106.95,1100.0
2017-10-03 11:26:00,107.0,107.0,106.94,106.94,1900.0
2017-10-03 11:28:00,107.01,107.01,106.99,106.99,3200.0
2017-10-03 11:29:00,107.0,107.03,107.0,107.02,900.0
2017-10-03 11:30:00,107.0,107.0,107.0,107.0,600.0
2017-10-03 11:31:00,106.99,107.005,106.99,107.005,200.0
2017-10-03 11:32:00,107.02,107.02,106.99,106.99,300.0
2017-10-03 11:33:00,106.98,106.99,106.98,106.99,200.0
2017-10-03 11:34:00,106.98,107.03,106.98,107.03,200.0
2017-10-03 11:35:00,106.98,106.98,106.98,106.98,100.0
2017-10-03 11:36:00,107.09,107.09,106.99,106.99,2800.0
2017-10-03 11:37:00,107.0985,107.109,107.06,107.09,2605.0
2017-10-03 11:38:00,107.09,107.09,107.05,107.09,1290.0
2017-10-03 11:40:00,107.09,107.1,107.09,107.1,400.0
2017-10-03 11:41:00,107.12,107.12,107.12,107.12,100.0
2017-10-03 11:42:00,107.1,107.12,107.1,107.12,1727.0
2017-10-03 11:43:00,107.11,107.11,107.11,107.11,200.0
2017-10-03 11:44:00,107.07,107.11,107.07,107.11,772.0
2017-10-03 11:45:00,107.085,107.085,107.085,107.085,100.0
2017-10-03 11:46:00,107.085,107.085,107.085,107.085,200.0
2017-10-03 11:47:00,107.08,107.08,107.08,107.08,100.0
2017-10-03 11:48:00,107.01,107.08,107.01,107.08,2722.0
2017-10-03 11:49:00,106.97,106.97,106.97,106.97,100.0
2017-10-03 11:50:00,106.95,106.95,106.93,106.95,2540.0
2017-10-03 11:51:00,106.935,106.935,106.935,106.935,100.0
2017-10-03 11:52:00,106.88,106.9,106.88,106.9,700.0
2017-10-03 11:53:00,106.9,106.95,106.87,106.87,3500.0
2017-10-03 11:55:00,106.94,106.94,106.93,106.93,900.0
2017-10-03 11:56:00,106.945,106.945,106.945,106.945,100.0
2017-10-03 11:57:00,106.95,106.96,106.94,106.96,1400.0
2017-10-03 11:59:00,106.955,106.955,106.955,106.955,100.0
2017-10-03 12:00:00,106.955,106.98,106.955,106.98,400.0
2017-10-03 12:01:00,106.89,106.94,106.89,106.94,3225.0
2017-10-03 12:02:00,106.9,106.9,106.895,106.8958,400.0
2017-10-03 12:03:00,106.91,106.93,106.9,106.9,2600.0
2017-10-03 12:04:00,106.95,106.97,106.915,106.92,5994.0
2017-10-03 12:05:00,106.9,106.94,106.9,106.94,2225.0
2017-10-03 12:07:00,106.87,106.88,106.86,106.86,1300.0
2017-10-03 12:08:00,106.86,106.86,106.85,106.85,200.0
2017-10-03 12:09:00,106.865,106.865,106.865,106.865,100.0
2017-10-03 12:10:00,106.865,106.865,106.865,106.865,100.0
2017-10-03 12:11:00,106.87,106.87,106.87,106.87,200.0
2017-10-03 12:12:00,106.865,106.87,106.85,106.87,600.0
2017-10-03 12:13:00,106.86,106.87100000000001,106.85,106.85,565.0
2017-10-03 12:14:00,106.91,106.91,106.865,106.865,600.0
2017-10-03 12:15:00,106.865,106.9,106.865,106.9,1906.0
2017-10-03 12:16:00,106.875,106.875,106.875,106.875,100.0
2017-10-03 12:17:00,106.875,106.875,106.875,106.875,100.0
2017-10-03 12:18:00,106.89,106.9,106.87,106.875,1324.0
2017-10-03 12:20:00,106.89,106.89,106.89,106.89,463.0
2017-10-03 12:21:00,106.81,106.88,106.81,106.88,4791.0
2017-10-03 12:22:00,106.684,106.78,106.684,106.78,19001.0
2017-10-03 12:23:00,106.695,106.695,106.65,106.695,400.0
2017-10-03 12:24:00,106.74,106.74,106.705,106.705,900.0
2017-10-03 12:25:00,106.715,106.75,106.71,106.73,3437.0
2017-10-03 12:26:00,106.72,106.72,106.72,106.72,100.0
2017-10-03 12:27:00,106.72,106.72,106.72,106.72,200.0
2017-10-03 12:28:00,106.7,106.75,106.68,106.73,4290.0
2017-10-03 12:29:00,106.73,106.74,106.7,106.7,1675.0
2017-10-03 12:30:00,106.745,106.745,106.7432,106.7432,813.0
2017-10-03 12:31:00,106.77,106.79,106.735,106.76,2100.0
2017-10-03 12:33:00,106.81,106.81,106.8,106.8046,3800.0
2017-10-03 12:34:00,106.78,106.7904,106.78,106.79,1300.0
2017-10-03 12:35:00,106.79,106.79,106.79,106.79,300.0
2017-10-03 12:37:00,106.79,106.79,106.79,106.79,100.0
2017-10-03 12:38:00,106.79,106.79,106.79,106.79,200.0
2017-10-03 12:39:00,106.8,106.83,106.79,106.81,4053.0
2017-10-03 12:40:00,106.81,106.81,106.81,106.81,100.0
2017-10-03 12:41:00,106.78,106.815,106.78,106.815,1604.0
2017-10-03 12:42:00,106.715,106.78,106.71,106.78,6013.0
2017-10-03 12:43:00,106.74,106.74,106.715,106.715,2800.0
2017-10-03 12:44:00,106.76,106.76,106.76,106.76,100.0
2017-10-03 12:45:00,106.745,106.77,106.745,106.7464,3300.0
2017-10-03 12:46:00,106.76,106.76,106.72,106.745,5711.0
2017-10-03 12:47:00,106.72,106.755,106.72,106.755,8250.0
2017-10-03 12:48:00,106.72,106.73,106.7,106.72,2500.0
2017-10-03 12:49:00,106.735,106.74,106.72,106.73,2937.0
2017-10-03 12:50:00,106.74,106.74,106.73,106.73,300.0
2017-10-03 12:51:00,106.74,106.75,106.72,106.72,2667.0
2017-10-03 12:52:00,106.74,106.74,106.74,106.74,200.0
2017-10-03 12:53:00,106.77,106.77,106.75,106.75,2100.0
2017-10-03 12:54:00,106.77,106.77,106.76,106.76,300.0
2017-10-03 12:55:00,106.77,106.77,106.77,106.77,200.0
2017-10-03 12:56:00,106.75,106.77,106.74,106.77,3303.0
2017-10-03 12:57:00,106.8,106.8,106.76,106.76,5800.0
2017-10-03 13:00:00,106.86,106.86,106.84,106.84,600.0
2017-10-03 13:01:00,106.85,106.88,106.85,106.87,1804.0
2017-10-03 13:03:00,106.85,106.85,106.85,106.85,100.0
2017-10-03 13:04:00,106.85,106.85,106.83,106.83,400.0
2017-10-03 13:05:00,106.81,106.85,106.8,106.85,2119.0
2017-10-03 13:08:00,106.81,106.84,106.81,106.84,739.0
2017-10-03 13:09:00,106.8,106.8,106.78,106.8,2500.0
2017-10-03 13:10:00,106.82,106.82,106.82,106.82,742.0
2017-10-03 13:12:00,106.815,106.815,106.815,106.815,100.0
2017-10-03 13:13:00,106.815,106.815,106.81,106.81,400.0
2017-10-03 13:14:00,106.83,106.83,106.815,106.815,500.0
2017-10-03 13:15:00,106.83,106.83,106.815,106.815,300.0
2017-10-03 13:16:00,106.82,106.835,106.82,106.835,2325.0
2017-10-03 13:17:00,106.78,106.8,106.78,106.8,600.0
2017-10-03 13:18:00,106.77,106.77,106.75,106.77,400.0
2017-10-03 13:19:00,106.77,106.77,106.77,106.77,100.0
2017-10-03 13:20:00,106.775,106.775,106.75,106.75,400.0
2017-10-03 13:21:00,106.7836,106.7836,106.76,106.775,400.0
2017-10-03 13:22:00,106.775,106.775,106.775,106.775,100.0
2017-10-03 13:23:00,106.775,106.775,106.775,106.775,100.0
2017-10-03 13:24:00,106.775,106.775,106.76,106.775,400.0
2017-10-03 13:25:00,106.775,106.775,106.775,106.775,100.0
2017-10-03 13:26:00,106.72,106.775,106.72,106.775,4276.0
2017-10-03 13:27:00,106.75,106.76,106.735,106.735,8814.0
2017-10-03 13:28:00,106.7682,106.77,106.74,106.74,1575.0
2017-10-03 13:29:00,106.775,106.775,106.77,106.77,1126.0
2017-10-03 13:30:00,106.75,106.78,106.75,106.78,1912.0
2017-10-03 13:31:00,106.745,106.745,106.745,106.745,100.0
2017-10-03 13:32:00,106.78,106.78,106.745,106.745,800.0
2017-10-03 13:35:00,106.75,106.76,106.75,106.76,1255.0
2017-10-03 13:36:00,106.73,106.74,106.73,106.73,400.0
2017-10-03 13:37:00,106.77,106.77,106.74,106.74,900.0
2017-10-03 13:39:00,106.76,106.79,106.76,106.77,900.0
2017-10-03 13:40:00,106.74,106.775,106.74,106.76,1942.0
2017-10-03 13:41:00,106.73,106.73,106.73,106.73,300.0
2017-10-03 13:42:00,106.745,106.77,106.745,106.76,1286.0
2017-10-03 13:45:00,106.75,106.75,106.75,106.75,200.0
2017-10-03 13:46:00,106.77,106.78,106.75,106.765,4100.0
2017-10-03 13:47:00,106.77,106.78,106.77,106.77,2502.0
2017-10-03 13:48:00,106.73,106.77,106.7,106.77,12668.0
2017-10-03 13:49:00,106.815,106.815,106.73,106.73,2600.0
2017-10-03 13:50:00,106.76,106.83,106.76,106.83,5090.0
2017-10-03 13:51:00,106.785,106.785,106.74,106.77,5788.0
2017-10-03 13:52:00,106.84,106.86,106.785,106.785,4000.0
2017-10-03 13:53:00,106.865,106.87,106.84,106.84,4300.0
2017-10-03 13:54:00,106.865,106.865,106.865,106.865,700.0
2017-10-03 13:55:00,106.87,106.87,106.84,106.865,1000.0
2017-10-03 13:56:00,106.9,106.9,106.87,106.89,1199.0
2017-10-03 13:57:00,106.875,106.875,106.875,106.875,100.0
2017-10-03 13:58:00,106.87,106.87,106.85,106.87,400.0
2017-10-03 13:59:00,106.89,106.89,106.87,106.87,328.0
2017-10-03 14:00:00,106.88,106.91,106.88,106.88,3488.0
2017-10-03 14:01:00,106.91,106.92,106.91,106.91,655.0
2017-10-03 14:02:00,106.91,106.91,106.91,106.91,100.0
2017-10-03 14:03:00,106.915,106.915,106.915,106.915,100.0
2017-10-03 14:04:00,106.91,106.92,106.88,106.915,2400.0
2017-10-03 14:05:00,106.9,106.915,106.9,106.91,4015.0
2017-10-03 14:06:00,106.9,106.91,106.9,106.91,200.0
2017-10-03 14:07:00,106.93,106.935,106.91,106.91,1840.0
2017-10-03 14:09:00,106.865,106.92,106.86,106.92,4939.0
2017-10-03 14:10:00,106.855,106.8626,106.855,106.8626,300.0
2017-10-03 14:11:00,106.94,106.94,106.86,106.87,800.0
2017-10-03 14:12:00,106.92,106.94,106.89,106.94,5558.0
2017-10-03 14:14:00,106.92,106.94,106.92,106.93,311.0
2017-10-03 14:15:00,106.92,106.93,106.916,106.916,900.0
2017-10-03 14:16:00,106.9325,106.9325,106.9325,106.9325,785.0
2017-10-03 14:18:00,106.89,106.9,106.89,106.9,1334.0
2017-10-03 14:19:00,106.8427,106.88,106.8427,106.88,600.0
2017-10-03 14:20:00,106.82,106.86,106.81,106.84,18150.0
2017-10-03 14:21:00,106.82,106.82,106.82,106.82,300.0
2017-10-03 14:22:00,106.79,106.79,106.79,106.79,200.0
2017-10-03 14:23:00,106.78,106.79,106.78,106.79,300.0
2017-10-03 14:24:00,106.82,106.84,106.78,106.81,4750.0
2017-10-03 14:25:00,106.85,106.88,106.85,106.85,1325.0
2017-10-03 14:26:00,106.865,106.88,106.855,106.88,503.0
2017-10-03 14:27:00,106.895,106.895,106.865,106.865,600.0
2017-10-03 14:28:00,106.91,106.915,106.91,106.915,200.0
2017-10-03 14:29:00,106.89,106.9,106.89,106.9,200.0
2017-10-03 14:30:00,106.92,106.925,106.9,106.9,3782.0
2017-10-03 14:31:00,106.92,106.92,106.89,106.89,1100.0
2017-10-03 14:32:00,106.92,106.92,106.92,106.92,100.0
2017-10-03 14:33:00,106.92,106.94,106.92,106.93,1800.0
2017-10-03 14:34:00,106.935,106.935,106.935,106.935,100.0
2017-10-03 14:35:00,106.97,106.98,106.935,106.95,3000.0
2017-10-03 14:36:00,106.94,106.98,106.94,106.97,2196.0
2017-10-03 14:37:00,106.93,106.93,106.93,106.93,200.0
2017-10-03 14:38:00,106.91,106.92,106.91,106.92,600.0
2017-10-03 14:39:00,106.928,106.93,106.928,106.93,540.0
2017-10-03 14:40:00,106.92,106.92,106.92,106.92,200.0
2017-10-03 14:41:00,106.93,106.94,106.92,106.92,900.0
2017-10-03 14:42:00,106.9,106.96,106.9,106.96,1308.0
2017-10-03 14:43:00,106.91,106.92,106.9,106.91,1504.0
2017-10-03 14:45:00,106.8791,106.89,106.8601,106.88,1500.0
2017-10-03 14:46:00,106.89,106.89,106.89,106.89,500.0
2017-10-03 14:47:00,106.89,106.89,106.89,106.89,100.0
2017-10-03 14:48:00,106.82,106.87,106.82,106.87,2200.0
2017-10-03 14:49:00,106.83,106.85,106.83,106.84,2300.0
2017-10-03 14:51:00,106.82,106.82,106.82,106.82,100.0
2017-10-03 14:52:00,106.82,106.83,106.82,106.83,681.0
2017-10-03 14:53:00,106.84,106.84,106.83,106.83,700.0
2017-10-03 14:54:00,106.83,106.83,106.83,106.83,600.0
2017-10-03 14:55:00,106.81,106.83,106.81,106.83,2178.0
2017-10-03 14:56:00,106.85,106.86,106.83,106.8312,1607.0
2017-10-03 14:57:00,106.83,106.85,106.83,106.85,1920.0
2017-10-03 14:58:00,106.85,106.86,106.83,106.84,1879.0
2017-10-03 14:59:00,106.83,106.84,106.83,106.84,800.0
2017-10-03 15:00:00,106.835,106.84,106.825,106.83,2200.0
2017-10-03 15:01:00,106.84,106.84,106.84,106.84,100.0
2017-10-03 15:02:00,106.82,106.83,106.82,106.83,500.0
2017-10-03 15:03:00,106.84,106.84,106.8275,106.83,1100.0
2017-10-03 15:04:00,106.825,106.85,106.825,106.85,2600.0
2017-10-03 15:05:00,106.86,106.86,106.835,106.835,1765.0
2017-10-03 15:06:00,106.87,106.88,106.86,106.87,2289.0
2017-10-03 15:07:00,106.86,106.87,106.86,106.87,800.0
2017-10-03 15:08:00,106.8723,106.8723,106.8723,106.8723,129.0
2017-10-03 15:09:00,106.89,106.89,106.87,106.88,2100.0
2017-10-03 15:11:00,106.89,106.89,106.89,106.89,300.0
2017-10-03 15:12:00,106.87,106.88,106.87,106.88,2204.0
2017-10-03 15:13:00,106.87,106.88,106.86,106.87,1700.0
2017-10-03 15:14:00,106.875,106.88,106.87,106.88,500.0
2017-10-03 15:15:00,106.87,106.87,106.87,106.87,400.0
2017-10-03 15:16:00,106.885,106.89,106.87,106.87,1900.0
2017-10-03 15:17:00,106.8834,106.89,106.88,106.89,1524.0
2017-10-03 15:18:00,106.86,106.885,106.86,106.885,3031.0
2017-10-03 15:19:00,106.81,106.87,106.81,106.87,1848.0
2017-10-03 15:20:00,106.77,106.81,106.77,106.81,1751.0
2017-10-03 15:21:00,106.77,106.78,106.76,106.77,2964.0
2017-10-03 15:22:00,106.75,106.75,106.745,106.75,2048.0
2017-10-03 15:23:00,106.755,106.76,106.75,106.76,1428.0
2017-10-03 15:24:00,106.76,106.78,106.76,106.765,1200.0
2017-10-03 15:25:00,106.755,106.755,106.75,106.75,590.0
2017-10-03 15:26:00,106.78,106.78,106.755,106.755,2556.0
2017-10-03 15:27:00,106.78,106.79,106.765,106.78,4800.0
2017-10-03 15:28:00,106.77,106.79,106.77,106.79,1050.0
2017-10-03 15:29:00,106.7601,106.77,106.75,106.77,1793.0
2017-10-03 15:30:00,106.78,106.78,106.77,106.77,2319.0
2017-10-03 15:31:00,106.78,106.78,106.7704,106.78,1758.0
2017-10-03 15:32:00,106.78,106.78,106.78,106.78,100.0
2017-10-03 15:33:00,106.79,106.795,106.78,106.785,6076.0
2017-10-03 15:34:00,106.79,106.79,106.79,106.79,200.0
2017-10-03 15:35:00,106.79,106.8,106.79,106.79,400.0
2017-10-03 15:36:00,106.825,106.83,106.79,106.79,4100.0
2017-10-03 15:37:00,106.8,106.83,106.795,106.83,5818.0
2017-10-03 15:38:00,106.8,106.81,106.78,106.81,3693.0
2017-10-03 15:40:00,106.82,106.83,106.805,106.82,2579.0
2017-10-03 15:41:00,106.815,106.82,106.8,106.82,5777.0
2017-10-03 15:42:00,106.86,106.86,106.815,106.815,2034.0
2017-10-03 15:43:00,106.85,106.86,106.85,106.86,400.0
2017-10-03 15:44:00,106.85,106.86,106.84,106.845,7557.0
2017-10-03 15:45:00,106.84,106.865,106.83,106.855,6412.0
2017-10-03 15:46:00,106.785,106.84,106.785,106.84,4070.0
2017-10-03 15:47:00,106.795,106.8,106.785,106.79,3391.0
2017-10-03 15:48:00,106.8,106.815,106.795,106.8,2844.0
2017-10-03 15:49:00,106.75,106.805,106.74,106.8,5691.0
2017-10-03 15:50:00,106.77,106.78,106.73,106.74,6112.0
2017-10-03 15:51:00,106.76,106.77,106.76,106.77,3000.0
2017-10-03 15:52:00,106.76,106.77,106.75,106.765,6040.0
2017-10-03 15:53:00,106.75,106.76,106.75,106.75,8708.0
2017-10-03 15:54:00,106.75,106.76,106.75,106.75,4700.0
2017-10-03 15:55:00,106.82,106.82,106.75,106.75,8371.0
2017-10-03 15:56:00,106.815,106.82,106.8,106.82,2700.0
2017-10-03 15:57:00,106.77,106.82,106.77,106.81,6892.0
2017-10-03 15:58:00,106.78,106.78,106.75,106.77,11163.0
2017-10-03 15:59:00,106.81,106.81,106.77,106.78,3900.0
2017-10-03 16:00:00,106.81,106.82,106.78,106.805,15867.0
2017-10-04 09:30:00,106.75,106.75,106.1301,106.62,6988.0
2017-10-04 09:31:00,106.5505,106.67,106.5505,106.67,300.0
2017-10-04 09:33:00,106.62,106.63,106.62,106.63,200.0
2017-10-04 09:34:00,106.64,106.64,106.64,106.64,100.0
2017-10-04 09:35:00,106.86,106.86,106.72,106.72,800.0
2017-10-04 09:36:00,106.94,107.0,106.84,106.85,3288.0
2017-10-04 09:37:00,107.01,107.06,106.88,106.95,2083.0
2017-10-04 09:38:00,107.01,107.08,106.95,107.07,700.0
2017-10-04 09:39:00,107.17,107.18,107.095,107.095,1000.0
2017-10-04 09:40:00,106.89,107.07,106.89,107.06,900.0
2017-10-04 09:41:00,106.93,107.05,106.93,107.0,1100.0
2017-10-04 09:43:00,106.7,106.76,106.62,106.76,3000.0
2017-10-04 09:44:00,106.6999,106.7,106.66,106.7,1600.0
2017-10-04 09:45:00,106.56,106.63,106.5046,106.63,2240.0
2017-10-04 09:46:00,106.6525,106.74,106.53,106.55,2500.0
2017-10-04 09:47:00,106.83,106.83,106.79,106.79,300.0
2017-10-04 09:48:00,106.765,106.81,106.69,106.75,2010.0
2017-10-04 09:49:00,106.73,106.82,106.73,106.8,700.0
2017-10-04 09:50:00,106.83,106.83,106.7856,106.7856,1490.0
2017-10-04 09:51:00,106.815,106.83,106.815,106.83,600.0
2017-10-04 09:52:00,106.745,106.845,106.74,106.835,1936.0
2017-10-04 09:53:00,106.755,106.755,106.755,106.755,200.0
2017-10-04 09:54:00,106.76,106.81,106.75,106.79,927.0
2017-10-04 09:55:00,106.76,106.76,106.72,106.73,500.0
2017-10-04 09:58:00,106.73,106.75,106.73,106.75,1000.0
2017-10-04 10:00:00,106.8196,106.84,106.75,106.75,1900.0
2017-10-04 10:01:00,106.92,106.92,106.81,106.81,400.0
2017-10-04 10:02:00,106.96,106.96,106.81,106.86,1713.0
2017-10-04 10:03:00,106.93,106.94,106.905,106.94,2100.0
2017-10-04 10:04:00,106.99,106.99,106.93,106.93,500.0
2017-10-04 10:05:00,107.08,107.08,107.02,107.02,300.0
2017-10-04 10:06:00,107.05,107.05,107.02,107.03,600.0
2017-10-04 10:07:00,107.02,107.04,107.02,107.04,665.0
2017-10-04 10:09:00,107.05,107.08,107.04,107.07,700.0
2017-10-04 10:10:00,107.0475,107.0475,107.01,107.03,1000.0
2017-10-04 10:11:00,106.945,106.99,106.9,106.99,1320.0
2017-10-04 10:12:00,106.89,106.89,106.89,106.89,100.0
2017-10-04 10:13:00,106.87,106.87,106.87,106.87,100.0
2017-10-04 10:14:00,106.82,106.84,106.82,106.84,569.0
2017-10-04 10:15:00,106.835,106.85,106.83,106.85,500.0
2017-10-04 10:16:00,106.8,106.8,106.8,106.8,100.0
2017-10-04 10:17:00,106.8,106.8,106.8,106.8,400.0
2017-10-04 10:18:00,106.795,106.8,106.79,106.79,600.0
2017-10-04 10:19:00,106.84,106.84,106.77,106.795,1000.0
2017-10-04 10:20:00,106.76,106.8,106.76,106.8,1437.0
2017-10-04 10:21:00,106.7608,106.81,106.76,106.77,4210.0
2017-10-04 10:22:00,106.705,106.7617,106.69,106.76,3500.0
2017-10-04 10:23:00,106.74,106.77,106.69,106.69,2594.0
2017-10-04 10:24:00,106.79,106.79,106.79,106.79,200.0
2017-10-04 10:25:00,106.795,106.8,106.78,106.78,900.0
2017-10-04 10:26:00,106.78,106.83,106.78,106.81,800.0
2017-10-04 10:27:00,106.795,106.83,106.77,106.78,4732.0
2017-10-04 10:28:00,106.76,106.78,106.76,106.78,500.0
2017-10-04 10:29:00,106.84,106.87,106.8,106.8,2600.0
2017-10-04 10:30:00,106.795,106.83,106.77,106.83,2015.0
2017-10-04 10:31:00,106.87,106.87,106.77,106.77,1500.0
2017-10-04 10:32:00,106.89,106.89,106.87,106.87,300.0
2017-10-04 10:33:00,106.86,106.86,106.86,106.86,100.0
2017-10-04 10:34:00,106.92,106.92,106.9,106.9,500.0
2017-10-04 10:35:00,106.88,106.94,106.88,106.94,1750.0
2017-10-04 10:36:00,106.87,106.89,106.86,106.88,2000.0
2017-10-04 10:37:00,106.87,106.88,106.86,106.86,600.0
2017-10-04 10:38:00,106.87,106.9,106.87,106.8702,910.0
2017-10-04 10:39:00,106.885,106.89,106.885,106.89,200.0
2017-10-04 10:40:00,106.74,106.85,106.74,106.85,2712.0
2017-10-04 10:41:00,106.77,106.77,106.71,106.74,1300.0
2017-10-04 10:42:00,106.75,106.81,106.75,106.77,1900.0
2017-10-04 10:43:00,106.735,106.75,106.735,106.74,300.0
2017-10-04 10:44:00,106.715,106.73,106.66,106.73,1000.0
2017-10-04 10:46:00,106.73,106.73,106.7,106.725,300.0
2017-10-04 10:47:00,106.71,106.73,106.7,106.7,590.0
2017-10-04 10:48:00,106.76,106.77,106.715,106.715,1700.0
2017-10-04 10:49:00,106.79,106.8,106.76,106.78,1500.0
2017-10-04 10:50:00,106.76,106.76,106.76,106.76,1700.0
2017-10-04 10:51:00,106.74,106.82,106.74,106.77,8573.0
2017-10-04 10:52:00,106.735,106.76,106.735,106.74,4110.0
2017-10-04 10:53:00,106.7,106.75,106.68,106.75,5661.0
2017-10-04 10:54:00,106.66,106.69,106.6165,106.69,3100.0
2017-10-04 10:55:00,106.66,106.68,106.63,106.68,4941.0
2017-10-04 10:56:00,106.655,106.655,106.655,106.655,100.0
2017-10-04 10:57:00,106.62,106.645,106.62,106.63,500.0
2017-10-04 10:58:00,106.67,106.67,106.61,106.61,600.0
2017-10-04 10:59:00,106.65,106.69,106.65,106.68,800.0
2017-10-04 11:00:00,106.66,106.66,106.66,106.66,100.0
2017-10-04 11:01:00,106.66,106.66,106.66,106.66,100.0
2017-10-04 11:02:00,106.64,106.68,106.64,106.68,915.0
2017-10-04 11:03:00,106.65,106.65,106.62,106.64,300.0
2017-10-04 11:04:00,106.7,106.7,106.65,106.65,1810.0
2017-10-04 11:05:00,106.705,106.71,106.69,106.71,500.0
2017-10-04 11:06:00,106.705,106.705,106.7032,106.7032,247.0
2017-10-04 11:07:00,106.68,106.7,106.67,106.69,4775.0
2017-10-04 11:08:00,106.7,106.73,106.68,106.69,3508.0
2017-10-04 11:09:00,106.77,106.81,106.74,106.74,300.0
2017-10-04 11:10:00,106.82,106.84,106.81,106.81,1500.0
2017-10-04 11:11:00,106.87,106.87,106.87,106.87,300.0
2017-10-04 11:12:00,106.9,106.91,106.82,106.82,900.0
2017-10-04 11:13:00,106.93,106.93,106.93,106.93,200.0
2017-10-04 11:14:00,106.9296,106.9296,106.9296,106.9296,116.0
2017-10-04 11:15:00,106.93,106.93,106.93,106.93,100.0
2017-10-04 11:16:00,106.9,106.93,106.89,106.93,1100.0
2017-10-04 11:17:00,106.89,106.89,106.89,106.89,100.0
2017-10-04 11:18:00,106.895,106.895,106.895,106.895,100.0
2017-10-04 11:19:00,106.89,106.89,106.87,106.88,900.0
2017-10-04 11:20:00,106.9028,106.91,106.88,106.88,850.0
2017-10-04 11:24:00,106.91,106.93,106.91,106.92,650.0
2017-10-04 11:26:00,106.93,106.93,106.88,106.92,700.0
2017-10-04 11:27:00,106.99,106.99,106.945,106.96,2130.0
2017-10-04 11:28:00,106.98,107.03,106.98,107.02,700.0
2017-10-04 11:29:00,106.96,106.97,106.96,106.97,700.0
2017-10-04 11:30:00,107.0,107.0,106.99,106.99,400.0
2017-10-04 11:31:00,107.03,107.03,107.0,107.02,2080.0
2017-10-04 11:32:00,107.02,107.04,107.015,107.03,800.0
2017-10-04 11:33:00,107.04,107.05,107.03,107.03,400.0
2017-10-04 11:34:00,107.03,107.04,107.01,107.01,1200.0
2017-10-04 11:35:00,107.07,107.07,107.04,107.04,805.0
2017-10-04 11:36:00,107.045,107.07,107.03,107.07,1700.0
2017-10-04 11:37:00,107.06,107.09,107.06,107.07,700.0
2017-10-04 11:38:00,107.14,107.14,107.09,107.09,1100.0
2017-10-04 11:39:00,107.15,107.15,107.12,107.14,1200.0
2017-10-04 11:40:00,107.14,107.14,107.09,107.12,2161.0
2017-10-04 11:41:00,107.1127,107.14,107.1127,107.14,600.0
2017-10-04 11:42:00,107.15,107.15,107.15,107.15,600.0
2017-10-04 11:43:00,107.12,107.15,107.09,107.15,3006.0
2017-10-04 11:44:00,107.08,107.12,107.08,107.12,900.0
2017-10-04 11:45:00,107.09,107.09,107.06,107.08,1600.0
2017-10-04 11:46:00,107.06,107.1,107.05,107.09,2700.0
2017-10-04 11:47:00,107.06,107.06,107.06,107.06,400.0
2017-10-04 11:48:00,107.09,107.09,107.09,107.09,250.0
2017-10-04 11:50:00,107.06,107.06,107.06,107.06,100.0
2017-10-04 11:52:00,107.065,107.09,107.03,107.06,2102.0
2017-10-04 11:53:00,107.12,107.12,107.09,107.09,516.0
2017-10-04 11:54:00,107.17,107.17,107.12,107.12,1400.0
2017-10-04 11:55:00,107.09,107.13,107.09,107.12,1321.0
2017-10-04 11:56:00,107.24,107.24,107.12,107.12,2349.0
2017-10-04 11:57:00,107.215,107.23,107.21,107.23,400.0
2017-10-04 11:58:00,107.25,107.25,107.24,107.24,600.0
2017-10-04 11:59:00,107.24,107.24,107.24,107.24,100.0
2017-10-04 12:00:00,107.33,107.34,107.245,107.245,3200.0
2017-10-04 12:01:00,107.37,107.38,107.36,107.38,500.0
2017-10-04 12:02:00,107.36,107.36,107.36,107.36,100.0
2017-10-04 12:03:00,107.29,107.3,107.29,107.3,542.0
2017-10-04 12:04:00,107.22,107.26,107.2,107.26,2800.0
2017-10-04 12:05:00,107.21,107.235,107.21,107.235,1100.0
2017-10-04 12:06:00,107.26,107.26,107.22,107.23,800.0
2017-10-04 12:07:00,107.26,107.26,107.25,107.25,700.0
2017-10-04 12:08:00,107.27,107.27,107.23,107.23,400.0
2017-10-04 12:09:00,107.23,107.26,107.23,107.26,400.0
2017-10-04 12:10:00,107.24,107.24,107.22,107.24,600.0
2017-10-04 12:11:00,107.24,107.24,107.2,107.24,3456.0
2017-10-04 12:12:00,107.215,107.215,107.215,107.215,100.0
2017-10-04 12:13:00,107.17,107.19,107.17,107.19,700.0
2017-10-04 12:14:00,107.14,107.14,107.14,107.14,100.0
2017-10-04 12:16:00,107.17,107.18,107.14,107.14,600.0
2017-10-04 12:17:00,107.1724,107.1724,107.1724,107.1724,100.0
2017-10-04 12:18:00,107.19,107.19,107.19,107.19,100.0
2017-10-04 12:19:00,107.23,107.23,107.17,107.17,846.0
2017-10-04 12:20:00,107.3,107.3,107.23,107.25,900.0
2017-10-04 12:21:00,107.35,107.35,107.3,107.3,600.0
2017-10-04 12:22:00,107.35,107.35,107.35,107.35,500.0
2017-10-04 12:23:00,107.34,107.36,107.34,107.35,500.0
2017-10-04 12:24:00,107.38,107.39,107.35,107.39,600.0
2017-10-04 12:25:00,107.26,107.36,107.23,107.36,4349.0
2017-10-04 12:26:00,107.26,107.26,107.26,107.26,200.0
2017-10-04 12:27:00,107.26,107.26,107.235,107.235,200.0
2017-10-04 12:28:00,107.29,107.29,107.26,107.26,790.0
2017-10-04 12:29:00,107.29,107.29,107.29,107.29,100.0
2017-10-04 12:30:00,107.28,107.29,107.24,107.29,700.0
2017-10-04 12:31:00,107.24,107.25,107.22,107.24,1026.0
2017-10-04 12:32:00,107.21,107.23,107.21,107.23,200.0
2017-10-04 12:33:00,107.25,107.25,107.23,107.23,1124.0
2017-10-04 12:34:00,107.25,107.25,107.22,107.2275,300.0
2017-10-04 12:35:00,107.25,107.25,107.25,107.25,100.0
2017-10-04 12:36:00,107.25,107.25,107.23,107.23,200.0
2017-10-04 12:37:00,107.21,107.23,107.2,107.23,1800.0
2017-10-04 12:38:00,107.2275,107.23,107.2275,107.23,669.0
2017-10-04 12:39:00,107.17,107.22,107.17,107.21,700.0
2017-10-04 12:42:00,107.155,107.16,107.155,107.16,600.0
2017-10-04 12:44:00,107.18,107.18,107.13,107.13,700.0
2017-10-04 12:45:00,107.18,107.18,107.18,107.18,100.0
2017-10-04 12:46:00,107.17,107.17,107.13,107.13,400.0
2017-10-04 12:47:00,107.145,107.145,107.145,107.145,100.0
2017-10-04 12:49:00,107.13,107.1479,107.13,107.1479,287.0
2017-10-04 12:50:00,107.17,107.19,107.13,107.13,2332.0
2017-10-04 12:51:00,107.21,107.21,107.2,107.2,200.0
2017-10-04 12:52:00,107.3,107.3,107.21,107.21,1000.0
2017-10-04 12:53:00,107.28,107.31,107.28,107.31,500.0
2017-10-04 12:54:00,107.31,107.31,107.29,107.29,800.0
2017-10-04 12:55:00,107.29,107.31,107.29,107.31,552.0
2017-10-04 12:57:00,107.185,107.2823,107.185,107.27,1000.0
2017-10-04 12:58:00,107.19,107.2,107.18,107.2,450.0
2017-10-04 12:59:00,107.15,107.2,107.15,107.1664,1230.0
2017-10-04 13:01:00,107.27,107.29,107.15,107.15,4515.0
2017-10-04 13:02:00,107.24,107.28,107.24,107.28,500.0
2017-10-04 13:04:00,107.19,107.24,107.19,107.24,701.0
2017-10-04 13:06:00,107.24,107.24,107.21,107.21,700.0
2017-10-04 13:07:00,107.2,107.21,107.2,107.2,644.0
2017-10-04 13:09:00,107.24,107.24,107.24,107.24,400.0
2017-10-04 13:10:00,107.27,107.27,107.19,107.2,5000.0
2017-10-04 13:11:00,107.23,107.25,107.2,107.23,7399.0
2017-10-04 13:12:00,107.24,107.24,107.2352,107.2352,400.0
2017-10-04 13:13:00,107.26,107.26,107.26,107.26,1300.0
2017-10-04 13:14:00,107.26,107.26,107.26,107.26,100.0
2017-10-04 13:15:00,107.26,107.26,107.24,107.24,804.0
2017-10-04 13:16:00,107.21,107.2425,107.21,107.2425,200.0
2017-10-04 13:17:00,107.25,107.25,107.21,107.21,500.0
2017-10-04 13:18:00,107.2425,107.2425,107.2425,107.2425,100.0
2017-10-04 13:19:00,107.25,107.25,107.25,107.25,100.0
2017-10-04 13:20:00,107.26,107.28,107.22,107.22,1694.0
2017-10-04 13:22:00,107.28,107.28,107.255,107.28,1700.0
2017-10-04 13:23:00,107.28,107.28,107.28,107.28,300.0
2017-10-04 13:24:00,107.3099,107.3099,107.3099,107.3099,100.0
2017-10-04 13:25:00,107.2964,107.31,107.27,107.27,933.0
2017-10-04 13:26:00,107.32,107.32,107.3,107.31,1000.0
2017-10-04 13:27:00,107.35,107.35,107.35,107.35,100.0
2017-10-04 13:28:00,107.36,107.36,107.36,107.36,200.0
2017-10-04 13:29:00,107.36,107.36,107.36,107.36,400.0
2017-10-04 13:30:00,107.33,107.37,107.32,107.35,1720.0
2017-10-04 13:31:00,107.29,107.35,107.29,107.31,1774.0
2017-10-04 13:32:00,107.29,107.305,107.29,107.2975,415.0
2017-10-04 13:33:00,107.305,107.305,107.305,107.305,100.0
2017-10-04 13:34:00,107.22,107.29,107.22,107.29,800.0
2017-10-04 13:35:00,107.18,107.18,107.18,107.18,100.0
2017-10-04 13:36:00,107.25,107.25,107.19,107.19,2926.0
2017-10-04 13:37:00,107.21,107.25,107.21,107.25,800.0
2017-10-04 13:38:00,107.24,107.24,107.20200000000001,107.20200000000001,535.0
2017-10-04 13:39:00,107.32,107.32,107.28,107.28,500.0
2017-10-04 13:40:00,107.27,107.3,107.27,107.28,800.0
2017-10-04 13:41:00,107.29,107.3,107.28,107.28,1000.0
2017-10-04 13:42:00,107.3,107.3,107.29,107.3,400.0
2017-10-04 13:43:00,107.25,107.26,107.25,107.26,400.0
2017-10-04 13:44:00,107.17,107.23,107.17,107.23,900.0
2017-10-04 13:45:00,107.13,107.13,107.13,107.13,100.0
2017-10-04 13:46:00,107.18,107.18,107.13,107.13,617.0
2017-10-04 13:48:00,107.18,107.18,107.11,107.13,2084.0
2017-10-04 13:49:00,107.05,107.12,107.05,107.11,2154.0
2017-10-04 13:50:00,107.11,107.11,107.05,107.05,1051.0
2017-10-04 13:51:00,107.12,107.12,107.12,107.12,300.0
2017-10-04 13:52:00,107.09,107.12,107.09,107.12,400.0
2017-10-04 13:53:00,107.1308,107.15,107.12,107.12,2466.0
2017-10-04 13:55:00,107.19,107.19,107.135,107.14,900.0
2017-10-04 13:56:00,107.17,107.17,107.15,107.15,900.0
2017-10-04 13:57:00,107.215,107.23,107.2,107.2,767.0
2017-10-04 13:58:00,107.17,107.215,107.17,107.215,600.0
2017-10-04 13:59:00,107.2,107.2,107.17,107.17,400.0
2017-10-04 14:00:00,107.18,107.2,107.16,107.16,4760.0
2017-10-04 14:02:00,107.25,107.25,107.22,107.22,800.0
2017-10-04 14:03:00,107.23,107.24,107.23,107.24,738.0
2017-10-04 14:05:00,107.23,107.26,107.22,107.22,400.0
2017-10-04 14:06:00,107.25,107.26,107.25,107.26,1081.0
2017-10-04 14:09:00,107.23,107.23,107.23,107.23,100.0
2017-10-04 14:10:00,107.24,107.27,107.24,107.25,2200.0
2017-10-04 14:11:00,107.19,107.26,107.19,107.26,800.0
2017-10-04 14:12:00,107.215,107.215,107.19,107.19,900.0
2017-10-04 14:13:00,107.18,107.18,107.18,107.18,100.0
2017-10-04 14:14:00,107.14,107.205,107.14,107.18,800.0
2017-10-04 14:15:00,107.19,107.19,107.15,107.15,800.0
2017-10-04 14:16:00,107.21,107.21,107.21,107.21,400.0
2017-10-04 14:17:00,107.2,107.22,107.19,107.2,900.0
2017-10-04 14:18:00,107.1575,107.19,107.15,107.15,350.0
2017-10-04 14:19:00,107.13,107.15,107.13,107.15,400.0
2017-10-04 14:20:00,107.15,107.15,107.14,107.14,546.0
2017-10-04 14:21:00,107.15,107.16,107.14,107.14,800.0
2017-10-04 14:23:00,107.13,107.13,107.13,107.13,100.0
2017-10-04 14:24:00,107.17,107.17,107.17,107.17,300.0
2017-10-04 14:25:00,107.17,107.17,107.17,107.17,300.0
2017-10-04 14:26:00,107.14,107.14,107.14,107.14,190.0
2017-10-04 14:27:00,107.165,107.18,107.15,107.15,500.0
2017-10-04 14:28:00,107.18,107.18,107.17,107.17,500.0
2017-10-04 14:29:00,107.2,107.22,107.19,107.19,2800.0
2017-10-04 14:30:00,107.25,107.25,107.22,107.25,3100.0
2017-10-04 14:31:00,107.28,107.28,107.28,107.28,100.0
2017-10-04 14:32:00,107.28,107.28,107.28,107.28,100.0
2017-10-04 14:33:00,107.27,107.27,107.27,107.27,100.0
2017-10-04 14:34:00,107.275,107.275,107.25,107.26,900.0
2017-10-04 14:35:00,107.28,107.28,107.28,107.28,200.0
2017-10-04 14:36:00,107.27,107.27,107.25,107.25,300.0
2017-10-04 14:37:00,107.26,107.27,107.24,107.26,600.0
2017-10-04 14:38:00,107.28,107.31,107.27,107.27,1700.0
2017-10-04 14:39:00,107.29,107.31,107.29,107.3,961.0
2017-10-04 14:40:00,107.2892,107.29,107.28,107.28,900.0
2017-10-04 14:41:00,107.28,107.29,107.28,107.28,400.0
2017-10-04 14:42:00,107.25,107.27,107.25,107.26,700.0
2017-10-04 14:43:00,107.28,107.28,107.25,107.25,1000.0
2017-10-04 14:44:00,107.28,107.28,107.28,107.28,156.0
2017-10-04 14:45:00,107.25,107.28,107.25,107.28,300.0
2017-10-04 14:46:00,107.25,107.28,107.25,107.28,400.0
2017-10-04 14:47:00,107.29,107.3,107.265,107.265,1400.0
2017-10-04 14:48:00,107.25,107.28,107.25,107.28,2501.0
2017-10-04 14:49:00,107.22,107.22,107.22,107.22,350.0
2017-10-04 14:50:00,107.24,107.24,107.205,107.22,600.0
2017-10-04 14:51:00,107.23,107.23,107.21,107.21,500.0
2017-10-04 14:52:00,107.23,107.23,107.22,107.22,726.0
2017-10-04 14:54:00,107.22,107.22,107.22,107.22,100.0
2017-10-04 14:55:00,107.21,107.22,107.19,107.21,1267.0
2017-10-04 14:56:00,107.2,107.2,107.2,107.2,500.0
2017-10-04 14:57:00,107.1985,107.2041,107.18,107.2041,1294.0
2017-10-04 14:58:00,107.17,107.18,107.17,107.18,350.0
2017-10-04 14:59:00,107.15,107.15,107.15,107.15,100.0
2017-10-04 15:00:00,107.17,107.17,107.13,107.15,300.0
2017-10-04 15:01:00,107.14,107.14,107.13,107.13,200.0
2017-10-04 15:02:00,107.16,107.19,107.16,107.18,300.0
2017-10-04 15:03:00,107.14,107.18,107.14,107.18,1300.0
2017-10-04 15:04:00,107.12,107.16,107.12,107.16,528.0
2017-10-04 15:05:00,107.17,107.17,107.12,107.12,1185.0
2017-10-04 15:06:00,107.1599,107.16,107.13,107.16,1300.0
2017-10-04 15:07:00,107.16,107.16,107.13,107.13,1600.0
2017-10-04 15:08:00,107.15,107.15,107.15,107.15,100.0
2017-10-04 15:09:00,107.16,107.19,107.15,107.15,568.0
2017-10-04 15:10:00,107.18,107.18,107.15,107.175,500.0
2017-10-04 15:11:00,107.18,107.19,107.16,107.16,600.0
2017-10-04 15:12:00,107.215,107.22,107.19,107.2,1666.0
2017-10-04 15:13:00,107.21,107.24,107.21,107.24,1830.0
2017-10-04 15:14:00,107.2,107.2,107.2,107.2,100.0
2017-10-04 15:15:00,107.21,107.23,107.21,107.23,200.0
2017-10-04 15:16:00,107.24,107.24,107.22,107.23,1000.0
2017-10-04 15:17:00,107.25,107.27,107.24,107.25,2656.0
2017-10-04 15:18:00,107.23,107.24,107.23,107.24,1200.0
2017-10-04 15:19:00,107.23,107.24,107.23,107.23,600.0
2017-10-04 15:20:00,107.25,107.25,107.24,107.24,500.0
2017-10-04 15:21:00,107.25,107.26,107.24,107.25,1300.0
2017-10-04 15:22:00,107.22,107.26,107.22,107.26,600.0
2017-10-04 15:23:00,107.15,107.21,107.15,107.21,1322.0
2017-10-04 15:24:00,107.15,107.15,107.15,107.15,100.0
2017-10-04 15:25:00,107.2,107.2,107.17,107.17,2400.0
2017-10-04 15:26:00,107.21,107.21,107.21,107.21,700.0
2017-10-04 15:27:00,107.2,107.21,107.2,107.21,1124.0
2017-10-04 15:28:00,107.13,107.19,107.13,107.19,900.0
2017-10-04 15:29:00,107.1201,107.13,107.115,107.13,1404.0
2017-10-04 15:30:00,107.12,107.14,107.12,107.14,1100.0
2017-10-04 15:31:00,107.09,107.12,107.07,107.1,1600.0
2017-10-04 15:32:00,107.06,107.08,107.06,107.08,500.0
2017-10-04 15:33:00,107.08,107.08,107.05,107.06,1579.0
2017-10-04 15:34:00,107.05,107.06,107.04,107.06,827.0
2017-10-04 15:35:00,107.04,107.05,107.04,107.05,1000.0
2017-10-04 15:36:00,107.07,107.07,107.03,107.04,2600.0
2017-10-04 15:37:00,107.02,107.05,107.02,107.04,1950.0
2017-10-04 15:38:00,107.01,107.02,107.01,107.02,300.0
2017-10-04 15:39:00,106.97,107.01,106.9699,107.01,1569.0
2017-10-04 15:40:00,106.98,106.98,106.96,106.96,2900.0
2017-10-04 15:41:00,107.03,107.05,106.98,106.985,3700.0
2017-10-04 15:42:00,107.02,107.03,107.01,107.02,1300.0
2017-10-04 15:43:00,107.03,107.03,107.01,107.02,1700.0
2017-10-04 15:44:00,106.99,107.03,106.99,107.03,2288.0
2017-10-04 15:45:00,106.98,106.98,106.96,106.98,2550.0
2017-10-04 15:46:00,107.01,107.01,106.96,106.98,3774.0
2017-10-04 15:47:00,106.98,107.0,106.975,106.99,1400.0
2017-10-04 15:48:00,107.015,107.015,106.975,106.98,2097.0
2017-10-04 15:49:00,107.01,107.03,106.99,107.02,4020.0
2017-10-04 15:50:00,106.97,107.0,106.97,107.0,1634.0
2017-10-04 15:51:00,106.93,106.97,106.9,106.97,4744.0
2017-10-04 15:52:00,106.91,106.92,106.9,106.91,3519.0
2017-10-04 15:53:00,106.95,106.96,106.9,106.9,10674.0
2017-10-04 15:54:00,106.955,106.96,106.93,106.95,6200.0
2017-10-04 15:55:00,106.975,106.98,106.95,106.96,6414.0
2017-10-04 15:56:00,106.97,106.99,106.96,106.975,4070.0
2017-10-04 15:57:00,106.89,106.96,106.89,106.96,3467.0
2017-10-04 15:58:00,106.94,106.95,106.89,106.89,13813.0
2017-10-04 15:59:00,106.98,106.98,106.9375,106.94,8744.0
2017-10-04 16:00:00,107.01,107.02,106.96,106.98,18686.0
2017-10-05 09:30:00,106.71,106.71,106.71,106.71,5601.0
2017-10-05 09:32:00,107.06,107.06,106.95,106.95,200.0
2017-10-05 09:35:00,106.95,107.01,106.95,107.01,300.0
2017-10-05 09:36:00,106.59,106.97,106.59,106.97,4857.0
2017-10-05 09:37:00,106.57,106.61,106.48,106.48,1360.0
2017-10-05 09:38:00,106.61,106.64,106.535,106.61,1000.0
2017-10-05 09:39:00,106.63,106.63,106.63,106.63,200.0
2017-10-05 09:40:00,106.78,106.78,106.77,106.77,300.0
2017-10-05 09:41:00,106.71,106.86,106.71,106.86,700.0
2017-10-05 09:43:00,106.67,106.67,106.67,106.67,100.0
2017-10-05 09:44:00,106.765,106.765,106.69,106.69,735.0
2017-10-05 09:45:00,106.7414,106.7414,106.7414,106.7414,300.0
2017-10-05 09:46:00,106.74,106.79,106.74,106.79,1462.0
2017-10-05 09:47:00,106.68,106.69,106.68,106.69,600.0
2017-10-05 09:48:00,106.65,106.65,106.65,106.65,100.0
2017-10-05 09:49:00,106.75,106.78,106.7,106.7,1400.0
2017-10-05 09:50:00,106.72,106.785,106.64,106.785,1600.0
2017-10-05 09:51:00,106.74,106.74,106.74,106.74,100.0
2017-10-05 09:52:00,106.68,106.73,106.68,106.71,500.0
2017-10-05 09:53:00,106.73,106.73,106.73,106.73,200.0
2017-10-05 09:55:00,106.775,106.775,106.76,106.76,1188.0
2017-10-05 09:56:00,106.77,106.77,106.72,106.75,300.0
2017-10-05 09:57:00,106.65,106.7289,106.63,106.7,900.0
2017-10-05 10:00:00,106.63,106.7,106.61,106.69,1500.0
2017-10-05 10:01:00,106.585,106.61,106.5657,106.5657,1012.0
2017-10-05 10:02:00,106.55,106.55,106.55,106.55,100.0
2017-10-05 10:03:00,106.61,106.62,106.61,106.61,500.0
2017-10-05 10:04:00,106.64,106.645,106.62,106.64,1400.0
2017-10-05 10:05:00,106.72,106.74,106.64,106.64,1300.0
2017-10-05 10:06:00,106.69,106.765,106.69,106.765,1622.0
2017-10-05 10:07:00,106.69,106.71,106.69,106.71,800.0
2017-10-05 10:08:00,106.73,106.73,106.705,106.705,300.0
2017-10-05 10:09:00,106.75,106.75,106.69,106.75,3473.0
2017-10-05 10:10:00,106.74,106.76,106.74,106.75,900.0
2017-10-05 10:11:00,106.81,106.81,106.76,106.76,600.0
2017-10-05 10:12:00,106.82,106.82,106.7904,106.7904,300.0
2017-10-05 10:13:00,106.74,106.82,106.74,106.82,1900.0
2017-10-05 10:14:00,106.73,106.73,106.7,106.73,700.0
2017-10-05 10:15:00,106.73,106.73,106.73,106.73,400.0
2017-10-05 10:16:00,106.77,106.77,106.75,106.75,300.0
2017-10-05 10:17:00,106.85,106.85,106.79,106.79,600.0
2017-10-05 10:18:00,106.86,106.86,106.84,106.84,400.0
2017-10-05 10:19:00,106.935,106.935,106.87,106.87,1811.0
2017-10-05 10:20:00,106.95,106.95,106.94,106.94,200.0
2017-10-05 10:21:00,106.95,106.95,106.95,106.95,100.0
2017-10-05 10:22:00,107.0,107.0,106.93,106.93,5918.0
2017-10-05 10:23:00,106.95,106.95,106.93,106.95,1700.0
2017-10-05 10:24:00,107.05,107.05,106.97,106.99,500.0
2017-10-05 10:25:00,107.07,107.08,107.05,107.05,500.0
2017-10-05 10:26:00,107.1,107.11,107.06,107.09,2200.0
2017-10-05 10:27:00,107.16,107.16,107.07,107.07,1041.0
2017-10-05 10:28:00,107.16,107.16,107.15,107.15,800.0
2017-10-05 10:29:00,107.2,107.2,107.18,107.18,1401.0
2017-10-05 10:30:00,107.24,107.26,107.23,107.23,700.0
2017-10-05 10:31:00,107.12,107.21,107.1,107.2,4830.0
2017-10-05 10:32:00,107.11,107.11,107.07,107.07,300.0
2017-10-05 10:33:00,107.11,107.175,107.11,107.13,1420.0
2017-10-05 10:34:00,107.21,107.22,107.1,107.1,1400.0
2017-10-05 10:35:00,107.11,107.15100000000001,107.11,107.15100000000001,250.0
2017-10-05 10:36:00,107.17,107.17,107.17,107.17,100.0
2017-10-05 10:37:00,107.12,107.12,107.08,107.11,3300.0
2017-10-05 10:38:00,107.2,107.2,107.14,107.15,1900.0
2017-10-05 10:39:00,107.15,107.195,107.15,107.195,7300.0
2017-10-05 10:40:00,107.43,107.43,107.18,107.18,2000.0
2017-10-05 10:41:00,107.36,107.37,107.3038,107.37,3261.0
2017-10-05 10:42:00,107.33,107.36,107.33,107.36,749.0
2017-10-05 10:43:00,107.37,107.37,107.32,107.32,1200.0
2017-10-05 10:44:00,107.4,107.4,107.4,107.4,100.0
2017-10-05 10:45:00,107.42,107.42,107.375,107.375,1000.0
2017-10-05 10:46:00,107.39,107.39,107.35,107.35,1200.0
2017-10-05 10:47:00,107.45,107.45,107.21,107.33,11800.0
2017-10-05 10:48:00,107.34,107.43,107.34,107.43,1500.0
2017-10-05 10:49:00,107.32,107.35,107.32,107.32,300.0
2017-10-05 10:50:00,107.245,107.34,107.24,107.33,2804.0
2017-10-05 10:51:00,107.2966,107.31,107.245,107.27,1400.0
2017-10-05 10:53:00,107.325,107.38,107.325,107.38,200.0
2017-10-05 10:55:00,107.27,107.28,107.27,107.28,800.0
2017-10-05 10:56:00,107.39,107.39,107.27,107.29,5417.0
2017-10-05 10:57:00,107.29,107.3,107.29,107.3,400.0
2017-10-05 10:58:00,107.32,107.32,107.27,107.27,620.0
2017-10-05 10:59:00,107.33,107.33,107.33,107.33,442.0
2017-10-05 11:00:00,107.29,107.31,107.29,107.31,500.0
2017-10-05 11:01:00,107.34,107.355,107.31,107.31,2100.0
2017-10-05 11:02:00,107.3235,107.3235,107.3235,107.3235,100.0
2017-10-05 11:03:00,107.38,107.38,107.32,107.34,600.0
2017-10-05 11:04:00,107.37,107.37,107.35,107.35,300.0
2017-10-05 11:06:00,107.41,107.41,107.41,107.41,100.0
2017-10-05 11:07:00,107.41,107.41,107.4,107.4,300.0
2017-10-05 11:08:00,107.41,107.42,107.34,107.36,3900.0
2017-10-05 11:09:00,107.47,107.49,107.4,107.41,5370.0
2017-10-05 11:10:00,107.45,107.47,107.43,107.47,700.0
2017-10-05 11:11:00,107.41,107.45,107.41,107.45,7900.0
2017-10-05 11:12:00,107.44,107.46,107.42,107.44,4600.0
2017-10-05 11:13:00,107.47,107.47,107.44,107.44,700.0
2017-10-05 11:14:00,107.54,107.54,107.49,107.49,1497.0
2017-10-05 11:15:00,107.57,107.57,107.57,107.57,200.0
2017-10-05 11:16:00,107.55,107.555,107.52,107.542,1100.0
2017-10-05 11:17:00,107.55,107.58,107.53,107.55,5650.0
2017-10-05 11:18:00,107.57,107.59,107.56,107.56,1400.0
2017-10-05 11:19:00,107.56,107.57,107.5,107.57,3700.0
2017-10-05 11:20:00,107.52,107.535,107.52,107.53,1500.0
2017-10-05 11:21:00,107.43,107.5,107.43,107.5,1800.0
2017-10-05 11:22:00,107.4275,107.4275,107.4275,107.4275,100.0
2017-10-05 11:23:00,107.46,107.46,107.46,107.46,100.0
2017-10-05 11:24:00,107.46,107.46,107.46,107.46,100.0
2017-10-05 11:25:00,107.43,107.48,107.43,107.4317,3751.0
2017-10-05 11:26:00,107.39,107.4467,107.39,107.4467,2300.0
2017-10-05 11:27:00,107.38,107.38,107.36,107.36,200.0
2017-10-05 11:28:00,107.28,107.375,107.28,107.375,1500.0
2017-10-05 11:29:00,107.28,107.28,107.28,107.28,100.0
2017-10-05 11:30:00,107.29,107.29,107.29,107.29,300.0
2017-10-05 11:31:00,107.2999,107.2999,107.2999,107.2999,100.0
2017-10-05 11:33:00,107.25,107.26,107.25,107.26,700.0
2017-10-05 11:34:00,107.205,107.24,107.205,107.24,1100.0
2017-10-05 11:36:00,107.25,107.25,107.21,107.21,2030.0
2017-10-05 11:37:00,107.27,107.28,107.26,107.26,633.0
2017-10-05 11:38:00,107.28,107.33,107.28,107.33,700.0
2017-10-05 11:39:00,107.27,107.27,107.27,107.27,200.0
2017-10-05 11:40:00,107.2789,107.2789,107.2789,107.2789,191.0
2017-10-05 11:41:00,107.35,107.35,107.32,107.32,500.0
2017-10-05 11:43:00,107.34,107.35,107.33,107.35,584.0
2017-10-05 11:44:00,107.335,107.35,107.335,107.34,800.0
2017-10-05 11:45:00,107.36,107.36,107.35,107.36,500.0
2017-10-05 11:46:00,107.33,107.385,107.33,107.36,3900.0
2017-10-05 11:47:00,107.25,107.3225,107.25,107.32,1400.0
2017-10-05 11:48:00,107.21,107.2452,107.21,107.2452,823.0
2017-10-05 11:49:00,107.245,107.245,107.245,107.245,100.0
2017-10-05 11:51:00,107.27,107.27,107.24,107.245,600.0
2017-10-05 11:53:00,107.3,107.33,107.24,107.24,2350.0
2017-10-05 11:54:00,107.37,107.37,107.32,107.32,500.0
2017-10-05 11:55:00,107.34,107.34,107.3331,107.3331,278.0
2017-10-05 11:56:00,107.32,107.36,107.32,107.36,400.0
2017-10-05 11:57:00,107.33,107.34,107.32,107.32,1800.0
2017-10-05 11:58:00,107.3799,107.3799,107.35,107.35,611.0
2017-10-05 11:59:00,107.36,107.36,107.36,107.36,100.0
2017-10-05 12:00:00,107.37,107.37,107.36,107.36,300.0
2017-10-05 12:01:00,107.36,107.37,107.35,107.35,400.0
2017-10-05 12:02:00,107.33,107.37,107.31,107.37,3450.0
2017-10-05 12:03:00,107.3199,107.32,107.26,107.32,890.0
2017-10-05 12:04:00,107.3,107.3,107.3,107.3,100.0
2017-10-05 12:05:00,107.31,107.31,107.31,107.31,200.0
2017-10-05 12:07:00,107.27,107.29,107.27,107.29,200.0
2017-10-05 12:08:00,107.28,107.3299,107.28,107.29,2245.0
2017-10-05 12:09:00,107.27,107.27,107.27,107.27,100.0
2017-10-05 12:10:00,107.28,107.28,107.26,107.26,200.0
2017-10-05 12:11:00,107.25,107.26,107.25,107.25,300.0
2017-10-05 12:12:00,107.27,107.27,107.24,107.24,1400.0
2017-10-05 12:13:00,107.3,107.3,107.2799,107.2799,1319.0
2017-10-05 12:14:00,107.3,107.3,107.3,107.3,100.0
2017-10-05 12:15:00,107.41,107.42,107.33,107.33,3480.0
2017-10-05 12:16:00,107.4,107.4,107.4,107.4,300.0
2017-10-05 12:17:00,107.41,107.41,107.41,107.41,100.0
2017-10-05 12:18:00,107.4494,107.4494,107.4,107.4,918.0
2017-10-05 12:19:00,107.45,107.45,107.45,107.45,100.0
2017-10-05 12:21:00,107.49,107.49,107.44,107.44,1453.0
2017-10-05 12:22:00,107.49,107.49,107.49,107.49,300.0
2017-10-05 12:24:00,107.5,107.5,107.5,107.5,200.0
2017-10-05 12:25:00,107.5,107.5,107.5,107.5,200.0
2017-10-05 12:27:00,107.53,107.535,107.51,107.52,2400.0
2017-10-05 12:29:00,107.61,107.61,107.52,107.52,2900.0
2017-10-05 12:30:00,107.6,107.6,107.56,107.56,2580.0
2017-10-05 12:31:00,107.59100000000001,107.59100000000001,107.59100000000001,107.59100000000001,126.0
2017-10-05 12:32:00,107.64,107.64,107.585,107.585,5501.0
2017-10-05 12:34:00,107.61,107.635,107.61,107.61,1700.0
2017-10-05 12:35:00,107.61,107.61,107.61,107.61,100.0
2017-10-05 12:36:00,107.62,107.63,107.62,107.62,400.0
2017-10-05 12:37:00,107.57,107.61,107.56,107.61,5976.0
2017-10-05 12:38:00,107.6,107.6,107.6,107.6,700.0
2017-10-05 12:39:00,107.58,107.61,107.58,107.61,200.0
2017-10-05 12:40:00,107.6,107.6,107.6,107.6,800.0
2017-10-05 12:41:00,107.61,107.61,107.575,107.575,500.0
2017-10-05 12:42:00,107.64,107.64,107.6,107.6,1500.0
2017-10-05 12:43:00,107.65,107.65,107.65,107.65,100.0
2017-10-05 12:44:00,107.63,107.63,107.6121,107.6121,700.0
2017-10-05 12:46:00,107.65,107.65,107.64,107.64,1400.0
2017-10-05 12:47:00,107.6,107.665,107.59,107.66,4192.0
2017-10-05 12:49:00,107.61,107.61,107.58,107.595,1000.0
2017-10-05 12:51:00,107.61,107.61,107.61,107.61,200.0
2017-10-05 12:52:00,107.59,107.6,107.58,107.6,900.0
2017-10-05 12:53:00,107.6,107.6,107.56,107.6,1700.0
2017-10-05 12:54:00,107.57,107.61,107.57,107.61,1200.0
2017-10-05 12:55:00,107.57,107.6,107.57,107.58,1400.0
2017-10-05 12:56:00,107.61,107.61,107.6,107.6,1471.0
2017-10-05 12:57:00,107.6,107.6,107.57,107.57,1700.0
2017-10-05 12:58:00,107.71,107.71,107.61,107.61,3800.0
2017-10-05 12:59:00,107.69,107.72,107.69,107.72,400.0
2017-10-05 13:01:00,107.585,107.705,107.585,107.69,3029.0
2017-10-05 13:02:00,107.54,107.56,107.54,107.54,802.0
2017-10-05 13:03:00,107.47,107.535,107.46,107.535,1700.0
2017-10-05 13:04:00,107.47,107.47,107.47,107.47,375.0
2017-10-05 13:06:00,107.45,107.4633,107.45,107.4633,200.0
2017-10-05 13:07:00,107.51,107.51,107.46,107.46,1258.0
2017-10-05 13:08:00,107.48,107.495,107.47,107.495,1123.0
2017-10-05 13:09:00,107.51,107.52,107.49,107.5,1437.0
2017-10-05 13:10:00,107.52,107.52,107.52,107.52,100.0
2017-10-05 13:11:00,107.48,107.51,107.46,107.51,2500.0
2017-10-05 13:12:00,107.48,107.48,107.48,107.48,100.0
2017-10-05 13:13:00,107.5001,107.52,107.5001,107.51,300.0
2017-10-05 13:14:00,107.48,107.5,107.46,107.48,1150.0
2017-10-05 13:15:00,107.46,107.47,107.46,107.47,300.0
2017-10-05 13:16:00,107.49,107.49,107.47,107.47,1200.0
2017-10-05 13:19:00,107.5,107.5,107.5,107.5,300.0
2017-10-05 13:20:00,107.5,107.5,107.5,107.5,100.0
2017-10-05 13:21:00,107.55,107.55,107.51,107.52,2506.0
2017-10-05 13:23:00,107.56,107.58,107.55,107.5625,2300.0
2017-10-05 13:24:00,107.52,107.57,107.52,107.57,2500.0
2017-10-05 13:25:00,107.52,107.52,107.52,107.52,100.0
2017-10-05 13:26:00,107.56,107.56,107.525,107.525,1150.0
2017-10-05 13:27:00,107.56,107.56,107.56,107.56,100.0
2017-10-05 13:28:00,107.56,107.56,107.56,107.56,100.0
2017-10-05 13:29:00,107.54,107.54,107.54,107.54,100.0
2017-10-05 13:30:00,107.54,107.58,107.54,107.58,2600.0
2017-10-05 13:31:00,107.53,107.58,107.53,107.58,200.0
2017-10-05 13:32:00,107.58,107.58,107.58,107.58,200.0
2017-10-05 13:33:00,107.56,107.56,107.56,107.56,100.0
2017-10-05 13:34:00,107.53,107.53,107.5275,107.53,500.0
2017-10-05 13:35:00,107.5125,107.5125,107.5125,107.5125,100.0
2017-10-05 13:36:00,107.56,107.56,107.53,107.53,1200.0
2017-10-05 13:37:00,107.55,107.55,107.54,107.55,1000.0
2017-10-05 13:38:00,107.55,107.56,107.545,107.56,2400.0
2017-10-05 13:40:00,107.54,107.57,107.53,107.56,4550.0
2017-10-05 13:41:00,107.53,107.55,107.53,107.55,900.0
2017-10-05 13:42:00,107.495,107.53,107.48,107.53,800.0
2017-10-05 13:43:00,107.475,107.4947,107.47,107.4947,800.0
2017-10-05 13:44:00,107.475,107.475,107.475,107.475,100.0
2017-10-05 13:45:00,107.43,107.47,107.43,107.46,1100.0
2017-10-05 13:46:00,107.405,107.43,107.4,107.43,500.0
2017-10-05 13:47:00,107.375,107.405,107.375,107.405,500.0
2017-10-05 13:48:00,107.405,107.405,107.375,107.3754,1950.0
2017-10-05 13:49:00,107.375,107.39,107.37,107.39,1000.0
2017-10-05 13:50:00,107.4099,107.4099,107.39,107.39,500.0
2017-10-05 13:51:00,107.4,107.4,107.38,107.38,400.0
2017-10-05 13:52:00,107.39,107.39,107.39,107.39,100.0
2017-10-05 13:54:00,107.43,107.43,107.42,107.42,900.0
2017-10-05 13:55:00,107.4132,107.445,107.41,107.43,2706.0
2017-10-05 13:56:00,107.44,107.46,107.43,107.43,2950.0
2017-10-05 13:57:00,107.4599,107.4599,107.42,107.42,359.0
2017-10-05 13:58:00,107.48,107.495,107.46,107.46,1500.0
2017-10-05 13:59:00,107.465,107.48,107.46,107.48,600.0
2017-10-05 14:01:00,107.395,107.43,107.37,107.41,1142.0
2017-10-05 14:02:00,107.395,107.395,107.395,107.395,100.0
2017-10-05 14:03:00,107.45,107.45,107.395,107.395,400.0
2017-10-05 14:04:00,107.425,107.425,107.425,107.425,200.0
2017-10-05 14:05:00,107.425,107.425,107.425,107.425,100.0
2017-10-05 14:06:00,107.46,107.46,107.43,107.43,2700.0
2017-10-05 14:07:00,107.505,107.51,107.47,107.47,2500.0
2017-10-05 14:08:00,107.53,107.53,107.49,107.49,900.0
2017-10-05 14:09:00,107.525,107.54,107.515,107.54,1732.0
2017-10-05 14:10:00,107.52,107.56,107.52,107.53,3400.0
2017-10-05 14:11:00,107.55,107.55,107.51,107.51,300.0
2017-10-05 14:12:00,107.55,107.55,107.55,107.55,100.0
2017-10-05 14:14:00,107.57,107.57,107.55,107.555,400.0
2017-10-05 14:15:00,107.57,107.59,107.555,107.555,806.0
2017-10-05 14:16:00,107.56,107.595,107.56,107.59,2100.0
2017-10-05 14:17:00,107.6,107.6,107.56,107.57,300.0
2017-10-05 14:18:00,107.5999,107.5999,107.57,107.57,900.0
2017-10-05 14:19:00,107.59,107.59,107.56,107.56,1400.0
2017-10-05 14:20:00,107.58,107.58,107.56,107.58,700.0
2017-10-05 14:21:00,107.52,107.58,107.52,107.58,1500.0
2017-10-05 14:22:00,107.57,107.57,107.52,107.5695,690.0
2017-10-05 14:23:00,107.58,107.58,107.52,107.57,1300.0
2017-10-05 14:24:00,107.5387,107.58,107.53,107.58,324.0
2017-10-05 14:25:00,107.59,107.59,107.57,107.58,900.0
2017-10-05 14:26:00,107.6,107.6325,107.6,107.6,2913.0
2017-10-05 14:27:00,107.61,107.63,107.61,107.63,200.0
2017-10-05 14:28:00,107.64,107.64,107.62,107.64,1657.0
2017-10-05 14:29:00,107.62,107.62,107.62,107.62,200.0
2017-10-05 14:30:00,107.62,107.63,107.605,107.63,2551.0
2017-10-05 14:31:00,107.62,107.62,107.62,107.62,214.0
2017-10-05 14:32:00,107.625,107.635,107.61,107.62,1976.0
2017-10-05 14:33:00,107.625,107.63,107.611,107.63,1220.0
2017-10-05 14:34:00,107.63,107.63,107.63,107.63,200.0
2017-10-05 14:35:00,107.65,107.65,107.635,107.635,1240.0
2017-10-05 14:36:00,107.63,107.65,107.63,107.65,1900.0
2017-10-05 14:37:00,107.6,107.63,107.6,107.61,1200.0
2017-10-05 14:38:00,107.62,107.62,107.59,107.59,200.0
2017-10-05 14:39:00,107.62,107.62,107.61,107.62,500.0
2017-10-05 14:40:00,107.61,107.62,107.61,107.62,200.0
2017-10-05 14:41:00,107.59,107.62,107.58,107.61,3600.0
2017-10-05 14:42:00,107.55,107.57,107.55,107.57,700.0
2017-10-05 14:43:00,107.5499,107.5499,107.52,107.52,300.0
2017-10-05 14:44:00,107.47,107.52,107.46,107.52,1400.0
2017-10-05 14:45:00,107.45,107.51,107.45,107.49,2277.0
2017-10-05 14:47:00,107.43,107.43,107.43,107.43,100.0
2017-10-05 14:48:00,107.43,107.45,107.43,107.45,1050.0
2017-10-05 14:50:00,107.4201,107.45,107.41,107.41,300.0
2017-10-05 14:51:00,107.38,107.435,107.38,107.435,1314.0
2017-10-05 14:52:00,107.35,107.375,107.35,107.37,500.0
2017-10-05 14:53:00,107.33,107.36,107.33,107.35,600.0
2017-10-05 14:54:00,107.34,107.35,107.33,107.35,600.0
2017-10-05 14:55:00,107.38,107.38,107.32,107.32,748.0
2017-10-05 14:56:00,107.35,107.38,107.35,107.365,400.0
2017-10-05 14:57:00,107.37,107.38,107.37,107.38,200.0
2017-10-05 14:58:00,107.411,107.411,107.36,107.37,1800.0
2017-10-05 14:59:00,107.41,107.415,107.4,107.41,700.0
2017-10-05 15:00:00,107.37,107.39,107.37,107.39,200.0
2017-10-05 15:02:00,107.43,107.43,107.39,107.39,1771.0
2017-10-05 15:03:00,107.4399,107.4399,107.41,107.41,717.0
2017-10-05 15:04:00,107.39,107.41,107.39,107.41,1100.0
2017-10-05 15:05:00,107.405,107.405,107.405,107.405,200.0
2017-10-05 15:06:00,107.4,107.405,107.38,107.4,1712.0
2017-10-05 15:07:00,107.37,107.375,107.37,107.3701,1000.0
2017-10-05 15:08:00,107.33,107.36,107.33,107.36,700.0
2017-10-05 15:09:00,107.31,107.345,107.31,107.345,1050.0
2017-10-05 15:10:00,107.29,107.3,107.25,107.3,1841.0
2017-10-05 15:11:00,107.3,107.32,107.26,107.26,601.0
2017-10-05 15:12:00,107.3101,107.33,107.3101,107.33,400.0
2017-10-05 15:13:00,107.345,107.36,107.3201,107.3201,1400.0
2017-10-05 15:14:00,107.34,107.36,107.33,107.3301,2300.0
2017-10-05 15:15:00,107.345,107.345,107.33,107.33,1000.0
2017-10-05 15:16:00,107.33,107.37,107.33,107.345,1700.0
2017-10-05 15:17:00,107.34,107.3499,107.34,107.3499,200.0
2017-10-05 15:18:00,107.37,107.37,107.37,107.37,100.0
2017-10-05 15:19:00,107.37,107.38,107.37,107.37,300.0
2017-10-05 15:20:00,107.38,107.3801,107.37,107.38,1500.0
2017-10-05 15:21:00,107.35,107.375,107.33,107.3701,4084.0
2017-10-05 15:22:00,107.34,107.35,107.34,107.35,500.0
2017-10-05 15:23:00,107.33,107.36,107.33,107.3401,1000.0
2017-10-05 15:24:00,107.3101,107.3499,107.3101,107.3499,200.0
2017-10-05 15:25:00,107.335,107.335,107.32,107.3201,300.0
2017-10-05 15:26:00,107.34,107.3411,107.335,107.3411,705.0
2017-10-05 15:27:00,107.355,107.3599,107.35,107.35,1300.0
2017-10-05 15:28:00,107.31,107.35,107.31,107.35,3256.0
2017-10-05 15:29:00,107.3399,107.3399,107.315,107.315,200.0
2017-10-05 15:30:00,107.29,107.34,107.29,107.3,1350.0
2017-10-05 15:31:00,107.28,107.295,107.28,107.295,600.0
2017-10-05 15:32:00,107.365,107.37,107.28,107.28,5614.0
2017-10-05 15:33:00,107.37,107.37,107.35,107.37,1900.0
2017-10-05 15:34:00,107.37,107.385,107.37,107.38,1000.0
2017-10-05 15:35:00,107.415,107.415,107.37,107.37,2180.0
2017-10-05 15:36:00,107.415,107.43,107.4,107.43,1179.0
2017-10-05 15:37:00,107.425,107.44,107.41,107.42,5246.0
2017-10-05 15:38:00,107.43,107.47,107.43,107.43,1014.0
2017-10-05 15:39:00,107.53,107.53,107.44,107.44,2900.0
2017-10-05 15:40:00,107.51,107.54,107.51,107.54,1700.0
2017-10-05 15:41:00,107.54,107.54,107.515,107.52,1633.0
2017-10-05 15:42:00,107.54,107.54,107.52,107.54,1400.0
2017-10-05 15:43:00,107.53,107.53,107.53,107.53,400.0
2017-10-05 15:44:00,107.49,107.53,107.48,107.5201,5794.0
2017-10-05 15:45:00,107.48,107.485,107.47,107.485,900.0
2017-10-05 15:46:00,107.49,107.49,107.475,107.475,4280.0
2017-10-05 15:47:00,107.42,107.48,107.42,107.48,4610.0
2017-10-05 15:48:00,107.44,107.44,107.42,107.43,3139.0
2017-10-05 15:49:00,107.435,107.45,107.43,107.45,900.0
2017-10-05 15:50:00,107.42,107.435,107.42,107.435,1000.0
2017-10-05 15:51:00,107.31,107.42,107.31,107.42,4400.0
2017-10-05 15:52:00,107.31,107.325,107.31,107.325,1600.0
2017-10-05 15:53:00,107.26,107.31,107.26,107.31,3000.0
2017-10-05 15:54:00,107.24,107.26,107.23,107.26,2635.0
2017-10-05 15:55:00,107.3,107.33,107.23,107.23,10740.0
2017-10-05 15:56:00,107.3201,107.33,107.3,107.31,2726.0
2017-10-05 15:57:00,107.3799,107.39,107.32,107.32,4224.0
2017-10-05 15:58:00,107.33,107.375,107.32,107.37,9794.0
2017-10-05 15:59:00,107.38,107.39,107.34,107.35,7393.0
2017-10-05 16:00:00,107.41,107.41,107.35,107.37,7924.0
2017-10-06 09:33:00,106.45,107.33,106.45,106.52,19656.0
2017-10-06 09:34:00,106.0,106.49,106.0,106.4601,12488.0
2017-10-06 09:35:00,105.86,106.23,105.82,106.23,3459.0
2017-10-06 09:37:00,106.1176,106.1176,106.1176,106.1176,208.0
2017-10-06 09:38:00,106.1051,106.11,105.95,106.05,5310.0
2017-10-06 09:39:00,106.0,106.11,105.93,106.11,300.0
2017-10-06 09:41:00,105.7684,106.02,105.5,106.01,10700.0
2017-10-06 09:43:00,105.74,105.74,105.6,105.735,386.0
2017-10-06 09:44:00,105.76,105.88,105.69,105.775,3670.0
2017-10-06 09:45:00,105.62,105.825,105.62,105.825,1611.0
2017-10-06 09:46:00,105.76,105.795,105.67,105.72,2010.0
2017-10-06 09:47:00,105.54,105.76,105.54,105.76,5600.0
2017-10-06 09:48:00,105.554,105.64,105.554,105.64,5200.0
2017-10-06 09:49:00,105.54,105.5734,105.54,105.55,1876.0
2017-10-06 09:50:00,105.52,105.54,105.52,105.54,400.0
2017-10-06 09:51:00,105.4,105.53,105.4,105.53,3600.0
2017-10-06 09:52:00,105.435,105.53,105.37,105.41,24727.0
2017-10-06 09:53:00,105.45,105.45,105.45,105.45,100.0
2017-10-06 09:54:00,105.25,105.46,105.25,105.46,3423.0
2017-10-06 09:55:00,105.23,105.31,105.23,105.31,2400.0
2017-10-06 09:56:00,105.12,105.35,105.12,105.34,7318.0
2017-10-06 09:57:00,105.16,105.22,105.16,105.175,1200.0
2017-10-06 09:58:00,105.15,105.26,105.06,105.16,11372.0
2017-10-06 09:59:00,105.185,105.24,105.12,105.14,9000.0
2017-10-06 10:00:00,105.22,105.24,105.1822,105.185,22021.0
2017-10-06 10:01:00,105.325,105.325,105.24,105.26,700.0
2017-10-06 10:02:00,105.21,105.33,105.12,105.33,3209.0
2017-10-06 10:03:00,105.22,105.23,105.16,105.21,1332.0
2017-10-06 10:04:00,105.24,105.24,105.17,105.18,1200.0
2017-10-06 10:05:00,105.16,105.23,105.16,105.2,1500.0
2017-10-06 10:06:00,105.21,105.22,105.16,105.16,3300.0
2017-10-06 10:07:00,105.225,105.325,105.2,105.24,7719.0
2017-10-06 10:08:00,105.27,105.295,105.25,105.25,1220.0
2017-10-06 10:09:00,105.18,105.29,105.18,105.29,23964.0
2017-10-06 10:10:00,105.125,105.2,105.07,105.16,7143.0
2017-10-06 10:11:00,105.21,105.23,105.12,105.16,85069.0
2017-10-06 10:12:00,105.32,105.34,105.2,105.23,31702.0
2017-10-06 10:13:00,105.31,105.38,105.28,105.32,13200.0
2017-10-06 10:14:00,105.34,105.36,105.25,105.31,5162.0
2017-10-06 10:15:00,105.33,105.34,105.31,105.34,400.0
2017-10-06 10:16:00,105.3,105.33,105.28,105.33,900.0
2017-10-06 10:17:00,105.3,105.31,105.285,105.29,2300.0
2017-10-06 10:18:00,105.16,105.32,105.16,105.3,4267.0
2017-10-06 10:19:00,104.86,105.18,104.86,105.16,5110.0
2017-10-06 10:20:00,104.94,104.94,104.87,104.87,2199.0
2017-10-06 10:21:00,104.98,104.98,104.9,104.97,1000.0
2017-10-06 10:22:00,104.74,104.96,104.68,104.96,4804.0
2017-10-06 10:23:00,104.86,104.86,104.81,104.81,1800.0
2017-10-06 10:24:00,104.79,104.87,104.79,104.86,1700.0
2017-10-06 10:25:00,104.39,104.775,104.23,104.775,26514.0
2017-10-06 10:26:00,104.58,104.58,104.36,104.4031,4934.0
2017-10-06 10:27:00,104.705,104.705,104.58,104.58,2669.0
2017-10-06 10:28:00,104.6,104.68,104.6,104.66,4575.0
2017-10-06 10:29:00,104.57,104.6015,104.57,104.6,600.0
2017-10-06 10:30:00,104.5099,104.6,104.47,104.5701,4748.0
2017-10-06 10:31:00,104.465,104.48,104.359,104.44,8266.0
2017-10-06 10:32:00,104.45,104.51,104.45,104.4635,4072.0
2017-10-06 10:33:00,104.46,104.46,104.34,104.45,4417.0
2017-10-06 10:34:00,104.505,104.53,104.46,104.46,1000.0
2017-10-06 10:35:00,104.32,104.515,104.32,104.49,7900.0
2017-10-06 10:36:00,104.265,104.35,104.23,104.33,3396.0
2017-10-06 10:37:00,104.38,104.38,104.27,104.28,50189.0
2017-10-06 10:38:00,104.24,104.34,104.22,104.34,10904.0
2017-10-06 10:39:00,104.15,104.275,104.07,104.275,91494.0
2017-10-06 10:40:00,104.1,104.22,104.06,104.16,8828.0
2017-10-06 10:41:00,104.125,104.19,104.1,104.12,5400.0
2017-10-06 10:42:00,104.19,104.19,104.12,104.12,33870.0
2017-10-06 10:43:00,104.68,104.68,104.19,104.2,5472.0
2017-10-06 10:44:00,104.71,104.82,104.65,104.69,6713.0
2017-10-06 10:45:00,104.56,104.61,104.56,104.61,600.0
2017-10-06 10:46:00,104.6,104.6,104.59,104.59,550.0
2017-10-06 10:47:00,104.59,104.67,104.59,104.66,600.0
2017-10-06 10:48:00,104.74,104.74,104.65,104.65,1369.0
2017-10-06 10:49:00,104.5,104.78,104.5,104.76,4900.0
2017-10-06 10:50:00,104.26,104.49,104.17,104.49,2794.0
2017-10-06 10:51:00,104.23,104.29,104.23,104.28,1000.0
2017-10-06 10:52:00,104.32,104.32,104.32,104.32,100.0
2017-10-06 10:53:00,104.1585,104.37,104.1,104.33,2395.0
2017-10-06 10:54:00,104.2,104.2,104.2,104.2,100.0
2017-10-06 10:56:00,103.99,104.1,103.85,104.1,7650.0
2017-10-06 10:57:00,104.0196,104.04,104.0196,104.03,2800.0
2017-10-06 10:58:00,103.89,104.11,103.89,104.06200000000001,3013.0
2017-10-06 11:00:00,104.04,104.04,103.98,103.98,1100.0
2017-10-06 11:01:00,104.005,104.005,103.92,103.97,2000.0
2017-10-06 11:02:00,103.97,103.99,103.91,103.96,1800.0
2017-10-06 11:03:00,103.94,103.97,103.93,103.97,1100.0
2017-10-06 11:04:00,103.98,103.98,103.95,103.95,600.0
2017-10-06 11:05:00,103.9899,103.9899,103.9899,103.9899,302.0
2017-10-06 11:06:00,104.0,104.05,103.99,103.99,1600.0
2017-10-06 11:08:00,103.93,104.04,103.88,104.04,3900.0
2017-10-06 11:09:00,104.01,104.01,103.98,103.98,900.0
2017-10-06 11:10:00,104.09,104.09,104.02,104.02,1200.0
2017-10-06 11:11:00,104.08,104.08,104.08,104.08,100.0
2017-10-06 11:12:00,103.85,104.03,103.811,104.03,8789.0
2017-10-06 11:13:00,103.94,103.98,103.94,103.95,300.0
2017-10-06 11:14:00,103.77,103.945,103.77,103.92,7962.0
2017-10-06 11:15:00,103.85,103.88,103.84,103.85,800.0
2017-10-06 11:16:00,103.64,103.81,103.56,103.81,6091.0
2017-10-06 11:17:00,103.77,103.77,103.73,103.73,1184.0
2017-10-06 11:18:00,103.67,103.75,103.67,103.75,1500.0
2017-10-06 11:19:00,103.79,103.79,103.6733,103.7,1966.0
2017-10-06 11:20:00,103.75,103.75,103.67,103.75,1564.0
2017-10-06 11:21:00,103.76,103.86,103.76,103.78,3799.0
2017-10-06 11:22:00,103.75,103.82,103.7,103.82,1590.0
2017-10-06 11:23:00,103.7,103.7,103.7,103.7,100.0
2017-10-06 11:24:00,103.6,103.72,103.6,103.69,8675.0
2017-10-06 11:25:00,103.6333,103.66,103.58,103.6,6358.0
2017-10-06 11:26:00,103.81,103.81,103.64,103.64,1995.0
2017-10-06 11:27:00,103.78,103.85,103.78,103.8281,2151.0
2017-10-06 11:28:00,103.81299999999999,103.88,103.78,103.805,4668.0
2017-10-06 11:29:00,103.88,103.88,103.82,103.83,1318.0
2017-10-06 11:30:00,104.1,104.1,103.9,103.9,6059.0
2017-10-06 11:31:00,104.09,104.13,104.05,104.08,3313.0
2017-10-06 11:32:00,104.04,104.18,103.97,104.1,12216.0
2017-10-06 11:33:00,104.03,104.145,103.89,104.145,3400.0
2017-10-06 11:34:00,104.01,104.02,104.01,104.02,500.0
2017-10-06 11:35:00,104.02,104.02,104.0,104.0,800.0
2017-10-06 11:36:00,104.11,104.11,104.06,104.06,621.0
2017-10-06 11:37:00,104.09,104.11,104.09,104.11,400.0
2017-10-06 11:38:00,104.18,104.18,104.09,104.09,1100.0
2017-10-06 11:39:00,104.08,104.18,104.08,104.18,2500.0
2017-10-06 11:40:00,104.07,104.07,104.0,104.07,2589.0
2017-10-06 11:41:00,104.06,104.1,104.06,104.07,1118.0
2017-10-06 11:42:00,104.14,104.14,104.09,104.09,700.0
2017-10-06 11:43:00,104.16,104.18,104.11,104.18,2800.0
2017-10-06 11:44:00,104.13,104.2,104.12,104.12,8203.0
2017-10-06 11:45:00,104.219,104.219,104.14,104.14,400.0
2017-10-06 11:46:00,104.27,104.27,104.22,104.22,700.0
2017-10-06 11:47:00,104.27,104.28,104.21,104.28,2250.0
2017-10-06 11:48:00,104.19,104.25,104.19,104.25,1526.0
2017-10-06 11:49:00,104.19,104.23,104.15,104.23,1320.0
2017-10-06 11:50:00,104.21,104.21,104.1762,104.1762,200.0
2017-10-06 11:51:00,104.195,104.21,104.195,104.21,200.0
2017-10-06 11:52:00,104.22,104.24,104.17,104.21,2580.0
2017-10-06 11:53:00,104.2,104.21,104.17,104.18,1200.0
2017-10-06 11:54:00,104.21,104.21,104.17,104.18,1200.0
2017-10-06 11:55:00,104.3,104.3,104.209,104.209,1971.0
2017-10-06 11:56:00,104.3,104.31,104.27,104.28,800.0
2017-10-06 11:57:00,104.31,104.31,104.31,104.31,100.0
2017-10-06 11:58:00,104.41,104.41,104.33,104.33,1170.0
2017-10-06 11:59:00,104.34,104.385,104.27,104.385,3508.0
2017-10-06 12:00:00,104.25,104.3,104.25,104.3,718.0
2017-10-06 12:01:00,104.1,104.25,104.02,104.25,3300.0
2017-10-06 12:02:00,104.14,104.14,104.12,104.14,700.0
2017-10-06 12:03:00,104.23,104.23,104.18,104.18,700.0
2017-10-06 12:05:00,103.921,104.23,103.921,104.23,3211.0
2017-10-06 12:06:00,104.08,104.08,103.99,104.0,1000.0
2017-10-06 12:07:00,104.07,104.07,104.0,104.0,200.0
2017-10-06 12:08:00,104.08,104.08,104.0,104.01,2498.0
2017-10-06 12:09:00,104.04,104.06,104.01,104.06,800.0
2017-10-06 12:10:00,104.1,104.14,104.04,104.04,3241.0
2017-10-06 12:11:00,104.11,104.25,104.11,104.13,2292.0
2017-10-06 12:12:00,104.07,104.14,104.05,104.12,3200.0
2017-10-06 12:13:00,104.03,104.06,104.03,104.06,400.0
2017-10-06 12:14:00,104.08,104.15,104.07,104.07,1118.0
2017-10-06 12:15:00,104.1,104.11,104.08,104.11,600.0
2017-10-06 12:17:00,104.18,104.18,104.13,104.13,482.0
2017-10-06 12:18:00,104.01,104.2,104.01,104.2,3400.0
2017-10-06 12:19:00,104.05,104.05,104.02,104.02,200.0
2017-10-06 12:20:00,103.97,104.05,103.97,104.05,1000.0
2017-10-06 12:21:00,103.95,104.03,103.95,104.03,1000.0
2017-10-06 12:22:00,104.01,104.01,104.0,104.0,550.0
2017-10-06 12:23:00,103.99,104.01,103.99,104.01,1100.0
2017-10-06 12:24:00,104.07,104.07,104.03,104.03,418.0
2017-10-06 12:25:00,104.12,104.12,104.11,104.11,218.0
2017-10-06 12:26:00,104.04,104.12,104.02,104.12,2600.0
2017-10-06 12:27:00,103.97,104.06,103.97,104.06,2250.0
2017-10-06 12:28:00,104.0,104.0,104.0,104.0,200.0
2017-10-06 12:29:00,104.06,104.06,104.03,104.03,200.0
2017-10-06 12:30:00,104.0,104.04,103.95,104.04,3401.0
2017-10-06 12:31:00,103.94,103.97,103.94,103.97,1724.0
2017-10-06 12:32:00,103.89,103.93,103.89,103.93,1600.0
2017-10-06 12:33:00,103.95,103.95,103.93,103.93,1100.0
2017-10-06 12:34:00,103.94,103.99,103.94,103.94,974.0
2017-10-06 12:36:00,104.0,104.0,103.96,103.96,300.0
2017-10-06 12:37:00,104.01,104.01,103.985,104.0,975.0
2017-10-06 12:38:00,103.99,104.03,103.99,104.02,6352.0
2017-10-06 12:39:00,104.0,104.0,103.96,103.99,2125.0
2017-10-06 12:40:00,103.99,104.04,103.99,104.03,1326.0
2017-10-06 12:41:00,104.01,104.01,104.009,104.009,1200.0
2017-10-06 12:42:00,103.99,104.02,103.99,104.02,1800.0
2017-10-06 12:43:00,103.96,103.9982,103.96,103.9982,2400.0
2017-10-06 12:44:00,104.04,104.15,103.97,103.9999,12825.0
2017-10-06 12:45:00,104.13,104.14,104.02,104.02,20888.0
2017-10-06 12:46:00,104.23,104.23,104.12,104.149,20797.0
2017-10-06 12:47:00,104.235,104.38,104.2,104.23,21422.0
2017-10-06 12:48:00,104.2588,104.2588,104.2,104.2,753.0
2017-10-06 12:49:00,104.31,104.3497,104.26,104.26,871.0
2017-10-06 12:50:00,104.31,104.31,104.27,104.27,700.0
2017-10-06 12:51:00,104.345,104.35,104.3,104.3199,1000.0
2017-10-06 12:52:00,104.3301,104.3499,104.2901,104.3233,5068.0
2017-10-06 12:53:00,104.27,104.31,104.26,104.31,3938.0
2017-10-06 12:54:00,104.3,104.31,104.26,104.26,600.0
2017-10-06 12:55:00,104.32,104.32,104.32,104.32,300.0
2017-10-06 12:56:00,104.26,104.38,104.25,104.3,8339.0
2017-10-06 13:00:00,104.24,104.34,104.24,104.34,1948.0
2017-10-06 13:01:00,104.325,104.34,104.28,104.28,1479.0
2017-10-06 13:02:00,104.35,104.35,104.35,104.35,100.0
2017-10-06 13:03:00,104.4,104.4,104.34,104.34,1602.0
2017-10-06 13:04:00,104.4,104.4,104.4,104.4,200.0
2017-10-06 13:05:00,104.24,104.38,104.2,104.38,5800.0
2017-10-06 13:06:00,104.24,104.25,104.225,104.225,2830.0
2017-10-06 13:07:00,104.14,104.25,104.14,104.25,3100.0
2017-10-06 13:08:00,104.12,104.13,104.09,104.13,2000.0
2017-10-06 13:09:00,104.13,104.13,104.13,104.13,300.0
2017-10-06 13:10:00,104.06,104.1,104.03,104.09,2100.0
2017-10-06 13:11:00,104.09,104.09,104.065,104.065,500.0
2017-10-06 13:12:00,104.1,104.12,104.08,104.12,1400.0
2017-10-06 13:13:00,104.12,104.12,104.06,104.1,2143.0
2017-10-06 13:14:00,104.17,104.17,104.13,104.13,1259.0
2017-10-06 13:15:00,104.16,104.18,104.11,104.18,1400.0
2017-10-06 13:16:00,104.1867,104.21,104.13,104.19,3581.0
2017-10-06 13:17:00,104.13,104.15,104.13,104.15,600.0
2017-10-06 13:18:00,104.21,104.21,104.12,104.12,800.0
2017-10-06 13:19:00,104.22,104.225,104.18,104.225,2300.0
2017-10-06 13:20:00,104.18,104.21,104.18,104.21,1600.0
2017-10-06 13:21:00,104.19,104.24,104.18,104.19,5054.0
2017-10-06 13:22:00,104.26,104.295,104.21,104.22,21065.0
2017-10-06 13:23:00,104.24,104.2884,104.24,104.26,10008.0
2017-10-06 13:24:00,104.24,104.24,104.24,104.24,300.0
2017-10-06 13:25:00,104.27,104.29,104.25,104.265,2700.0
2017-10-06 13:26:00,104.24,104.27,104.24,104.25,3177.0
2017-10-06 13:27:00,104.25,104.25,104.23,104.23,900.0
2017-10-06 13:28:00,104.22,104.23,104.22,104.23,2200.0
2017-10-06 13:29:00,104.22,104.22,104.22,104.22,100.0
2017-10-06 13:31:00,104.22,104.26,104.22,104.26,400.0
2017-10-06 13:32:00,104.22,104.26,104.22,104.24,1256.0
2017-10-06 13:33:00,104.07,104.23,104.04,104.22,6108.0
2017-10-06 13:34:00,104.2,104.2,104.08,104.08,1942.0
2017-10-06 13:35:00,104.18,104.18,104.18,104.18,400.0
2017-10-06 13:36:00,104.15,104.16,104.15,104.16,1400.0
2017-10-06 13:37:00,104.17,104.17,104.17,104.17,100.0
2017-10-06 13:39:00,104.17,104.17,104.13,104.17,1780.0
2017-10-06 13:40:00,104.16,104.2,104.13,104.13,1664.0
2017-10-06 13:41:00,104.1,104.175,104.1,104.175,3900.0
2017-10-06 13:42:00,104.1,104.1,104.06,104.1,900.0
2017-10-06 13:43:00,104.131,104.15,104.11,104.13,1100.0
2017-10-06 13:44:00,104.07,104.13,104.01,104.13,17629.0
2017-10-06 13:45:00,104.14,104.14,104.11,104.11,1600.0
2017-10-06 13:46:00,104.14,104.16,104.14,104.16,510.0
2017-10-06 13:47:00,104.12,104.13,104.09,104.13,1500.0
2017-10-06 13:48:00,104.17,104.22,104.16,104.16,2950.0
2017-10-06 13:50:00,104.1,104.17,104.1,104.17,3599.0
2017-10-06 13:51:00,104.15,104.181,104.15,104.15,1900.0
2017-10-06 13:52:00,104.14,104.19,104.1,104.19,4203.0
2017-10-06 13:53:00,104.24,104.24,104.1494,104.1494,424.0
2017-10-06 13:54:00,104.16,104.24,104.16,104.24,1716.0
2017-10-06 13:55:00,104.165,104.19,104.15,104.19,919.0
2017-10-06 13:56:00,104.19,104.19,104.19,104.19,400.0
2017-10-06 13:57:00,103.89,104.18,103.89,104.18,11462.0
2017-10-06 13:58:00,103.93,104.02,103.89,103.89,4032.0
2017-10-06 14:00:00,103.88,103.92,103.82,103.92,1600.0
2017-10-06 14:01:00,103.93,104.06,103.89,103.89,691.0
2017-10-06 14:02:00,103.85,103.9572,103.82,103.9572,2900.0
2017-10-06 14:04:00,103.85,103.85,103.83,103.85,1800.0
2017-10-06 14:05:00,103.82,103.84,103.8,103.83,6852.0
2017-10-06 14:06:00,103.76,103.79,103.76,103.79,3240.0
2017-10-06 14:07:00,103.73,103.75,103.73,103.75,833.0
2017-10-06 14:08:00,103.81,103.81,103.755,103.77,700.0
2017-10-06 14:09:00,103.87,103.87,103.8,103.8,1300.0
2017-10-06 14:10:00,103.9,103.9,103.87,103.87,400.0
2017-10-06 14:11:00,103.95,104.0,103.91,103.91,4191.0
2017-10-06 14:12:00,103.96,103.97,103.92,103.94,1800.0
2017-10-06 14:13:00,103.99,103.99,103.98,103.98,400.0
2017-10-06 14:14:00,104.01,104.05,104.01,104.05,2940.0
2017-10-06 14:15:00,103.93,104.0134,103.93,104.0134,5524.0
2017-10-06 14:16:00,103.96,103.96,103.9317,103.94,2000.0
2017-10-06 14:17:00,103.95,104.0,103.93,103.93,2934.0
2017-10-06 14:18:00,103.95,103.95,103.95,103.95,100.0
2017-10-06 14:19:00,103.94,103.95,103.91,103.95,1900.0
2017-10-06 14:20:00,103.92,103.92,103.89,103.92,1700.0
2017-10-06 14:21:00,103.9,103.93,103.9,103.9124,600.0
2017-10-06 14:22:00,103.87,103.95,103.87,103.93,2099.0
2017-10-06 14:24:00,103.78,103.91,103.78,103.91,3900.0
2017-10-06 14:26:00,103.78,103.83,103.78,103.8,2600.0
2017-10-06 14:27:00,103.74,103.775,103.74,103.775,3200.0
2017-10-06 14:28:00,103.765,103.78,103.76,103.76,700.0
2017-10-06 14:29:00,103.77,103.79,103.75,103.78,2300.0
2017-10-06 14:30:00,103.76,103.7786,103.71,103.7786,6000.0
2017-10-06 14:31:00,103.76,103.82,103.76,103.77,4050.0
2017-10-06 14:32:00,103.8,103.8,103.77,103.78,300.0
2017-10-06 14:33:00,103.74,103.81,103.74,103.8,6128.0
2017-10-06 14:34:00,103.77,103.79,103.77,103.77,1200.0
2017-10-06 14:35:00,103.765,103.765,103.765,103.765,300.0
2017-10-06 14:36:00,103.87,103.87,103.79,103.79,2040.0
2017-10-06 14:38:00,103.85,103.91,103.85,103.91,3900.0
2017-10-06 14:39:00,103.91,103.91,103.89,103.89,1300.0
2017-10-06 14:40:00,103.99,103.99,103.93,103.96,600.0
2017-10-06 14:41:00,104.09,104.09,103.99,103.99,2062.0
2017-10-06 14:42:00,103.99,104.1,103.99,104.0989,5108.0
2017-10-06 14:43:00,103.92,103.99,103.92,103.99,2000.0
2017-10-06 14:44:00,103.91,103.97,103.91,103.95,4364.0
2017-10-06 14:45:00,103.88,103.91,103.86,103.91,2502.0
2017-10-06 14:47:00,103.86,103.92,103.86,103.92,4000.0
2017-10-06 14:48:00,103.84,103.84,103.84,103.84,500.0
2017-10-06 14:50:00,103.89,103.95,103.83,103.83,18319.0
2017-10-06 14:51:00,103.92,103.92,103.92,103.92,300.0
2017-10-06 14:52:00,103.94,103.95,103.92,103.92,3450.0
2017-10-06 14:53:00,103.95,103.95,103.9,103.93,2400.0
2017-10-06 14:54:00,103.77,103.95,103.77,103.92,8718.0
2017-10-06 14:55:00,103.84,103.84,103.75,103.75,800.0
2017-10-06 14:56:00,103.92,103.96,103.84,103.84,1500.0
2017-10-06 14:58:00,103.86,103.95,103.86,103.92,5597.0
2017-10-06 14:59:00,103.9,103.92,103.86,103.87,8911.0
2017-10-06 15:00:00,103.925,103.925,103.9,103.9,700.0
2017-10-06 15:01:00,103.79,103.9,103.79,103.9,5830.0
2017-10-06 15:02:00,103.85,103.88,103.825,103.85,843.0
2017-10-06 15:03:00,103.82,103.85,103.82,103.85,1600.0
2017-10-06 15:04:00,103.79,103.79,103.79,103.79,100.0
2017-10-06 15:06:00,103.81,103.87,103.81,103.84,5998.0
2017-10-06 15:07:00,103.8,103.81,103.78,103.81,2533.0
2017-10-06 15:08:00,103.76,103.81,103.76,103.7701,1250.0
2017-10-06 15:09:00,103.78,103.82,103.78,103.8,3317.0
2017-10-06 15:10:00,103.75,103.8,103.75,103.7841,800.0
2017-10-06 15:11:00,103.73,103.76,103.73,103.75,2720.0
2017-10-06 15:12:00,103.71,103.74,103.71,103.73,4478.0
2017-10-06 15:13:00,103.71,103.74,103.7,103.7,900.0
2017-10-06 15:14:00,103.71,103.74,103.7,103.71,2350.0
2017-10-06 15:15:00,103.765,103.77,103.71,103.71,4801.0
2017-10-06 15:16:00,103.7,103.78,103.7,103.76,4961.0
2017-10-06 15:17:00,103.68,103.7,103.68,103.69,2876.0
2017-10-06 15:18:00,103.61,103.69,103.61,103.68,5953.0
2017-10-06 15:19:00,103.65,103.665,103.62,103.62,2100.0
2017-10-06 15:20:00,103.6,103.6612,103.6,103.64,2663.0
2017-10-06 15:21:00,103.58,103.61,103.57,103.6,5524.0
2017-10-06 15:22:00,103.58,103.59,103.57,103.58,6500.0
2017-10-06 15:23:00,103.43,103.6,103.41,103.58,27157.0
2017-10-06 15:24:00,103.46,103.485,103.43,103.43,3895.0
2017-10-06 15:25:00,103.41,103.46,103.41,103.42,3000.0
2017-10-06 15:26:00,103.4,103.44,103.32,103.4,9489.0
2017-10-06 15:27:00,103.42,103.43,103.39,103.41,4150.0
2017-10-06 15:28:00,103.4299,103.4299,103.4,103.42,2715.0
2017-10-06 15:29:00,103.35,103.425,103.315,103.425,6078.0
2017-10-06 15:30:00,103.23,103.33,103.23,103.32,7988.0
2017-10-06 15:31:00,103.3,103.3,103.23,103.23,7891.0
2017-10-06 15:32:00,103.32,103.33,103.3,103.3,2832.0
2017-10-06 15:33:00,103.24,103.33,103.21,103.33,14171.0
2017-10-06 15:34:00,103.38,103.3999,103.23,103.23,4710.0
2017-10-06 15:35:00,103.46,103.46,103.395,103.4,4495.0
2017-10-06 15:36:00,103.405,103.4449,103.39,103.42,8223.0
2017-10-06 15:37:00,103.405,103.43,103.4,103.405,4739.0
2017-10-06 15:38:00,103.465,103.47,103.405,103.405,4676.0
2017-10-06 15:39:00,103.47,103.5,103.45,103.465,9690.0
2017-10-06 15:40:00,103.5,103.53,103.485,103.485,5832.0
2017-10-06 15:41:00,103.52,103.52,103.48,103.48,3100.0
2017-10-06 15:42:00,103.51,103.52,103.46,103.52,8346.0
2017-10-06 15:43:00,103.5,103.52,103.5,103.51,6133.0
2017-10-06 15:44:00,103.49,103.5,103.46,103.5,5844.0
2017-10-06 15:45:00,103.47,103.48,103.47,103.48,6319.0
2017-10-06 15:46:00,103.51,103.52,103.44,103.46,8374.0
2017-10-06 15:47:00,103.49,103.51,103.49,103.5,5484.0
2017-10-06 15:48:00,103.525,103.53,103.49,103.49,4571.0
2017-10-06 15:49:00,103.56,103.56,103.525,103.525,9321.0
2017-10-06 15:50:00,103.54,103.59,103.54,103.54,13672.0
2017-10-06 15:51:00,103.57,103.57,103.53,103.535,7216.0
2017-10-06 15:52:00,103.54,103.57,103.54,103.56,7531.0
2017-10-06 15:53:00,103.57,103.57,103.54,103.54,9105.0
2017-10-06 15:54:00,103.61,103.61,103.56,103.5699,5132.0
2017-10-06 15:55:00,103.62,103.63,103.59,103.61,17734.0
2017-10-06 15:56:00,103.62,103.62,103.58,103.61,7353.0
2017-10-06 15:57:00,103.64,103.65,103.6,103.6,7299.0
2017-10-06 15:58:00,103.7,103.72,103.64,103.645,24973.0
2017-10-06 15:59:00,103.75,103.76,103.7,103.7,24152.0
2017-10-06 16:00:00,103.74,103.8,103.74,103.75,42843.0
2017-10-09 09:30:00,103.75,103.75,103.75,103.75,6454.0
2017-10-09 09:31:00,103.865,103.93,103.75,103.93,1273.0
2017-10-09 09:32:00,103.73,103.8348,103.69,103.8348,4450.0
2017-10-09 09:33:00,103.81,103.81,103.81,103.81,100.0
2017-10-09 09:34:00,103.7,103.74,103.6901,103.6901,305.0
2017-10-09 09:35:00,103.83,103.83,103.82,103.82,555.0
2017-10-09 09:36:00,104.0,104.06,103.875,103.89,1600.0
2017-10-09 09:37:00,103.98,104.07,103.98,104.0,1200.0
2017-10-09 09:38:00,103.94,104.01,103.9,103.98,3284.0
2017-10-09 09:39:00,103.85,103.86,103.85,103.86,1000.0
2017-10-09 09:41:00,103.8318,103.84,103.8318,103.84,300.0
2017-10-09 09:43:00,103.89,103.89,103.89,103.89,390.0
2017-10-09 09:44:00,103.97,103.98,103.88,103.88,1000.0
2017-10-09 09:45:00,103.9399,103.9399,103.9399,103.9399,200.0
2017-10-09 09:46:00,103.84,103.89,103.83,103.885,1500.0
2017-10-09 09:48:00,103.86,103.89,103.86,103.89,500.0
2017-10-09 09:49:00,103.87,103.89,103.82,103.86,1505.0
2017-10-09 09:51:00,103.76,103.8,103.72,103.8,1600.0
2017-10-09 09:52:00,103.82,103.82,103.74,103.74,800.0
2017-10-09 09:53:00,103.8369,103.8369,103.825,103.825,558.0
2017-10-09 09:54:00,103.86,103.86,103.84,103.84,200.0
2017-10-09 09:55:00,103.86,103.89,103.86,103.88,700.0
2017-10-09 09:56:00,103.92,103.92,103.86,103.86,200.0
2017-10-09 09:57:00,103.905,103.91,103.905,103.91,300.0
2017-10-09 09:58:00,103.87,103.96,103.87,103.95,900.0
2017-10-09 09:59:00,103.87,103.93,103.87,103.93,300.0
2017-10-09 10:00:00,103.9,103.91,103.9,103.91,400.0
2017-10-09 10:01:00,104.02,104.02,103.91,103.94,1000.0
2017-10-09 10:02:00,104.1,104.1,104.03,104.03,2500.0
2017-10-09 10:03:00,104.16,104.285,104.11,104.11,7213.0
2017-10-09 10:04:00,104.26,104.28,104.23,104.23,400.0
2017-10-09 10:05:00,104.285,104.29,104.21,104.25,4971.0
2017-10-09 10:06:00,104.2,104.24,104.2,104.24,700.0
2017-10-09 10:07:00,104.19,104.19,104.19,104.19,100.0
2017-10-09 10:08:00,104.14,104.21,104.14,104.19,2130.0
2017-10-09 10:09:00,104.13,104.13,104.13,104.13,100.0
2017-10-09 10:10:00,104.07,104.13,104.07,104.13,700.0
2017-10-09 10:11:00,104.0625,104.08,104.04,104.07,900.0
2017-10-09 10:12:00,104.09,104.09,104.03,104.03,1400.0
2017-10-09 10:13:00,104.05,104.09,104.05,104.09,700.0
2017-10-09 10:14:00,104.015,104.0464,104.015,104.0464,662.0
2017-10-09 10:15:00,104.01,104.05,104.0,104.015,5258.0
2017-10-09 10:16:00,103.96,104.0,103.91,104.0,1832.0
2017-10-09 10:17:00,104.04,104.04,103.94,103.94,2400.0
2017-10-09 10:18:00,104.035,104.035,104.035,104.035,200.0
2017-10-09 10:19:00,104.01,104.01,103.97,104.01,832.0
2017-10-09 10:20:00,104.03,104.03,104.01,104.01,800.0
2017-10-09 10:21:00,104.0,104.04,104.0,104.04,551.0
2017-10-09 10:22:00,104.0475,104.06,104.02,104.03,1100.0
2017-10-09 10:23:00,104.03,104.05,104.0,104.05,2400.0
2017-10-09 10:24:00,104.0,104.025,104.0,104.025,300.0
2017-10-09 10:26:00,104.01,104.025,104.01,104.025,200.0
2017-10-09 10:27:00,104.04,104.04,104.04,104.04,200.0
2017-10-09 10:28:00,104.05,104.05,104.04,104.04,300.0
2017-10-09 10:29:00,103.99,104.045,103.97,104.045,1732.0
2017-10-09 10:30:00,104.0,104.005,104.0,104.0,400.0
2017-10-09 10:31:00,103.97,103.99,103.97,103.9824,400.0
2017-10-09 10:32:00,103.97,103.98,103.96,103.96,400.0
2017-10-09 10:33:00,103.98,104.01,103.965,103.98,7702.0
2017-10-09 10:34:00,104.015,104.03,103.975,103.975,2431.0
2017-10-09 10:35:00,104.015,104.0238,104.015,104.0238,1250.0
2017-10-09 10:36:00,104.035,104.04,104.0146,104.015,7146.0
2017-10-09 10:37:00,104.045,104.06,104.035,104.035,3050.0
2017-10-09 10:38:00,104.06,104.06,104.06,104.06,294.0
2017-10-09 10:39:00,104.05,104.06,104.05,104.0597,361.0
2017-10-09 10:41:00,103.985,104.05,103.98,104.03,5844.0
2017-10-09 10:42:00,103.985,103.985,103.985,103.985,300.0
2017-10-09 10:43:00,103.96,103.97,103.95,103.96,869.0
2017-10-09 10:44:00,103.96,103.98,103.94,103.96,1267.0
2017-10-09 10:45:00,103.95,103.95,103.94,103.94,200.0
2017-10-09 10:46:00,103.97,103.97,103.96,103.97,676.0
2017-10-09 10:47:00,103.95,103.9797,103.95,103.9797,960.0
2017-10-09 10:48:00,103.955,103.955,103.955,103.955,200.0
2017-10-09 10:49:00,103.94,103.955,103.94,103.955,200.0
2017-10-09 10:51:00,103.99,104.0,103.94,103.94,3800.0
2017-10-09 10:52:00,104.0,104.02,103.995,104.02,700.0
2017-10-09 10:53:00,104.0,104.03,104.0,104.03,1100.0
2017-10-09 10:55:00,104.02,104.04,104.0,104.0,1900.0
2017-10-09 10:56:00,104.04,104.04,104.03,104.03,1500.0
2017-10-09 10:57:00,104.0,104.04,104.0,104.03,2200.0
2017-10-09 10:58:00,103.97,103.99,103.97,103.99,800.0
2017-10-09 10:59:00,104.0,104.0,103.99,103.99,1320.0
2017-10-09 11:00:00,104.005,104.04,104.005,104.03,400.0
2017-10-09 11:01:00,104.03,104.03,104.03,104.03,850.0
2017-10-09 11:02:00,104.051,104.051,104.035,104.035,600.0
2017-10-09 11:03:00,104.0321,104.0321,104.0321,104.0321,199.0
2017-10-09 11:04:00,104.01,104.01,104.01,104.01,100.0
2017-10-09 11:05:00,104.07,104.07,104.04,104.06,2149.0
2017-10-09 11:06:00,104.09,104.09,104.06,104.06,2151.0
2017-10-09 11:07:00,104.05,104.08,104.04,104.04,6544.0
2017-10-09 11:08:00,104.05,104.05,104.04,104.04,300.0
2017-10-09 11:09:00,104.03,104.03,104.02,104.03,300.0
2017-10-09 11:10:00,104.0,104.0,104.0,104.0,100.0
2017-10-09 11:11:00,104.03,104.03,104.0,104.0,300.0
2017-10-09 11:12:00,104.03,104.03,104.03,104.03,200.0
2017-10-09 11:13:00,104.05,104.05,104.01,104.01,400.0
2017-10-09 11:14:00,104.05,104.05,104.05,104.05,100.0
2017-10-09 11:15:00,104.05,104.05,104.05,104.05,200.0
2017-10-09 11:16:00,104.035,104.05,104.035,104.05,200.0
2017-10-09 11:17:00,104.07,104.07,104.035,104.05,842.0
2017-10-09 11:18:00,104.06,104.09,104.06,104.065,3027.0
2017-10-09 11:19:00,104.06,104.06,104.05,104.05,400.0
2017-10-09 11:21:00,104.07,104.08,104.06,104.08,900.0
2017-10-09 11:22:00,104.08,104.08,104.08,104.08,100.0
2017-10-09 11:23:00,104.075,104.08,104.075,104.08,300.0
2017-10-09 11:24:00,104.07,104.07,104.06,104.07,900.0
2017-10-09 11:25:00,104.055,104.0675,104.055,104.06,600.0
2017-10-09 11:26:00,104.01,104.05,104.01,104.05,910.0
2017-10-09 11:29:00,104.04,104.04,104.03,104.03,800.0
2017-10-09 11:30:00,104.05,104.05,104.05,104.05,100.0
2017-10-09 11:31:00,104.09,104.09,104.08,104.08,200.0
2017-10-09 11:32:00,104.08,104.08,104.08,104.08,100.0
2017-10-09 11:33:00,104.1,104.1,104.09,104.09,800.0
2017-10-09 11:34:00,104.0796,104.0796,104.0796,104.0796,200.0
2017-10-09 11:35:00,104.11,104.13,104.09,104.1,879.0
2017-10-09 11:36:00,104.08,104.12,104.08,104.12,2000.0
2017-10-09 11:37:00,104.07,104.08,104.07,104.08,600.0
2017-10-09 11:40:00,104.0441,104.08,104.04,104.08,2550.0
2017-10-09 11:41:00,104.11,104.11,104.0441,104.0441,1400.0
2017-10-09 11:42:00,104.13,104.13,104.13,104.13,100.0
2017-10-09 11:43:00,104.14,104.14,104.14,104.14,100.0
2017-10-09 11:44:00,104.1,104.1,104.1,104.1,530.0
2017-10-09 11:45:00,104.11,104.11,104.11,104.11,500.0
2017-10-09 11:46:00,104.15,104.15,104.15,104.15,100.0
2017-10-09 11:47:00,104.14,104.14,104.14,104.14,200.0
2017-10-09 11:48:00,104.12,104.14,104.1,104.14,600.0
2017-10-09 11:49:00,104.06,104.1159,104.06,104.1159,1605.0
2017-10-09 11:50:00,104.07,104.07,104.05,104.05,900.0
2017-10-09 11:51:00,104.11,104.11,104.08,104.08,600.0
2017-10-09 11:52:00,104.11,104.11,104.11,104.11,100.0
2017-10-09 11:53:00,104.15,104.15,104.1,104.11,700.0
2017-10-09 11:54:00,104.16,104.16,104.15,104.15,407.0
2017-10-09 11:55:00,104.12,104.13,104.1,104.13,603.0
2017-10-09 11:56:00,104.13,104.13,104.08,104.09,600.0
2017-10-09 11:57:00,104.12,104.12,104.1056,104.1056,500.0
2017-10-09 11:58:00,104.19,104.19,104.14,104.14,1920.0
2017-10-09 11:59:00,104.19,104.19,104.19,104.19,100.0
2017-10-09 12:00:00,104.2,104.2,104.19,104.19,300.0
2017-10-09 12:02:00,104.18,104.18,104.16,104.18,2500.0
2017-10-09 12:04:00,104.12,104.15,104.11,104.15,810.0
2017-10-09 12:05:00,104.13,104.13,104.12,104.12,700.0
2017-10-09 12:07:00,104.15,104.15,104.15,104.15,200.0
2017-10-09 12:08:00,104.115,104.15,104.1,104.15,925.0
2017-10-09 12:09:00,104.115,104.115,104.1,104.115,300.0
2017-10-09 12:10:00,104.06,104.1,104.06,104.1,1000.0
2017-10-09 12:11:00,104.1,104.1,104.06,104.08,400.0
2017-10-09 12:12:00,104.0,104.09,104.0,104.09,1300.0
2017-10-09 12:13:00,104.0,104.01,104.0,104.01,300.0
2017-10-09 12:14:00,104.01,104.01,104.01,104.01,100.0
2017-10-09 12:15:00,104.01,104.02,103.99,104.02,600.0
2017-10-09 12:16:00,104.05,104.05,103.98,103.98,1425.0
2017-10-09 12:17:00,104.07,104.07,104.03,104.03,1130.0
2017-10-09 12:18:00,104.06,104.07,104.055,104.055,600.0
2017-10-09 12:19:00,104.06,104.06,104.06,104.06,100.0
2017-10-09 12:20:00,104.09,104.09,104.06,104.0603,343.0
2017-10-09 12:21:00,104.11,104.11,104.09,104.09,200.0
2017-10-09 12:22:00,104.11,104.11,104.11,104.11,100.0
2017-10-09 12:23:00,104.06,104.08,104.06,104.08,1100.0
2017-10-09 12:24:00,104.07,104.07,104.07,104.07,100.0
2017-10-09 12:25:00,104.09,104.09,104.07,104.07,300.0
2017-10-09 12:26:00,104.1,104.1,104.1,104.1,381.0
2017-10-09 12:28:00,104.0904,104.13,104.071,104.071,3640.0
2017-10-09 12:29:00,104.12,104.12,104.09200000000001,104.09200000000001,1339.0
2017-10-09 12:30:00,104.12,104.12,104.12,104.12,100.0
2017-10-09 12:31:00,104.15,104.15,104.12,104.12,1000.0
2017-10-09 12:32:00,104.1432,104.19,104.1432,104.15,1050.0
2017-10-09 12:33:00,104.12,104.16,104.12,104.16,1957.0
2017-10-09 12:34:00,104.11,104.12,104.11,104.12,300.0
2017-10-09 12:36:00,104.13,104.13,104.11,104.11,400.0
2017-10-09 12:38:00,104.15,104.15,104.14,104.1435,1500.0
2017-10-09 12:40:00,104.19,104.19,104.19,104.19,200.0
2017-10-09 12:41:00,104.2,104.2,104.1832,104.2,500.0
2017-10-09 12:42:00,104.16,104.17,104.16,104.17,300.0
2017-10-09 12:43:00,104.2,104.2,104.2,104.2,200.0
2017-10-09 12:44:00,104.21,104.21,104.21,104.21,100.0
2017-10-09 12:45:00,104.21,104.21,104.21,104.21,300.0
2017-10-09 12:46:00,104.21,104.21,104.16,104.16,1400.0
2017-10-09 12:47:00,104.25,104.25,104.21,104.22,1615.0
2017-10-09 12:48:00,104.25,104.25,104.25,104.25,100.0
2017-10-09 12:49:00,104.26,104.26,104.26,104.26,100.0
2017-10-09 12:51:00,104.28,104.28,104.26,104.26,400.0
2017-10-09 12:53:00,104.27,104.3,104.27,104.3,1800.0
2017-10-09 12:54:00,104.28,104.28,104.28,104.28,100.0
2017-10-09 12:55:00,104.3,104.3,104.29,104.29,200.0
2017-10-09 12:56:00,104.26,104.28,104.26,104.271,600.0
2017-10-09 12:58:00,104.25,104.26,104.25,104.26,700.0
2017-10-09 12:59:00,104.27,104.27,104.27,104.27,300.0
2017-10-09 13:00:00,104.25,104.27,104.25,104.27,400.0
2017-10-09 13:01:00,104.23,104.25,104.23,104.24,900.0
2017-10-09 13:03:00,104.24,104.25,104.22,104.22,876.0
2017-10-09 13:04:00,104.21,104.26,104.21,104.26,1207.0
2017-10-09 13:06:00,104.24,104.24,104.24,104.24,200.0
2017-10-09 13:07:00,104.25,104.25,104.25,104.25,100.0
2017-10-09 13:08:00,104.28,104.28,104.28,104.28,200.0
2017-10-09 13:10:00,104.25,104.28,104.25,104.26,1100.0
2017-10-09 13:11:00,104.23,104.23,104.23,104.23,100.0
2017-10-09 13:12:00,104.23899999999999,104.23899999999999,104.23899999999999,104.23899999999999,5000.0
2017-10-09 13:13:00,104.25,104.26,104.25,104.26,501.0
2017-10-09 13:15:00,104.31,104.32,104.28,104.28,2731.0
2017-10-09 13:16:00,104.31,104.31,104.31,104.31,300.0
2017-10-09 13:18:00,104.325,104.34,104.31,104.34,1200.0
2017-10-09 13:19:00,104.3,104.3,104.3,104.3,200.0
2017-10-09 13:20:00,104.29,104.29,104.29,104.29,100.0
2017-10-09 13:21:00,104.29,104.29,104.29,104.29,100.0
2017-10-09 13:22:00,104.32,104.32,104.32,104.32,200.0
2017-10-09 13:23:00,104.3,104.3,104.3,104.3,100.0
2017-10-09 13:24:00,104.31,104.32,104.31,104.32,200.0
2017-10-09 13:25:00,104.32,104.32,104.32,104.32,100.0
2017-10-09 13:26:00,104.33,104.33,104.315,104.33,940.0
2017-10-09 13:27:00,104.3,104.3,104.3,104.3,500.0
2017-10-09 13:29:00,104.32,104.32,104.31,104.31,446.0
2017-10-09 13:31:00,104.29,104.32,104.29,104.32,600.0
2017-10-09 13:32:00,104.2928,104.2928,104.2928,104.2928,283.0
2017-10-09 13:34:00,104.28,104.29,104.26,104.28,1601.0
2017-10-09 13:35:00,104.28,104.28,104.26,104.27,600.0
2017-10-09 13:36:00,104.26,104.26,104.26,104.26,2000.0
2017-10-09 13:37:00,104.28,104.28,104.26,104.26,663.0
2017-10-09 13:38:00,104.29,104.3,104.29,104.3,500.0
2017-10-09 13:39:00,104.26,104.28,104.25,104.28,4450.0
2017-10-09 13:40:00,104.21,104.25,104.2,104.25,1300.0
2017-10-09 13:41:00,104.25,104.25,104.25,104.25,1618.0
2017-10-09 13:42:00,104.16,104.24,104.16,104.24,3000.0
2017-10-09 13:43:00,104.17,104.17,104.15,104.15,404.0
2017-10-09 13:45:00,104.18,104.19,104.15,104.15,1586.0
2017-10-09 13:46:00,104.19,104.19,104.19,104.19,100.0
2017-10-09 13:47:00,104.19,104.19,104.19,104.19,100.0
2017-10-09 13:48:00,104.16,104.18,104.16,104.18,300.0
2017-10-09 13:49:00,104.18,104.18,104.18,104.18,293.0
2017-10-09 13:50:00,104.19,104.19,104.19,104.19,400.0
2017-10-09 13:51:00,104.19,104.2,104.18,104.2,400.0
2017-10-09 13:52:00,104.19,104.19,104.18,104.18,600.0
2017-10-09 13:53:00,104.2,104.2,104.2,104.2,300.0
2017-10-09 13:54:00,104.2,104.2,104.2,104.2,300.0
2017-10-09 13:55:00,104.2,104.22,104.2,104.22,200.0
2017-10-09 13:56:00,104.18,104.19,104.18,104.19,1000.0
2017-10-09 13:57:00,104.12,104.16,104.12,104.16,800.0
2017-10-09 13:58:00,104.14,104.14,104.1,104.1,775.0
2017-10-09 14:00:00,104.19,104.19,104.17,104.17,531.0
2017-10-09 14:03:00,104.14,104.16,104.14,104.16,1410.0
2017-10-09 14:05:00,104.12,104.14,104.12,104.14,500.0
2017-10-09 14:06:00,104.12,104.12,104.12,104.12,100.0
2017-10-09 14:07:00,104.09,104.1,104.07,104.1,1301.0
2017-10-09 14:09:00,104.12,104.12,104.12,104.12,100.0
2017-10-09 14:11:00,104.095,104.095,104.095,104.095,100.0
2017-10-09 14:12:00,104.08,104.08,104.06,104.08,700.0
2017-10-09 14:13:00,104.05,104.05,104.05,104.05,400.0
2017-10-09 14:14:00,104.08,104.08,104.07,104.07,795.0
2017-10-09 14:16:00,104.11,104.11,104.095,104.095,300.0
2017-10-09 14:17:00,104.07,104.085,104.05,104.085,1700.0
2017-10-09 14:19:00,104.09,104.1,104.08,104.08,1400.0
2017-10-09 14:20:00,104.06,104.1,104.05,104.1,2706.0
2017-10-09 14:21:00,104.08,104.08,104.08,104.08,300.0
2017-10-09 14:22:00,104.07,104.07,104.07,104.07,200.0
2017-10-09 14:23:00,104.06,104.09,104.06,104.09,574.0
2017-10-09 14:24:00,104.04,104.06,104.04,104.06,200.0
2017-10-09 14:25:00,104.05,104.05,104.05,104.05,500.0
2017-10-09 14:26:00,104.01,104.06,104.01,104.035,600.0
2017-10-09 14:27:00,104.035,104.06,104.035,104.06,200.0
2017-10-09 14:28:00,104.05,104.05,104.035,104.035,257.0
2017-10-09 14:29:00,104.09,104.09,104.06,104.06,900.0
2017-10-09 14:30:00,104.09,104.09,104.09,104.09,100.0
2017-10-09 14:31:00,104.06,104.06,104.06,104.06,700.0
2017-10-09 14:32:00,104.06,104.08,104.06,104.06,2143.0
2017-10-09 14:33:00,104.07,104.08,104.07,104.08,1939.0
2017-10-09 14:34:00,104.11,104.15,104.08,104.09,2591.0
2017-10-09 14:35:00,104.085,104.12,104.08,104.11,1650.0
2017-10-09 14:36:00,104.06,104.085,104.05,104.085,1200.0
2017-10-09 14:37:00,104.08,104.1,104.06,104.07,1100.0
2017-10-09 14:38:00,104.09,104.09,104.09,104.09,200.0
2017-10-09 14:40:00,104.08,104.08,104.08,104.08,100.0
2017-10-09 14:41:00,104.08,104.08,104.08,104.08,100.0
2017-10-09 14:42:00,104.15,104.15,104.1,104.1,2832.0
2017-10-09 14:43:00,104.15,104.15,104.15,104.15,100.0
2017-10-09 14:45:00,104.14,104.14,104.12,104.12,1700.0
2017-10-09 14:46:00,104.14,104.145,104.13,104.145,600.0
2017-10-09 14:47:00,104.145,104.16,104.145,104.15,300.0
2017-10-09 14:48:00,104.17,104.17,104.15,104.16,2000.0
2017-10-09 14:49:00,104.14,104.2,104.14,104.2,2100.0
2017-10-09 14:50:00,104.115,104.1383,104.115,104.13,595.0
2017-10-09 14:51:00,104.13,104.13,104.11,104.11,600.0
2017-10-09 14:52:00,104.12,104.12,104.12,104.12,400.0
2017-10-09 14:53:00,104.13,104.13,104.13,104.13,100.0
2017-10-09 14:54:00,104.15,104.15,104.15,104.15,100.0
2017-10-09 14:55:00,104.1322,104.1322,104.1322,104.1322,150.0
2017-10-09 14:56:00,104.1,104.16,104.1,104.16,1700.0
2017-10-09 14:57:00,104.125,104.125,104.11,104.11,969.0
2017-10-09 14:58:00,104.12,104.13,104.12,104.13,1560.0
2017-10-09 15:00:00,104.14,104.14,104.125,104.125,600.0
2017-10-09 15:02:00,104.15,104.15,104.12,104.14,3094.0
2017-10-09 15:03:00,104.08,104.12,104.08,104.12,1482.0
2017-10-09 15:04:00,104.08,104.08,104.06,104.06,300.0
2017-10-09 15:05:00,104.08,104.08,104.06,104.06,300.0
2017-10-09 15:06:00,104.0,104.075,104.0,104.07,2175.0
2017-10-09 15:07:00,104.0,104.02,104.0,104.02,500.0
2017-10-09 15:08:00,104.01,104.01,104.01,104.01,500.0
2017-10-09 15:09:00,104.01,104.01,103.99,103.99,600.0
2017-10-09 15:10:00,103.98,103.98,103.98,103.98,100.0
2017-10-09 15:11:00,103.96,103.98,103.96,103.98,500.0
2017-10-09 15:12:00,103.94,103.94,103.94,103.94,100.0
2017-10-09 15:13:00,103.89,103.95,103.89,103.94,1700.0
2017-10-09 15:14:00,103.85,103.89,103.85,103.89,635.0
2017-10-09 15:15:00,103.9,103.9,103.85,103.85,1200.0
2017-10-09 15:16:00,103.93,103.93,103.92,103.92,500.0
2017-10-09 15:17:00,103.9101,103.93,103.91,103.93,464.0
2017-10-09 15:18:00,103.95,103.95,103.93,103.93,800.0
2017-10-09 15:19:00,103.91,103.95,103.91,103.95,2607.0
2017-10-09 15:20:00,103.89,103.91,103.89,103.91,1000.0
2017-10-09 15:21:00,103.89,103.9,103.89,103.9,300.0
2017-10-09 15:22:00,103.9,103.91,103.9,103.91,1800.0
2017-10-09 15:23:00,103.91,103.91,103.9,103.9,1522.0
2017-10-09 15:24:00,103.94,103.94,103.9,103.9,1500.0
2017-10-09 15:25:00,103.96,103.96,103.95,103.95,608.0
2017-10-09 15:26:00,103.97,103.97,103.96,103.97,874.0
2017-10-09 15:27:00,103.98,103.98,103.98,103.98,700.0
2017-10-09 15:28:00,103.98,103.99,103.98,103.99,400.0
2017-10-09 15:29:00,103.9,103.97,103.9,103.97,3100.0
2017-10-09 15:30:00,103.95,103.95,103.91,103.91,1117.0
2017-10-09 15:31:00,103.97,103.97,103.92,103.94,2600.0
2017-10-09 15:32:00,103.93,103.98,103.93,103.96,1800.0
2017-10-09 15:33:00,103.97,103.979,103.93,103.93,344.0
2017-10-09 15:34:00,103.95,103.95,103.95,103.95,1000.0
2017-10-09 15:35:00,103.91,103.94,103.91,103.94,1730.0
2017-10-09 15:36:00,103.98,103.98,103.89,103.9,2475.0
2017-10-09 15:37:00,103.98,103.99,103.98,103.98,2206.0
2017-10-09 15:38:00,103.97,104.0,103.96,103.98,2378.0
2017-10-09 15:39:00,103.99,103.99,103.98,103.98,200.0
2017-10-09 15:40:00,103.97,104.0,103.97,103.99,2945.0
2017-10-09 15:41:00,103.98,103.98,103.93,103.95,1300.0
2017-10-09 15:42:00,103.99,103.99,103.98,103.98,1100.0
2017-10-09 15:43:00,103.96,103.995,103.96,103.995,2280.0
2017-10-09 15:44:00,103.99,103.99,103.97,103.97,1410.0
2017-10-09 15:45:00,103.975,103.98,103.96,103.98,2976.0
2017-10-09 15:46:00,103.97,103.98,103.97,103.98,3554.0
2017-10-09 15:47:00,103.97,103.98,103.97,103.98,500.0
2017-10-09 15:48:00,103.96,103.98,103.96,103.96,400.0
2017-10-09 15:49:00,103.99,103.99,103.96,103.96,2109.0
2017-10-09 15:50:00,104.02,104.02,103.97,103.99,2771.0
2017-10-09 15:51:00,104.08,104.09,104.03,104.05,10048.0
2017-10-09 15:52:00,104.03,104.09,104.0,104.09,4402.0
2017-10-09 15:53:00,104.05,104.05,104.02,104.02,400.0
2017-10-09 15:54:00,104.09,104.09,104.02,104.02,2400.0
2017-10-09 15:55:00,104.12,104.13,104.08,104.08,2520.0
2017-10-09 15:56:00,104.11,104.14,104.1,104.1244,5489.0
2017-10-09 15:57:00,104.16,104.16,104.11,104.12,1911.0
2017-10-09 15:58:00,104.16,104.16,104.13,104.15,4768.0
2017-10-09 15:59:00,104.13,104.16,104.12,104.14,6967.0
2017-10-09 16:00:00,104.16,104.18,104.13,104.15,9891.0
2017-10-10 09:30:00,105.99,105.99,105.97,105.97,10718.0
2017-10-10 09:31:00,105.6687,105.94,105.6687,105.74,4391.0
2017-10-10 09:32:00,105.43,105.82,105.32,105.51,5550.0
2017-10-10 09:33:00,105.62200000000001,105.63,105.15,105.3,4700.0
2017-10-10 09:34:00,105.21,105.28,105.17,105.17,2100.0
2017-10-10 09:35:00,105.22,105.24,104.91,105.21,5040.0
2017-10-10 09:36:00,105.12,105.26,104.92,104.93,4900.0
2017-10-10 09:37:00,105.26,105.26,105.0,105.09,13200.0
2017-10-10 09:38:00,105.2,105.275,105.1,105.17,8874.0
2017-10-10 09:40:00,105.31,105.31,105.145,105.29,400.0
2017-10-10 09:41:00,105.33,105.39,105.24,105.275,1194.0
2017-10-10 09:42:00,105.315,105.44,105.29,105.31,1663.0
2017-10-10 09:43:00,105.44,105.54,105.39,105.39,1600.0
2017-10-10 09:44:00,105.44,105.44,105.4375,105.44,300.0
2017-10-10 09:46:00,105.48,105.53,105.48,105.52,300.0
2017-10-10 09:47:00,105.29,105.46,105.28,105.41,3210.0
2017-10-10 09:48:00,105.41,105.425,105.29,105.295,700.0
2017-10-10 09:49:00,105.32,105.38,105.32,105.38,200.0
2017-10-10 09:50:00,105.32,105.32,105.25,105.25,800.0
2017-10-10 09:51:00,105.255,105.255,105.22,105.23,1400.0
2017-10-10 09:52:00,104.94,105.23,104.94,105.23,1500.0
2017-10-10 09:53:00,104.855,104.98,104.83,104.94,2800.0
2017-10-10 09:57:00,104.98,104.98,104.92,104.92,1100.0
2017-10-10 09:58:00,104.84,104.94,104.84,104.94,1500.0
2017-10-10 09:59:00,104.98,104.98,104.7701,104.7701,2704.0
2017-10-10 10:00:00,104.88,104.96,104.88,104.96,600.0
2017-10-10 10:01:00,104.84,104.95,104.835,104.95,1600.0
2017-10-10 10:02:00,104.8199,104.8937,104.8199,104.8937,871.0
2017-10-10 10:03:00,104.86,104.86,104.785,104.785,3826.0
2017-10-10 10:04:00,104.86,104.87,104.86,104.87,300.0
2017-10-10 10:05:00,104.95,104.95,104.87,104.87,1400.0
2017-10-10 10:06:00,105.045,105.05,105.03,105.03,700.0
2017-10-10 10:07:00,104.905,104.99,104.9,104.99,2300.0
2017-10-10 10:08:00,104.82,104.88,104.82,104.85,1800.0
2017-10-10 10:09:00,104.81,104.83,104.81,104.82,600.0
2017-10-10 10:11:00,104.77,104.795,104.75,104.78,1500.0
2017-10-10 10:12:00,104.63,104.72,104.62,104.72,2404.0
2017-10-10 10:13:00,104.62,104.65,104.61,104.61,1700.0
2017-10-10 10:14:00,104.6,104.6,104.58,104.58,500.0
2017-10-10 10:15:00,104.53,104.58,104.51,104.54,1100.0
2017-10-10 10:16:00,104.52,104.54,104.5,104.52,2200.0
2017-10-10 10:17:00,104.4452,104.5296,104.4452,104.5,2100.0
2017-10-10 10:18:00,104.57,104.57,104.4605,104.48,4345.0
2017-10-10 10:20:00,104.62,104.62,104.62,104.62,500.0
2017-10-10 10:21:00,104.5,104.6,104.48,104.57,2893.0
2017-10-10 10:22:00,104.58,104.58,104.58,104.58,200.0
2017-10-10 10:23:00,104.57,104.57,104.47,104.5201,1300.0
2017-10-10 10:24:00,104.45,104.57,104.44,104.5,4410.0
2017-10-10 10:25:00,104.42,104.42,104.42,104.42,100.0
2017-10-10 10:26:00,104.45,104.48,104.44,104.46,2800.0
2017-10-10 10:27:00,104.4,104.445,104.4,104.42,600.0
2017-10-10 10:28:00,104.41,104.41,104.38,104.39,500.0
2017-10-10 10:29:00,104.42,104.5,104.41,104.41,4547.0
2017-10-10 10:30:00,104.5,104.5,104.48,104.48,500.0
2017-10-10 10:32:00,104.505,104.505,104.48,104.49,600.0
2017-10-10 10:33:00,104.6175,104.6175,104.48,104.48,1650.0
2017-10-10 10:34:00,104.55,104.55,104.55,104.55,100.0
2017-10-10 10:38:00,104.52,104.5701,104.52,104.5701,1100.0
2017-10-10 10:39:00,104.45,104.49,104.45,104.49,869.0
2017-10-10 10:40:00,104.4,104.45,104.4,104.45,700.0
2017-10-10 10:41:00,104.37,104.37,104.37,104.37,300.0
2017-10-10 10:42:00,104.38,104.38,104.38,104.38,100.0
2017-10-10 10:43:00,104.38,104.45,104.38,104.38,6000.0
2017-10-10 10:44:00,104.275,104.38,104.21,104.38,5010.0
2017-10-10 10:45:00,104.16,104.29,104.16,104.28,5475.0
2017-10-10 10:47:00,104.13,104.21,104.07,104.21,3907.0
2017-10-10 10:49:00,104.09,104.16,104.09,104.15,3500.0
2017-10-10 10:50:00,104.08,104.09,104.06,104.09,1839.0
2017-10-10 10:51:00,104.1,104.16,104.1,104.11,4272.0
2017-10-10 10:52:00,104.2,104.2,104.09,104.12200000000001,2456.0
2017-10-10 10:53:00,104.44,104.44,104.2,104.2126,3661.0
2017-10-10 10:54:00,104.38,104.4425,104.38,104.4,2729.0
2017-10-10 10:55:00,104.48,104.48,104.47,104.47,508.0
2017-10-10 10:56:00,104.5,104.5,104.48,104.48,1100.0
2017-10-10 10:57:00,104.64,104.64,104.52,104.57,1200.0
2017-10-10 10:58:00,104.63,104.63,104.52,104.56,5100.0
2017-10-10 10:59:00,104.64,104.64,104.58,104.58,280.0
2017-10-10 11:00:00,104.655,104.655,104.6,104.63,1400.0
2017-10-10 11:01:00,104.56,104.62,104.56,104.62,1700.0
2017-10-10 11:02:00,104.5,104.565,104.48,104.565,3100.0
2017-10-10 11:03:00,104.56,104.56,104.51,104.53,2388.0
2017-10-10 11:04:00,104.62,104.62,104.56,104.56,300.0
2017-10-10 11:05:00,104.62,104.62,104.62,104.62,100.0
2017-10-10 11:07:00,104.61,104.64,104.58,104.62,1300.0
2017-10-10 11:08:00,104.63,104.63,104.59,104.59,1438.0
2017-10-10 11:09:00,104.54,104.6,104.53,104.6,2538.0
2017-10-10 11:10:00,104.57,104.57,104.57,104.57,500.0
2017-10-10 11:11:00,104.588,104.63,104.588,104.63,300.0
2017-10-10 11:12:00,104.57,104.61,104.56,104.57,2000.0
2017-10-10 11:13:00,104.54,104.57,104.54,104.57,400.0
2017-10-10 11:15:00,104.6,104.6,104.6,104.6,100.0
2017-10-10 11:16:00,104.54,104.57,104.54,104.57,600.0
2017-10-10 11:17:00,104.575,104.575,104.575,104.575,100.0
2017-10-10 11:18:00,104.69,104.69,104.58,104.6,2825.0
2017-10-10 11:19:00,104.62,104.66,104.62,104.66,1100.0
2017-10-10 11:21:00,104.62,104.62,104.61,104.62,600.0
2017-10-10 11:23:00,104.57,104.57,104.57,104.57,100.0
2017-10-10 11:25:00,104.52,104.61,104.52,104.61,1600.0
2017-10-10 11:26:00,104.455,104.52,104.455,104.5,1700.0
2017-10-10 11:27:00,104.45,104.47,104.43,104.47,950.0
2017-10-10 11:28:00,104.44,104.4765,104.44,104.4593,2050.0
2017-10-10 11:30:00,104.44,104.44,104.44,104.44,200.0
2017-10-10 11:31:00,104.6,104.6,104.48,104.48,3381.0
2017-10-10 11:32:00,104.65,104.65,104.6,104.6,300.0
2017-10-10 11:33:00,104.65,104.65,104.625,104.625,200.0
2017-10-10 11:34:00,104.65,104.65,104.64,104.64,500.0
2017-10-10 11:35:00,104.63,104.63,104.63,104.63,100.0
2017-10-10 11:36:00,104.7,104.7,104.6,104.63,4962.0
2017-10-10 11:37:00,104.73,104.73,104.61,104.61,3375.0
2017-10-10 11:38:00,104.735,104.79,104.7,104.735,3700.0
2017-10-10 11:39:00,104.735,104.76,104.71,104.76,400.0
2017-10-10 11:40:00,104.7,104.76,104.7,104.7,1400.0
2017-10-10 11:41:00,104.69,104.69,104.69,104.69,100.0
2017-10-10 11:42:00,104.79,104.79,104.74,104.74,900.0
2017-10-10 11:43:00,104.78,104.78,104.78,104.78,100.0
2017-10-10 11:44:00,104.795,104.83,104.78,104.83,430.0
2017-10-10 11:45:00,104.77,104.77,104.77,104.77,200.0
2017-10-10 11:46:00,104.76,104.76,104.75,104.75,200.0
2017-10-10 11:47:00,104.655,104.75,104.61,104.75,2463.0
2017-10-10 11:48:00,104.65,104.65,104.65,104.65,300.0
2017-10-10 11:49:00,104.65,104.65,104.65,104.65,200.0
2017-10-10 11:50:00,104.67,104.7,104.67,104.69,843.0
2017-10-10 11:51:00,104.75,104.75,104.67,104.67,1847.0
2017-10-10 11:52:00,104.68,104.7325,104.68,104.72,1845.0
2017-10-10 11:53:00,104.6,104.74,104.6,104.68,5586.0
2017-10-10 11:54:00,104.6,104.61,104.57,104.5975,1901.0
2017-10-10 11:55:00,104.59,104.59,104.59,104.59,300.0
2017-10-10 11:56:00,104.56,104.56,104.56,104.56,200.0
2017-10-10 11:57:00,104.6,104.6,104.56,104.56,700.0
2017-10-10 11:58:00,104.59,104.65,104.59,104.65,400.0
2017-10-10 11:59:00,104.64,104.64,104.55,104.61,583.0
2017-10-10 12:00:00,104.67,104.67,104.64,104.65,500.0
2017-10-10 12:01:00,104.71,104.71,104.64,104.64,700.0
2017-10-10 12:02:00,104.72,104.72,104.66,104.66,300.0
2017-10-10 12:03:00,104.61,104.71,104.61,104.705,2600.0
2017-10-10 12:04:00,104.58,104.6,104.58,104.6,200.0
2017-10-10 12:05:00,104.78,104.79,104.595,104.62,2200.0
2017-10-10 12:06:00,104.72,104.77,104.72,104.77,600.0
2017-10-10 12:07:00,104.72,104.72,104.67,104.67,300.0
2017-10-10 12:08:00,104.74,104.74,104.74,104.74,100.0
2017-10-10 12:09:00,104.73,104.78,104.73,104.78,200.0
2017-10-10 12:10:00,104.77,104.77,104.73,104.73,200.0
2017-10-10 12:11:00,104.73,104.76,104.73,104.76,600.0
2017-10-10 12:12:00,104.74,104.77,104.74,104.77,300.0
2017-10-10 12:14:00,104.75,104.75,104.72,104.72,300.0
2017-10-10 12:15:00,104.72,104.72,104.72,104.72,300.0
2017-10-10 12:16:00,104.73,104.75,104.73,104.75,200.0
2017-10-10 12:18:00,104.75,104.75,104.71,104.71,559.0
2017-10-10 12:19:00,104.73,104.73,104.73,104.73,100.0
2017-10-10 12:20:00,104.74,104.77,104.73,104.77,1100.0
2017-10-10 12:21:00,104.77,104.77,104.75,104.75,303.0
2017-10-10 12:22:00,104.7642,104.7648,104.74,104.74,600.0
2017-10-10 12:23:00,104.78,104.79,104.74,104.74,1410.0
2017-10-10 12:24:00,104.74,104.82,104.74,104.82,800.0
2017-10-10 12:25:00,104.7301,104.7579,104.73,104.7309,729.0
2017-10-10 12:26:00,104.73,104.755,104.73,104.755,200.0
2017-10-10 12:27:00,104.705,104.75,104.69,104.71,2200.0
2017-10-10 12:28:00,104.7,104.7,104.7,104.7,100.0
2017-10-10 12:30:00,104.72,104.72,104.7,104.7,600.0
2017-10-10 12:31:00,104.73,104.74,104.71,104.73,1000.0
2017-10-10 12:32:00,104.74,104.76,104.73,104.73,700.0
2017-10-10 12:33:00,104.72,104.77,104.68,104.77,3000.0
2017-10-10 12:34:00,104.68,104.6975,104.66,104.6975,900.0
2017-10-10 12:35:00,104.61,104.65,104.6,104.65,1100.0
2017-10-10 12:36:00,104.62,104.63,104.62,104.63,200.0
2017-10-10 12:37:00,104.63,104.63,104.63,104.63,100.0
2017-10-10 12:38:00,104.62,104.63,104.62,104.63,400.0
2017-10-10 12:39:00,104.61,104.61,104.61,104.61,100.0
2017-10-10 12:41:00,104.59,104.61,104.59,104.61,1200.0
2017-10-10 12:42:00,104.63,104.66,104.63,104.63,1441.0
2017-10-10 12:44:00,104.63,104.64,104.63,104.64,500.0
2017-10-10 12:45:00,104.65,104.65,104.64,104.64,792.0
2017-10-10 12:46:00,104.61,104.6593,104.61,104.65,910.0
2017-10-10 12:47:00,104.6,104.65,104.6,104.65,1400.0
2017-10-10 12:49:00,104.61,104.61,104.59,104.6,1200.0
2017-10-10 12:50:00,104.58,104.61,104.58,104.61,200.0
2017-10-10 12:51:00,104.62,104.62,104.62,104.62,100.0
2017-10-10 12:52:00,104.6148,104.65,104.6,104.65,500.0
2017-10-10 12:54:00,104.72,104.72,104.6,104.6,1320.0
2017-10-10 12:55:00,104.68,104.71,104.67,104.67,825.0
2017-10-10 12:56:00,104.74,104.74,104.69,104.74,300.0
2017-10-10 12:58:00,104.72,104.72,104.72,104.72,100.0
2017-10-10 12:59:00,104.7917,104.7917,104.76,104.76,1200.0
2017-10-10 13:00:00,104.81,104.81,104.79,104.79,503.0
2017-10-10 13:01:00,104.7917,104.7917,104.77,104.78,1921.0
2017-10-10 13:02:00,104.82,104.82,104.77,104.77,900.0
2017-10-10 13:03:00,104.79,104.83,104.79,104.82,1184.0
2017-10-10 13:04:00,104.78,104.8,104.77,104.79,715.0
2017-10-10 13:05:00,104.69,104.7675,104.69,104.76,800.0
2017-10-10 13:06:00,104.69,104.69,104.67,104.67,600.0
2017-10-10 13:09:00,104.69,104.69,104.69,104.69,612.0
2017-10-10 13:10:00,104.71,104.71,104.71,104.71,440.0
2017-10-10 13:11:00,104.74,104.74,104.7,104.7,200.0
2017-10-10 13:12:00,104.73,104.76,104.72,104.74,700.0
2017-10-10 13:13:00,104.72,104.72,104.72,104.72,200.0
2017-10-10 13:14:00,104.74,104.74,104.7,104.7,200.0
2017-10-10 13:15:00,104.71,104.74,104.7,104.71,2758.0
2017-10-10 13:16:00,104.7,104.71,104.7,104.71,525.0
2017-10-10 13:17:00,104.67,104.71,104.67,104.71,900.0
2017-10-10 13:18:00,104.67,104.7,104.67,104.69,500.0
2017-10-10 13:20:00,104.68,104.68,104.67,104.68,1500.0
2017-10-10 13:21:00,104.68,104.68,104.68,104.68,100.0
2017-10-10 13:22:00,104.64,104.64,104.64,104.64,100.0
2017-10-10 13:23:00,104.65,104.65,104.62,104.64,1100.0
2017-10-10 13:24:00,104.64,104.64,104.64,104.64,100.0
2017-10-10 13:26:00,104.62,104.62,104.62,104.62,300.0
2017-10-10 13:27:00,104.62,104.62,104.6,104.6,1442.0
2017-10-10 13:28:00,104.62,104.62,104.61,104.61,200.0
2017-10-10 13:29:00,104.59,104.6,104.58,104.6,800.0
2017-10-10 13:30:00,104.57,104.58,104.57,104.58,200.0
2017-10-10 13:32:00,104.58,104.6,104.57,104.57,1000.0
2017-10-10 13:33:00,104.57,104.6,104.56,104.56,557.0
2017-10-10 13:34:00,104.56,104.56,104.56,104.56,100.0
2017-10-10 13:35:00,104.62,104.62,104.6,104.6,700.0
2017-10-10 13:36:00,104.67,104.67,104.6,104.6,400.0
2017-10-10 13:37:00,104.64,104.66,104.63,104.66,1300.0
2017-10-10 13:38:00,104.72,104.72,104.65,104.65,600.0
2017-10-10 13:39:00,104.72,104.72,104.72,104.72,200.0
2017-10-10 13:40:00,104.76,104.76,104.75,104.75,200.0
2017-10-10 13:41:00,104.76,104.79,104.76,104.79,700.0
2017-10-10 13:42:00,104.77,104.78,104.77,104.78,1100.0
2017-10-10 13:43:00,104.76,104.77,104.76,104.77,400.0
2017-10-10 13:44:00,104.77,104.78,104.77,104.78,922.0
2017-10-10 13:45:00,104.73,104.76,104.72,104.76,1923.0
2017-10-10 13:46:00,104.78,104.78,104.77,104.77,300.0
2017-10-10 13:48:00,104.73,104.76,104.73,104.76,400.0
2017-10-10 13:49:00,104.72,104.72,104.72,104.72,100.0
2017-10-10 13:50:00,104.71,104.72,104.71,104.72,381.0
2017-10-10 13:51:00,104.72,104.72,104.68,104.68,800.0
2017-10-10 13:52:00,104.74,104.74,104.74,104.74,100.0
2017-10-10 13:53:00,104.73,104.75,104.73,104.75,700.0
2017-10-10 13:54:00,104.75,104.75,104.75,104.75,100.0
2017-10-10 13:55:00,104.77,104.77,104.73,104.73,400.0
2017-10-10 13:56:00,104.75,104.765,104.75,104.75,1201.0
2017-10-10 13:57:00,104.79,104.79,104.77,104.77,1020.0
2017-10-10 13:58:00,104.76,104.77,104.76,104.77,980.0
2017-10-10 14:00:00,104.74,104.755,104.72,104.75,1820.0
2017-10-10 14:01:00,104.75,104.75,104.71,104.71,600.0
2017-10-10 14:02:00,104.745,104.745,104.7409,104.7409,600.0
2017-10-10 14:04:00,104.73,104.73,104.72,104.72,330.0
2017-10-10 14:05:00,104.74,104.78,104.74,104.75,1500.0
2017-10-10 14:06:00,104.76,104.76,104.76,104.76,100.0
2017-10-10 14:07:00,104.76,104.76,104.76,104.76,100.0
2017-10-10 14:08:00,104.76,104.76,104.73,104.73,900.0
2017-10-10 14:09:00,104.775,104.78,104.74,104.76,1900.0
2017-10-10 14:10:00,104.76,104.76,104.76,104.76,100.0
2017-10-10 14:11:00,104.76,104.77,104.76,104.77,305.0
2017-10-10 14:12:00,104.76,104.76,104.74,104.75,2300.0
2017-10-10 14:13:00,104.74,104.78,104.74,104.78,200.0
2017-10-10 14:14:00,104.74,104.77,104.74,104.77,700.0
2017-10-10 14:15:00,104.7,104.73299999999999,104.7,104.73299999999999,200.0
2017-10-10 14:17:00,104.7,104.7,104.7,104.7,100.0
2017-10-10 14:18:00,104.77,104.77,104.73,104.73,1944.0
2017-10-10 14:19:00,104.76,104.8,104.76,104.8,1200.0
2017-10-10 14:20:00,104.74,104.74,104.74,104.74,500.0
2017-10-10 14:21:00,104.72,104.72,104.72,104.72,100.0
2017-10-10 14:22:00,104.75,104.75,104.74,104.74,800.0
2017-10-10 14:23:00,104.76,104.76,104.73,104.73,400.0
2017-10-10 14:24:00,104.72,104.72,104.72,104.72,100.0
2017-10-10 14:25:00,104.72,104.72,104.72,104.72,100.0
2017-10-10 14:26:00,104.7,104.76,104.69,104.76,2869.0
2017-10-10 14:27:00,104.67,104.7,104.66,104.7,600.0
2017-10-10 14:28:00,104.68,104.71,104.68,104.69,1704.0
2017-10-10 14:29:00,104.61,104.67,104.61,104.67,2100.0
2017-10-10 14:30:00,104.57,104.59,104.57,104.59,400.0
2017-10-10 14:31:00,104.55,104.55,104.55,104.55,100.0
2017-10-10 14:32:00,104.55,104.565,104.55,104.565,200.0
2017-10-10 14:33:00,104.58,104.61,104.57,104.57,1600.0
2017-10-10 14:34:00,104.605,104.6075,104.605,104.6075,300.0
2017-10-10 14:35:00,104.57,104.58,104.55,104.58,1816.0
2017-10-10 14:36:00,104.56,104.56,104.56,104.56,100.0
2017-10-10 14:37:00,104.56,104.56,104.56,104.56,100.0
2017-10-10 14:38:00,104.59,104.6195,104.59,104.6,852.0
2017-10-10 14:39:00,104.62,104.62,104.62,104.62,200.0
2017-10-10 14:40:00,104.61,104.64,104.61,104.64,200.0
2017-10-10 14:41:00,104.58,104.63,104.58,104.63,2650.0
2017-10-10 14:42:00,104.59,104.61,104.58,104.58,1600.0
2017-10-10 14:44:00,104.62,104.62,104.5805,104.5805,815.0
2017-10-10 14:45:00,104.64,104.64,104.64,104.64,200.0
2017-10-10 14:46:00,104.65,104.68,104.65,104.66,3500.0
2017-10-10 14:47:00,104.68,104.68,104.67,104.67,200.0
2017-10-10 14:48:00,104.6798,104.6798,104.67,104.67,740.0
2017-10-10 14:49:00,104.66,104.67,104.65,104.66,1318.0
2017-10-10 14:50:00,104.68,104.71,104.67,104.67,1701.0
2017-10-10 14:52:00,104.73,104.73,104.69,104.69,200.0
2017-10-10 14:53:00,104.72,104.72,104.72,104.72,100.0
2017-10-10 14:54:00,104.73,104.74,104.72,104.72,1125.0
2017-10-10 14:55:00,104.74,104.74,104.73,104.73,300.0
2017-10-10 14:57:00,104.77,104.81,104.75,104.75,1718.0
2017-10-10 14:58:00,104.75,104.78,104.74,104.77,3319.0
2017-10-10 14:59:00,104.75,104.76,104.75,104.75,800.0
2017-10-10 15:00:00,104.73,104.75,104.73,104.75,600.0
2017-10-10 15:01:00,104.74,104.75,104.735,104.74,1900.0
2017-10-10 15:02:00,104.71,104.74,104.71,104.74,400.0
2017-10-10 15:03:00,104.73,104.73,104.7,104.71,1150.0
2017-10-10 15:04:00,104.75,104.75,104.75,104.75,100.0
2017-10-10 15:05:00,104.72,104.73,104.72,104.73,1000.0
2017-10-10 15:06:00,104.7,104.71,104.7,104.71,600.0
2017-10-10 15:07:00,104.67,104.67,104.67,104.67,100.0
2017-10-10 15:08:00,104.71,104.71,104.69,104.69,1091.0
2017-10-10 15:09:00,104.725,104.75,104.71,104.72,2210.0
2017-10-10 15:10:00,104.71,104.73,104.71,104.73,1400.0
2017-10-10 15:12:00,104.65,104.7,104.65,104.7,1529.0
2017-10-10 15:13:00,104.67,104.67,104.65,104.65,200.0
2017-10-10 15:14:00,104.65,104.65,104.65,104.65,100.0
2017-10-10 15:15:00,104.66,104.66,104.65,104.65,200.0
2017-10-10 15:16:00,104.64,104.65,104.64,104.65,1306.0
2017-10-10 15:17:00,104.62,104.64,104.62,104.64,1400.0
2017-10-10 15:18:00,104.67,104.67,104.61,104.61,2441.0
2017-10-10 15:19:00,104.62,104.66,104.62,104.66,2000.0
2017-10-10 15:20:00,104.61,104.61,104.6,104.6,900.0
2017-10-10 15:21:00,104.61,104.61,104.61,104.61,200.0
2017-10-10 15:22:00,104.62,104.64,104.61,104.61,2300.0
2017-10-10 15:23:00,104.62,104.62,104.62,104.62,100.0
2017-10-10 15:24:00,104.66,104.66,104.61,104.61,2600.0
2017-10-10 15:25:00,104.67,104.67,104.65,104.66,1100.0
2017-10-10 15:26:00,104.695,104.695,104.68,104.68,300.0
2017-10-10 15:27:00,104.71,104.71,104.69,104.69,2100.0
2017-10-10 15:28:00,104.72,104.74,104.7,104.7,4349.0
2017-10-10 15:29:00,104.71,104.72,104.71,104.72,300.0
2017-10-10 15:30:00,104.69,104.7,104.69,104.7,974.0
2017-10-10 15:31:00,104.71,104.72,104.69,104.69,4227.0
2017-10-10 15:32:00,104.7,104.71,104.7,104.71,1461.0
2017-10-10 15:33:00,104.68,104.71,104.68,104.69,2716.0
2017-10-10 15:34:00,104.72,104.72,104.69,104.69,3349.0
2017-10-10 15:35:00,104.715,104.715,104.71,104.71,500.0
2017-10-10 15:36:00,104.74,104.74,104.7,104.71,2036.0
2017-10-10 15:37:00,104.7364,104.75,104.715,104.72,3466.0
2017-10-10 15:38:00,104.74,104.74,104.73,104.73,700.0
2017-10-10 15:39:00,104.74,104.75,104.74,104.75,600.0
2017-10-10 15:40:00,104.77,104.77,104.74,104.75,1504.0
2017-10-10 15:41:00,104.78,104.79,104.75,104.76,5184.0
2017-10-10 15:42:00,104.79,104.79,104.78,104.79,1100.0
2017-10-10 15:43:00,104.8,104.81,104.78,104.79,3139.0
2017-10-10 15:44:00,104.79,104.81,104.77,104.79,9156.0
2017-10-10 15:45:00,104.75,104.79,104.75,104.78,3368.0
2017-10-10 15:46:00,104.75,104.76,104.75,104.75,1100.0
2017-10-10 15:47:00,104.75,104.75,104.75,104.75,1400.0
2017-10-10 15:48:00,104.755,104.76,104.75,104.75,11163.0
2017-10-10 15:49:00,104.775,104.775,104.755,104.755,4755.0
2017-10-10 15:50:00,104.78,104.78,104.76,104.77,2209.0
2017-10-10 15:51:00,104.8,104.8,104.77,104.77,5939.0
2017-10-10 15:52:00,104.8,104.8,104.79,104.8,1300.0
2017-10-10 15:53:00,104.78,104.82,104.75,104.8,8169.0
2017-10-10 15:54:00,104.76,104.77,104.75,104.76,1300.0
2017-10-10 15:55:00,104.78,104.8,104.75,104.75,5358.0
2017-10-10 15:56:00,104.785,104.79,104.77,104.77,2800.0
2017-10-10 15:57:00,104.78,104.8,104.76,104.79,9360.0
2017-10-10 15:58:00,104.75,104.77,104.75,104.75,6348.0
2017-10-10 15:59:00,104.77,104.77,104.75,104.75,9609.0
2017-10-10 16:00:00,104.81,104.81,104.75,104.77,15995.0
2017-10-11 09:30:00,104.68,104.68,104.68,104.68,3446.0
2017-10-11 09:31:00,104.81,104.81,104.54,104.54,950.0
2017-10-11 09:32:00,104.955,104.955,104.79,104.79,300.0
2017-10-11 09:33:00,105.0,105.06,104.845,104.97,2350.0
2017-10-11 09:34:00,104.915,105.025,104.915,104.9701,3340.0
2017-10-11 09:35:00,104.825,104.94,104.825,104.94,718.0
2017-10-11 09:36:00,104.8701,104.8701,104.75,104.83,1001.0
2017-10-11 09:37:00,104.96,104.96,104.9001,104.92,500.0
2017-10-11 09:38:00,104.89,104.98,104.89,104.91,798.0
2017-10-11 09:39:00,104.96,104.96,104.96,104.96,100.0
2017-10-11 09:40:00,104.96,105.05,104.96,105.01,1510.0
2017-10-11 09:41:00,104.6801,104.94,104.6801,104.94,1234.0
2017-10-11 09:42:00,104.795,104.83,104.75,104.81,1725.0
2017-10-11 09:44:00,104.99,104.99,104.88,104.88,700.0
2017-10-11 09:45:00,104.87,104.91,104.87,104.91,900.0
2017-10-11 09:46:00,104.8501,104.9,104.85,104.9,500.0
2017-10-11 09:47:00,104.92,104.92,104.92,104.92,100.0
2017-10-11 09:48:00,104.89,104.94,104.8,104.93,2203.0
2017-10-11 09:49:00,104.93,104.93,104.93,104.93,100.0
2017-10-11 09:50:00,104.93,104.93,104.92,104.92,600.0
2017-10-11 09:51:00,104.90100000000001,104.90100000000001,104.90100000000001,104.90100000000001,461.0
2017-10-11 09:52:00,104.81,104.90100000000001,104.81,104.90100000000001,800.0
2017-10-11 09:53:00,104.84,104.84,104.81,104.84,300.0
2017-10-11 09:54:00,104.68,104.79,104.68,104.79,600.0
2017-10-11 09:55:00,104.6,104.6775,104.52,104.64,4413.0
2017-10-11 09:56:00,104.71,104.71,104.615,104.63,744.0
2017-10-11 09:57:00,104.63,104.63,104.63,104.63,100.0
2017-10-11 09:58:00,104.72,104.72,104.58,104.63,1750.0
2017-10-11 09:59:00,104.71,104.71,104.63,104.63,263.0
2017-10-11 10:00:00,104.72,104.72,104.71,104.71,500.0
2017-10-11 10:01:00,104.71,104.72,104.71,104.72,500.0
2017-10-11 10:02:00,104.63,104.71,104.63,104.71,1656.0
2017-10-11 10:03:00,104.65,104.65,104.575,104.625,800.0
2017-10-11 10:04:00,104.71,104.71,104.7,104.7,200.0
2017-10-11 10:05:00,104.81,104.82,104.74,104.74,700.0
2017-10-11 10:06:00,104.77,104.83,104.77,104.83,1200.0
2017-10-11 10:07:00,104.81,104.81,104.75,104.75,1300.0
2017-10-11 10:08:00,104.75,104.78,104.75,104.78,1141.0
2017-10-11 10:09:00,104.7925,104.7925,104.7925,104.7925,100.0
2017-10-11 10:10:00,104.88,104.88,104.83,104.83,500.0
2017-10-11 10:11:00,104.89,104.9,104.89,104.9,400.0
2017-10-11 10:12:00,104.88,104.92,104.88,104.9,1700.0
2017-10-11 10:13:00,104.96,104.97,104.87,104.87,600.0
2017-10-11 10:14:00,104.88,104.97,104.88,104.955,3200.0
2017-10-11 10:15:00,104.86,104.86,104.84,104.84,400.0
2017-10-11 10:16:00,104.86,104.895,104.86,104.895,600.0
2017-10-11 10:17:00,104.86,104.87,104.86,104.87,200.0
2017-10-11 10:18:00,104.86,104.91,104.86,104.895,601.0
2017-10-11 10:19:00,104.87,104.87,104.86,104.86,300.0
2017-10-11 10:20:00,104.87,104.91,104.86,104.86,1500.0
2017-10-11 10:21:00,104.97,104.97,104.9,104.9,1900.0
2017-10-11 10:22:00,104.91,104.91,104.91,104.91,452.0
2017-10-11 10:23:00,104.9,104.9,104.9,104.9,100.0
2017-10-11 10:24:00,105.0,105.0,104.935,104.935,1000.0
2017-10-11 10:25:00,104.93,104.97,104.9,104.97,2830.0
2017-10-11 10:26:00,104.975,104.99,104.95,104.95,1304.0
2017-10-11 10:27:00,104.9,104.96,104.88,104.95,1700.0
2017-10-11 10:28:00,105.0,105.0,104.98,104.98,400.0
2017-10-11 10:29:00,104.93,104.99,104.92,104.99,800.0
2017-10-11 10:30:00,104.92,104.92,104.92,104.92,100.0
2017-10-11 10:31:00,104.97,104.97,104.935,104.95,1202.0
2017-10-11 10:32:00,105.05,105.05,104.99,105.0,1100.0
2017-10-11 10:33:00,104.99,105.1,104.99,105.08,1600.0
2017-10-11 10:34:00,105.04,105.04,105.04,105.04,200.0
2017-10-11 10:36:00,105.04,105.04,105.04,105.04,100.0
2017-10-11 10:37:00,105.08,105.15,105.065,105.07,850.0
2017-10-11 10:38:00,105.15,105.15,105.11,105.11,501.0
2017-10-11 10:39:00,105.11,105.12,105.11,105.12,791.0
2017-10-11 10:40:00,105.1,105.12,105.1,105.12,1300.0
2017-10-11 10:41:00,105.04,105.11,105.04,105.11,1500.0
2017-10-11 10:42:00,104.98,105.045,104.98,105.02,1000.0
2017-10-11 10:43:00,105.14,105.14,105.0,105.0,2400.0
2017-10-11 10:44:00,105.11,105.11,105.06,105.08,300.0
2017-10-11 10:46:00,105.15,105.15,105.06,105.06,3536.0
2017-10-11 10:47:00,105.2,105.2,105.14,105.18,1800.0
2017-10-11 10:48:00,105.15,105.18,105.15,105.164,1022.0
2017-10-11 10:49:00,105.18,105.19,105.17,105.17,450.0
2017-10-11 10:50:00,105.26,105.27,105.19,105.23,2000.0
2017-10-11 10:51:00,105.395,105.41,105.28,105.2999,1801.0
2017-10-11 10:52:00,105.46,105.46,105.38,105.4,1600.0
2017-10-11 10:53:00,105.4475,105.49,105.43,105.43,300.0
2017-10-11 10:54:00,105.53,105.53,105.43,105.465,5889.0
2017-10-11 10:55:00,105.59,105.62,105.525,105.525,8289.0
2017-10-11 10:56:00,105.77,105.77,105.59,105.59,2476.0
2017-10-11 10:57:00,105.81,105.82,105.74,105.74,3028.0
2017-10-11 10:58:00,105.78,105.86,105.76,105.8075,6565.0
2017-10-11 10:59:00,105.84,105.86,105.78,105.86,2106.0
2017-10-11 11:00:00,105.78,105.82,105.71,105.82,5800.0
2017-10-11 11:01:00,105.79,105.79,105.74,105.78,1630.0
2017-10-11 11:02:00,105.8,105.8,105.74,105.77,5558.0
2017-10-11 11:03:00,105.82,105.82,105.75,105.8,6939.0
2017-10-11 11:04:00,105.78,105.8,105.75,105.785,3414.0
2017-10-11 11:06:00,105.8,105.82,105.75,105.7575,9162.0
2017-10-11 11:07:00,105.755,105.81,105.755,105.81,2600.0
2017-10-11 11:08:00,105.8,105.8,105.78,105.78,200.0
2017-10-11 11:09:00,105.76,105.81,105.75,105.75,300.0
2017-10-11 11:10:00,105.54,105.75,105.54,105.75,5151.0
2017-10-11 11:11:00,105.48,105.56,105.48,105.5,300.0
2017-10-11 11:12:00,105.42,105.45200000000001,105.42,105.43,652.0
2017-10-11 11:13:00,105.42,105.42,105.42,105.42,700.0
2017-10-11 11:14:00,105.58,105.58,105.4408,105.48,7978.0
2017-10-11 11:15:00,105.55,105.59,105.55,105.59,1210.0
2017-10-11 11:16:00,105.58,105.58,105.54,105.54,3350.0
2017-10-11 11:17:00,105.575,105.6,105.56,105.56,1400.0
2017-10-11 11:18:00,105.5975,105.63,105.57,105.6,1400.0
2017-10-11 11:19:00,105.65,105.65,105.6191,105.6191,1614.0
2017-10-11 11:20:00,105.63,105.635,105.59,105.635,2700.0
2017-10-11 11:21:00,105.57,105.605,105.57,105.58,800.0
2017-10-11 11:22:00,105.72,105.72,105.57,105.57,2791.0
2017-10-11 11:23:00,105.71,105.74,105.695,105.71,2100.0
2017-10-11 11:24:00,105.68,105.73,105.68,105.73,200.0
2017-10-11 11:25:00,105.7,105.73,105.68,105.68,800.0
2017-10-11 11:26:00,105.7,105.725,105.7,105.725,200.0
2017-10-11 11:27:00,105.68,105.7,105.68,105.7,700.0
2017-10-11 11:28:00,105.67,105.7,105.67,105.7,200.0
2017-10-11 11:29:00,105.69,105.69,105.64,105.67,5762.0
2017-10-11 11:30:00,105.71,105.71,105.6375,105.66,3100.0
2017-10-11 11:32:00,105.72,105.72,105.7,105.71,808.0
2017-10-11 11:33:00,105.61,105.73,105.58,105.73,2856.0
2017-10-11 11:34:00,105.57,105.57,105.57,105.57,200.0
2017-10-11 11:35:00,105.6181,105.6181,105.6181,105.6181,100.0
2017-10-11 11:36:00,105.585,105.619,105.585,105.619,250.0
2017-10-11 11:37:00,105.62,105.62,105.62,105.62,700.0
2017-10-11 11:38:00,105.62,105.62,105.58,105.5824,900.0
2017-10-11 11:39:00,105.68,105.68,105.615,105.62,1811.0
2017-10-11 11:40:00,105.64,105.65,105.64,105.64,500.0
2017-10-11 11:41:00,105.7,105.7,105.65,105.65,1700.0
2017-10-11 11:42:00,105.65,105.67,105.65,105.67,500.0
2017-10-11 11:43:00,105.64,105.64,105.64,105.64,200.0
2017-10-11 11:44:00,105.64,105.64,105.64,105.64,300.0
2017-10-11 11:45:00,105.62,105.62,105.62,105.62,400.0
2017-10-11 11:47:00,105.55,105.566,105.55,105.566,500.0
2017-10-11 11:48:00,105.64,105.64,105.55,105.55,2012.0
2017-10-11 11:49:00,105.69,105.69,105.625,105.625,1300.0
2017-10-11 11:50:00,105.71,105.76,105.7,105.7,2700.0
2017-10-11 11:51:00,105.75,105.76,105.72,105.72,800.0
2017-10-11 11:53:00,105.7,105.7425,105.7,105.74,1500.0
2017-10-11 11:54:00,105.72,105.74,105.72,105.72,700.0
2017-10-11 11:56:00,105.76,105.78,105.743,105.743,1842.0
2017-10-11 11:57:00,105.73,105.75,105.73,105.75,600.0
2017-10-11 11:59:00,105.71,105.735,105.71,105.73,400.0
2017-10-11 12:00:00,105.6974,105.71,105.6974,105.71,600.0
2017-10-11 12:01:00,105.71,105.7189,105.7,105.7189,600.0
2017-10-11 12:02:00,105.71,105.72,105.71,105.71,1100.0
2017-10-11 12:03:00,105.66,105.69,105.66,105.69,2100.0
2017-10-11 12:04:00,105.66,105.69,105.6448,105.65,2521.0
2017-10-11 12:05:00,105.66,105.66,105.63,105.66,1527.0
2017-10-11 12:06:00,105.64,105.6789,105.64,105.6789,600.0
2017-10-11 12:07:00,105.66,105.66,105.66,105.66,200.0
2017-10-11 12:08:00,105.63,105.64,105.63,105.64,200.0
2017-10-11 12:09:00,105.59,105.6256,105.59,105.62,700.0
2017-10-11 12:10:00,105.57,105.585,105.57,105.585,300.0
2017-10-11 12:11:00,105.6,105.6,105.6,105.6,1022.0
2017-10-11 12:12:00,105.59,105.63,105.59,105.59,800.0
2017-10-11 12:13:00,105.59,105.63,105.59,105.6,400.0
2017-10-11 12:14:00,105.65,105.65,105.63,105.63,400.0
2017-10-11 12:15:00,105.61,105.61,105.61,105.61,200.0
2017-10-11 12:16:00,105.63,105.65,105.63,105.649,821.0
2017-10-11 12:17:00,105.7014,105.71,105.63,105.63,1394.0
2017-10-11 12:18:00,105.67,105.69,105.67,105.69,3100.0
2017-10-11 12:19:00,105.7,105.73,105.68,105.68,2200.0
2017-10-11 12:20:00,105.685,105.69,105.685,105.69,1200.0
2017-10-11 12:21:00,105.69,105.72,105.685,105.685,1100.0
2017-10-11 12:22:00,105.72,105.73,105.71,105.71,800.0
2017-10-11 12:23:00,105.76,105.76,105.69,105.69,3818.0
2017-10-11 12:24:00,105.74,105.79,105.74,105.78,4920.0
2017-10-11 12:25:00,105.73,105.745,105.73,105.74,600.0
2017-10-11 12:26:00,105.7,105.73,105.7,105.73,800.0
2017-10-11 12:27:00,105.7,105.72,105.7,105.7,300.0
2017-10-11 12:28:00,105.745,105.77,105.7,105.7,1695.0
2017-10-11 12:29:00,105.735,105.735,105.735,105.735,100.0
2017-10-11 12:30:00,105.705,105.72,105.7,105.72,1200.0
2017-10-11 12:31:00,105.7212,105.73,105.71,105.72,2513.0
2017-10-11 12:33:00,105.715,105.715,105.715,105.715,100.0
2017-10-11 12:34:00,105.715,105.715,105.715,105.715,700.0
2017-10-11 12:35:00,105.72,105.72,105.715,105.715,500.0
2017-10-11 12:36:00,105.735,105.74,105.71,105.715,2866.0
2017-10-11 12:37:00,105.74,105.75,105.72,105.72,2600.0
2017-10-11 12:38:00,105.8,105.8,105.73,105.73,3650.0
2017-10-11 12:39:00,105.78,105.7984,105.78,105.7984,1200.0
2017-10-11 12:40:00,105.7925,105.7925,105.78,105.78,1100.0
2017-10-11 12:41:00,105.78,105.8,105.77,105.7945,2800.0
2017-10-11 12:42:00,105.76,105.775,105.76,105.77,800.0
2017-10-11 12:43:00,105.7594,105.7594,105.7594,105.7594,100.0
2017-10-11 12:44:00,105.72,105.72,105.72,105.72,100.0
2017-10-11 12:45:00,105.71,105.72,105.71,105.72,1800.0
2017-10-11 12:46:00,105.71,105.71,105.71,105.71,500.0
2017-10-11 12:47:00,105.7,105.7,105.7,105.7,236.0
2017-10-11 12:48:00,105.73,105.73,105.7,105.71,3187.0
2017-10-11 12:49:00,105.68,105.7,105.68,105.7,1100.0
2017-10-11 12:50:00,105.68,105.69,105.68,105.69,200.0
2017-10-11 12:51:00,105.68,105.68,105.68,105.68,1100.0
2017-10-11 12:52:00,105.66,105.68,105.65,105.65,700.0
2017-10-11 12:53:00,105.6989,105.6989,105.69,105.69,500.0
2017-10-11 12:54:00,105.7,105.7,105.69,105.69,400.0
2017-10-11 12:55:00,105.72,105.74,105.7,105.7,1447.0
2017-10-11 12:56:00,105.71,105.74,105.71,105.74,200.0
2017-10-11 12:57:00,105.74,105.74,105.74,105.74,100.0
2017-10-11 12:59:00,105.7,105.71,105.7,105.71,906.0
2017-10-11 13:00:00,105.7299,105.7299,105.7299,105.7299,181.0
2017-10-11 13:01:00,105.8299,105.8299,105.7,105.7,4195.0
2017-10-11 13:02:00,105.79,105.79,105.79,105.79,852.0
2017-10-11 13:03:00,105.8,105.8,105.7995,105.7995,400.0
2017-10-11 13:04:00,105.82,105.82,105.82,105.82,300.0
2017-10-11 13:06:00,105.8,105.81,105.79,105.8,3200.0
2017-10-11 13:07:00,105.82,105.82,105.81,105.81,922.0
2017-10-11 13:08:00,105.83,105.83,105.81,105.81,373.0
2017-10-11 13:10:00,105.83,105.83,105.8,105.8,200.0
2017-10-11 13:11:00,105.82,105.82,105.805,105.81700000000001,700.0
2017-10-11 13:12:00,105.82,105.83,105.8,105.82,1540.0
2017-10-11 13:13:00,105.77,105.83,105.77,105.83,2214.0
2017-10-11 13:14:00,105.79,105.79,105.775,105.79,689.0
2017-10-11 13:15:00,105.72,105.77,105.72,105.77,4063.0
2017-10-11 13:16:00,105.72,105.72,105.72,105.72,100.0
2017-10-11 13:17:00,105.72,105.73,105.72,105.72,1796.0
2017-10-11 13:18:00,105.725,105.75,105.72,105.72,2000.0
2017-10-11 13:19:00,105.72,105.72,105.69,105.69,500.0
2017-10-11 13:20:00,105.72,105.7376,105.72,105.7376,300.0
2017-10-11 13:21:00,105.73,105.73,105.73,105.73,100.0
2017-10-11 13:22:00,105.74,105.74,105.74,105.74,100.0
2017-10-11 13:23:00,105.71,105.715,105.71,105.71,400.0
2017-10-11 13:24:00,105.73,105.73,105.71,105.7294,1624.0
2017-10-11 13:25:00,105.73,105.73,105.73,105.73,692.0
2017-10-11 13:26:00,105.7904,105.7904,105.74,105.74,1005.0
2017-10-11 13:27:00,105.83,105.83,105.79,105.79,480.0
2017-10-11 13:28:00,105.79,105.81,105.79,105.81,1600.0
2017-10-11 13:29:00,105.79,105.79,105.78,105.79,600.0
2017-10-11 13:31:00,105.78,105.8,105.78,105.8,500.0
2017-10-11 13:32:00,105.79,105.79,105.79,105.79,100.0
2017-10-11 13:33:00,105.77,105.77,105.74,105.77,2300.0
2017-10-11 13:35:00,105.73,105.73,105.73,105.73,100.0
2017-10-11 13:36:00,105.76,105.77,105.75,105.75,1500.0
2017-10-11 13:37:00,105.77,105.77,105.77,105.77,400.0
2017-10-11 13:38:00,105.8,105.8,105.78,105.78,1009.0
2017-10-11 13:39:00,105.82,105.82,105.8064,105.8064,620.0
2017-10-11 13:40:00,105.83,105.83,105.79,105.81,1961.0
2017-10-11 13:42:00,105.815,105.815,105.81,105.81,600.0
2017-10-11 13:43:00,105.79,105.805,105.79,105.805,800.0
2017-10-11 13:44:00,105.76,105.8,105.76,105.8,1700.0
2017-10-11 13:45:00,105.74,105.75,105.74,105.75,400.0
2017-10-11 13:47:00,105.73,105.73,105.73,105.73,400.0
2017-10-11 13:48:00,105.7,105.73,105.7,105.73,1100.0
2017-10-11 13:49:00,105.7,105.7,105.7,105.7,100.0
2017-10-11 13:50:00,105.72,105.74,105.72,105.72,2100.0
2017-10-11 13:51:00,105.73,105.73,105.73,105.73,100.0
2017-10-11 13:52:00,105.66,105.7,105.62,105.7,1800.0
2017-10-11 13:55:00,105.64,105.65,105.6,105.65,600.0
2017-10-11 13:56:00,105.625,105.625,105.6,105.601,403.0
2017-10-11 13:57:00,105.67,105.67,105.61,105.61,2642.0
2017-10-11 13:58:00,105.66,105.66,105.66,105.66,100.0
2017-10-11 13:59:00,105.7,105.7,105.7,105.7,100.0
2017-10-11 14:00:00,105.56,105.665,105.56,105.66,4500.0
2017-10-11 14:01:00,105.62,105.63,105.56,105.56,1301.0
2017-10-11 14:02:00,105.66,105.6799,105.6,105.6,3200.0
2017-10-11 14:03:00,105.7,105.7,105.66,105.66,200.0
2017-10-11 14:04:00,105.7,105.7,105.7,105.7,100.0
2017-10-11 14:05:00,105.675,105.7,105.675,105.675,500.0
2017-10-11 14:06:00,105.81,105.83,105.7,105.7,3900.0
2017-10-11 14:07:00,105.81,105.81,105.81,105.81,100.0
2017-10-11 14:08:00,105.81,105.81,105.78,105.7924,800.0
2017-10-11 14:09:00,105.81,105.81,105.81,105.81,100.0
2017-10-11 14:10:00,105.7801,105.82,105.75,105.81,5400.0
2017-10-11 14:11:00,105.73,105.78,105.73,105.78,400.0
2017-10-11 14:12:00,105.74,105.76,105.74,105.76,500.0
2017-10-11 14:13:00,105.76,105.77,105.76,105.76,1050.0
2017-10-11 14:15:00,105.72,105.755,105.72,105.74,2300.0
2017-10-11 14:16:00,105.715,105.7299,105.7,105.71,2261.0
2017-10-11 14:17:00,105.59,105.7,105.59,105.7,2188.0
2017-10-11 14:18:00,105.72,105.7599,105.62,105.62,5155.0
2017-10-11 14:19:00,105.72,105.74,105.72,105.73,900.0
2017-10-11 14:20:00,105.71,105.71,105.69,105.71,1953.0
2017-10-11 14:21:00,105.72,105.72,105.72,105.72,1400.0
2017-10-11 14:22:00,105.72,105.72,105.72,105.72,200.0
2017-10-11 14:23:00,105.64,105.72,105.64,105.72,1632.0
2017-10-11 14:24:00,105.56,105.595,105.53,105.595,2105.0
2017-10-11 14:25:00,105.56,105.56,105.56,105.56,100.0
2017-10-11 14:26:00,105.56,105.56,105.55,105.56,2000.0
2017-10-11 14:27:00,105.535,105.57,105.51,105.55,3200.0
2017-10-11 14:28:00,105.48,105.59,105.48,105.53,3634.0
2017-10-11 14:29:00,105.554,105.554,105.54,105.54,300.0
2017-10-11 14:31:00,105.55,105.56,105.55,105.56,500.0
2017-10-11 14:32:00,105.56,105.58,105.54,105.56,1000.0
2017-10-11 14:33:00,105.63,105.63,105.59,105.59,600.0
2017-10-11 14:34:00,105.59,105.63,105.59,105.63,1200.0
2017-10-11 14:35:00,105.64,105.64,105.6,105.61,1100.0
2017-10-11 14:36:00,105.61,105.66,105.61,105.65,1300.0
2017-10-11 14:38:00,105.62,105.63,105.62,105.63,500.0
2017-10-11 14:39:00,105.63,105.63,105.63,105.63,100.0
2017-10-11 14:40:00,105.6,105.6,105.585,105.585,200.0
2017-10-11 14:41:00,105.64,105.64,105.585,105.61,2191.0
2017-10-11 14:42:00,105.64,105.65,105.58,105.63,3400.0
2017-10-11 14:43:00,105.64,105.64,105.63,105.63,700.0
2017-10-11 14:44:00,105.61,105.65,105.6,105.62,36807.0
2017-10-11 14:45:00,105.55,105.61,105.55,105.61,1200.0
2017-10-11 14:46:00,105.57,105.57,105.57,105.57,100.0
2017-10-11 14:47:00,105.57,105.62,105.55,105.56,3800.0
2017-10-11 14:48:00,105.55,105.6,105.52,105.6,15938.0
2017-10-11 14:49:00,105.515,105.515,105.49,105.49,200.0
2017-10-11 14:50:00,105.515,105.54,105.5,105.515,700.0
2017-10-11 14:51:00,105.545,105.6,105.52,105.53,9962.0
2017-10-11 14:52:00,105.55,105.55,105.55,105.55,100.0
2017-10-11 14:53:00,105.48,105.53,105.48,105.53,1700.0
2017-10-11 14:54:00,105.45,105.45,105.45,105.45,200.0
2017-10-11 14:55:00,105.425,105.47,105.42,105.42,900.0
2017-10-11 14:56:00,105.5,105.5,105.44,105.44,2300.0
2017-10-11 14:57:00,105.47,105.53,105.43,105.52,2099.0
2017-10-11 14:58:00,105.46,105.46,105.46,105.46,300.0
2017-10-11 15:00:00,105.38,105.45,105.38,105.45,600.0
2017-10-11 15:01:00,105.45,105.455,105.42,105.42,1400.0
2017-10-11 15:02:00,105.38,105.445,105.38,105.44,1920.0
2017-10-11 15:03:00,105.37,105.37,105.37,105.37,100.0
2017-10-11 15:04:00,105.37,105.4,105.37,105.39,700.0
2017-10-11 15:06:00,105.43,105.43,105.39,105.39,2732.0
2017-10-11 15:07:00,105.45,105.45,105.4282,105.4282,650.0
2017-10-11 15:08:00,105.36,105.425,105.36,105.425,700.0
2017-10-11 15:09:00,105.4,105.41,105.39,105.39,1100.0
2017-10-11 15:10:00,105.38,105.42,105.38,105.42,1130.0
2017-10-11 15:11:00,105.39,105.39,105.39,105.39,200.0
2017-10-11 15:12:00,105.43,105.43,105.4,105.41,1200.0
2017-10-11 15:13:00,105.42,105.43,105.42,105.43,1000.0
2017-10-11 15:14:00,105.26,105.44,105.24,105.42,6486.0
2017-10-11 15:15:00,105.27,105.28,105.27,105.27,1500.0
2017-10-11 15:16:00,105.28,105.3033,105.28,105.3033,500.0
2017-10-11 15:17:00,105.33,105.33,105.3,105.32,1628.0
2017-10-11 15:18:00,105.25,105.31,105.23,105.31,3943.0
2017-10-11 15:19:00,105.2629,105.2629,105.25,105.25,400.0
2017-10-11 15:20:00,105.27,105.27,105.26,105.26,200.0
2017-10-11 15:21:00,105.34,105.36,105.29,105.29,1900.0
2017-10-11 15:22:00,105.3,105.32,105.28,105.32,1581.0
2017-10-11 15:23:00,105.29,105.29,105.29,105.29,100.0
2017-10-11 15:24:00,105.27,105.285,105.27,105.27,400.0
2017-10-11 15:25:00,105.18,105.29,105.14,105.28,7412.0
2017-10-11 15:26:00,105.19,105.21,105.18,105.18,1825.0
2017-10-11 15:27:00,105.19,105.2,105.18,105.18,300.0
2017-10-11 15:28:00,105.2,105.22,105.18,105.18,3133.0
2017-10-11 15:29:00,105.2,105.21,105.2,105.21,2200.0
2017-10-11 15:30:00,105.2,105.2,105.2,105.2,981.0
2017-10-11 15:31:00,105.2,105.21,105.19,105.21,1514.0
2017-10-11 15:32:00,105.21,105.21,105.18,105.18,1200.0
2017-10-11 15:33:00,105.22,105.22,105.2,105.21,3506.0
2017-10-11 15:34:00,105.2,105.22,105.2,105.22,1375.0
2017-10-11 15:35:00,105.24,105.25,105.21,105.21,2266.0
2017-10-11 15:36:00,105.26,105.28,105.25,105.26,1100.0
2017-10-11 15:37:00,105.18,105.28,105.18,105.25,6060.0
2017-10-11 15:38:00,105.14,105.18,105.14,105.18,4081.0
2017-10-11 15:39:00,105.07,105.14,105.04,105.13,6349.0
2017-10-11 15:40:00,105.1,105.1,105.07,105.07,1361.0
2017-10-11 15:41:00,105.09,105.14,105.09,105.14,3500.0
2017-10-11 15:42:00,105.17,105.17,105.09,105.09,2655.0
2017-10-11 15:43:00,105.08,105.14,105.08,105.14,2980.0
2017-10-11 15:44:00,105.025,105.1,105.015,105.09,5592.0
2017-10-11 15:45:00,105.05,105.06,105.04,105.04,4246.0
2017-10-11 15:46:00,105.045,105.05,105.03,105.04,2988.0
2017-10-11 15:47:00,105.06,105.07,105.04,105.04,5227.0
2017-10-11 15:48:00,105.0,105.0633,105.0,105.0633,7600.0
2017-10-11 15:49:00,104.98,105.02,104.98,105.0,7012.0
2017-10-11 15:50:00,104.93,104.985,104.925,104.985,7115.0
2017-10-11 15:51:00,104.93,104.96,104.92,104.925,8551.0
2017-10-11 15:52:00,104.91,104.94,104.91,104.93,4823.0
2017-10-11 15:53:00,104.9,104.94,104.9,104.91,3829.0
2017-10-11 15:54:00,104.84,104.91,104.83,104.9,8380.0
2017-10-11 15:55:00,104.86,104.88,104.84,104.84,5803.0
2017-10-11 15:56:00,104.82,104.89,104.82,104.86,10110.0
2017-10-11 15:57:00,104.83,104.88,104.82,104.83,12860.0
2017-10-11 15:58:00,104.86,104.86,104.81,104.83,12475.0
2017-10-11 15:59:00,104.84,104.84,104.82,104.84,11022.0
2017-10-11 16:00:00,104.89,104.89,104.82,104.83,14635.0
2017-10-12 09:30:00,104.9,104.9,104.9,104.9,4896.0
2017-10-12 09:33:00,105.195,105.3,105.0425,105.0425,1600.0
2017-10-12 09:34:00,105.43,105.43,105.1,105.1,2300.0
2017-10-12 09:35:00,105.12,105.31,105.12,105.31,1329.0
2017-10-12 09:36:00,105.07,105.15,105.02,105.08,1383.0
2017-10-12 09:37:00,105.11,105.11,105.11,105.11,100.0
2017-10-12 09:38:00,105.03,105.08,105.03,105.08,300.0
2017-10-12 09:39:00,105.08,105.1625,104.98,104.98,2300.0
2017-10-12 09:40:00,105.06,105.11,105.01,105.03,10810.0
2017-10-12 09:41:00,105.03,105.04,105.0,105.04,1900.0
2017-10-12 09:42:00,105.05,105.06,105.05,105.06,900.0
2017-10-12 09:43:00,104.99,105.05,104.99,105.05,1850.0
2017-10-12 09:44:00,105.11,105.11,105.02,105.02,800.0
2017-10-12 09:46:00,105.0,105.08,105.0,105.06,1700.0
2017-10-12 09:47:00,105.14,105.14,105.1,105.1,300.0
2017-10-12 09:48:00,105.17,105.17,105.1,105.15,800.0
2017-10-12 09:49:00,105.14,105.2099,105.14,105.17,4310.0
2017-10-12 09:51:00,105.12,105.12,105.11,105.12,700.0
2017-10-12 09:52:00,105.12,105.18,105.1,105.1,1451.0
2017-10-12 09:53:00,105.035,105.15,105.03,105.15,1750.0
2017-10-12 09:54:00,105.095,105.12,105.05,105.05,737.0
2017-10-12 09:55:00,105.09,105.12,105.07,105.12,1449.0
2017-10-12 09:56:00,105.075,105.075,105.075,105.075,200.0
2017-10-12 09:57:00,105.1,105.2,105.1,105.1,3400.0
2017-10-12 09:59:00,105.105,105.105,105.105,105.105,100.0
2017-10-12 10:00:00,105.06,105.15,105.06,105.12,3550.0
2017-10-12 10:01:00,105.1,105.1,105.1,105.1,100.0
2017-10-12 10:03:00,105.11,105.11,105.11,105.11,100.0
2017-10-12 10:04:00,105.0575,105.11,105.03,105.0625,3320.0
2017-10-12 10:05:00,105.17,105.19,105.11,105.11,2899.0
2017-10-12 10:06:00,105.22,105.24,105.1825,105.1825,700.0
2017-10-12 10:07:00,105.225,105.27,105.21,105.22,1800.0
2017-10-12 10:08:00,105.19,105.2,105.16,105.2,1300.0
2017-10-12 10:09:00,105.27,105.27,105.17,105.2,1050.0
2017-10-12 10:10:00,105.24,105.27,105.24,105.27,900.0
2017-10-12 10:11:00,105.22,105.22,105.22,105.22,100.0
2017-10-12 10:12:00,105.39,105.39,105.28,105.28,800.0
2017-10-12 10:13:00,105.46,105.46,105.41,105.41,600.0
2017-10-12 10:14:00,105.58,105.58,105.46,105.58,1800.0
2017-10-12 10:15:00,105.63,105.64,105.585,105.64,400.0
2017-10-12 10:16:00,105.75,105.75,105.57,105.615,2236.0
2017-10-12 10:17:00,105.66,105.715,105.66,105.715,1257.0
2017-10-12 10:18:00,105.66,105.7,105.66,105.66,1509.0
2017-10-12 10:19:00,105.57,105.64,105.57,105.63,736.0
2017-10-12 10:20:00,105.54,105.56,105.54,105.56,400.0
2017-10-12 10:21:00,105.545,105.545,105.545,105.545,1000.0
2017-10-12 10:22:00,105.43,105.53,105.42,105.5,2375.0
2017-10-12 10:23:00,105.49,105.49,105.465,105.465,500.0
2017-10-12 10:24:00,105.465,105.465,105.465,105.465,300.0
2017-10-12 10:25:00,105.465,105.465,105.4,105.42,1000.0
2017-10-12 10:27:00,105.55,105.55,105.47,105.5,1600.0
2017-10-12 10:28:00,105.5,105.53,105.49,105.53,811.0
2017-10-12 10:29:00,105.43,105.45,105.43,105.45,600.0
2017-10-12 10:30:00,105.43,105.46,105.4,105.42,7387.0
2017-10-12 10:31:00,105.4,105.48,105.4,105.44,8230.0
2017-10-12 10:32:00,105.42,105.42,105.41,105.41,1200.0
2017-10-12 10:33:00,105.32,105.4,105.32,105.4,2899.0
2017-10-12 10:34:00,105.315,105.32,105.315,105.32,500.0
2017-10-12 10:35:00,105.33,105.33,105.315,105.315,300.0
2017-10-12 10:36:00,105.37,105.37,105.34,105.35,400.0
2017-10-12 10:37:00,105.38,105.38,105.35,105.35,1000.0
2017-10-12 10:38:00,105.35,105.36,105.35,105.35,900.0
2017-10-12 10:39:00,105.35,105.36,105.34,105.36,800.0
2017-10-12 10:40:00,105.37,105.37,105.37,105.37,100.0
2017-10-12 10:41:00,105.43,105.43,105.38,105.38,907.0
2017-10-12 10:42:00,105.49,105.49,105.4,105.44,3400.0
2017-10-12 10:43:00,105.49,105.49,105.49,105.49,200.0
2017-10-12 10:44:00,105.415,105.475,105.415,105.475,1611.0
2017-10-12 10:45:00,105.4,105.43,105.38,105.4,1700.0
2017-10-12 10:46:00,105.28,105.38,105.27,105.38,1800.0
2017-10-12 10:47:00,105.35,105.35,105.28,105.31,3400.0
2017-10-12 10:48:00,105.37,105.38,105.35,105.35,300.0
2017-10-12 10:49:00,105.31,105.4,105.31,105.4,3674.0
2017-10-12 10:50:00,105.26,105.26,105.24,105.24,500.0
2017-10-12 10:51:00,105.29,105.3,105.25,105.25,1995.0
2017-10-12 10:52:00,105.33,105.33,105.28,105.31,1515.0
2017-10-12 10:53:00,105.38,105.38,105.3,105.33,1800.0
2017-10-12 10:54:00,105.41,105.44,105.41,105.44,200.0
2017-10-12 10:55:00,105.4,105.4,105.4,105.4,500.0
2017-10-12 10:56:00,105.39,105.41,105.38,105.38,1600.0
2017-10-12 10:57:00,105.48,105.48,105.39,105.39,1200.0
2017-10-12 10:58:00,105.49,105.49,105.44,105.47,1690.0
2017-10-12 10:59:00,105.52,105.52,105.52,105.52,100.0
2017-10-12 11:00:00,105.62,105.62,105.56,105.56,1650.0
2017-10-12 11:01:00,105.59,105.63,105.55,105.62,2300.0
2017-10-12 11:02:00,105.57,105.57,105.57,105.57,100.0
2017-10-12 11:03:00,105.5699,105.5699,105.5699,105.5699,100.0
2017-10-12 11:04:00,105.54,105.57,105.5,105.555,4300.0
2017-10-12 11:05:00,105.57,105.57,105.56,105.56,414.0
2017-10-12 11:06:00,105.6,105.6,105.6,105.6,400.0
2017-10-12 11:07:00,105.75,105.75,105.58,105.62,3300.0
2017-10-12 11:08:00,105.76,105.76,105.75,105.76,300.0
2017-10-12 11:09:00,105.76,105.76,105.71,105.75,600.0
2017-10-12 11:10:00,105.71,105.76,105.67,105.76,2805.0
2017-10-12 11:11:00,105.67,105.67,105.67,105.67,350.0
2017-10-12 11:12:00,105.72,105.72,105.68,105.68,1700.0
2017-10-12 11:13:00,105.79,105.87,105.735,105.76,2200.0
2017-10-12 11:14:00,105.77,105.81,105.77,105.7868,1500.0
2017-10-12 11:15:00,105.81,105.81,105.78,105.79,600.0
2017-10-12 11:16:00,105.84,105.84,105.84,105.84,100.0
2017-10-12 11:17:00,105.76,105.79,105.76,105.79,950.0
2017-10-12 11:18:00,105.7706,105.8,105.7706,105.8,450.0
2017-10-12 11:19:00,105.87,105.87,105.77,105.79,3544.0
2017-10-12 11:20:00,105.82,105.87,105.82,105.85,2019.0
2017-10-12 11:21:00,105.79,105.83,105.79,105.8141,2100.0
2017-10-12 11:22:00,105.83,105.83,105.81,105.81,1020.0
2017-10-12 11:23:00,105.86,105.86,105.83,105.83,700.0
2017-10-12 11:24:00,105.73,105.83,105.73,105.83,2900.0
2017-10-12 11:25:00,105.72,105.75,105.72,105.75,700.0
2017-10-12 11:26:00,105.71,105.74,105.71,105.74,1700.0
2017-10-12 11:27:00,105.69,105.69,105.68,105.68,1300.0
2017-10-12 11:28:00,105.72,105.72,105.7,105.7,799.0
2017-10-12 11:30:00,105.7,105.7,105.69,105.69,500.0
2017-10-12 11:31:00,105.705,105.71,105.7,105.7,1100.0
2017-10-12 11:32:00,105.545,105.69,105.52,105.69,4596.0
2017-10-12 11:33:00,105.50200000000001,105.56,105.5,105.5599,3100.0
2017-10-12 11:34:00,105.55,105.55,105.5,105.5,2000.0
2017-10-12 11:35:00,105.58,105.6068,105.58,105.6,900.0
2017-10-12 11:36:00,105.63,105.63,105.63,105.63,100.0
2017-10-12 11:37:00,105.595,105.595,105.595,105.595,100.0
2017-10-12 11:38:00,105.57,105.59,105.57,105.59,300.0
2017-10-12 11:39:00,105.585,105.6,105.585,105.6,400.0
2017-10-12 11:40:00,105.64,105.64,105.59,105.59,1800.0
2017-10-12 11:44:00,105.64,105.65,105.64,105.64,1601.0
2017-10-12 11:45:00,105.6886,105.6886,105.67,105.67,990.0
2017-10-12 11:46:00,105.6,105.67,105.6,105.67,1200.0
2017-10-12 11:47:00,105.53,105.6,105.4,105.59,8221.0
2017-10-12 11:48:00,105.515,105.515,105.515,105.515,100.0
2017-10-12 11:49:00,105.26,105.5,105.26,105.47,13410.0
2017-10-12 11:50:00,105.55,105.56,105.14,105.26,14976.0
2017-10-12 11:51:00,105.56,105.72,105.56,105.56,3900.0
2017-10-12 11:52:00,105.67,105.67,105.58,105.6199,2600.0
2017-10-12 11:53:00,105.63,105.66,105.6,105.66,2110.0
2017-10-12 11:54:00,105.65,105.77,105.53,105.6,56815.0
2017-10-12 11:55:00,105.705,105.705,105.705,105.705,100.0
2017-10-12 11:56:00,105.6,105.64,105.6,105.64,1600.0
2017-10-12 11:57:00,105.58,105.58,105.58,105.58,100.0
2017-10-12 11:58:00,105.57,105.63,105.57,105.6,2000.0
2017-10-12 11:59:00,105.51,105.51,105.51,105.51,400.0
2017-10-12 12:00:00,105.5,105.52,105.46,105.46,400.0
2017-10-12 12:01:00,105.5,105.5,105.5,105.5,200.0
2017-10-12 12:02:00,105.5,105.5,105.5,105.5,100.0
2017-10-12 12:03:00,105.43,105.55,105.43,105.51,1929.0
2017-10-12 12:04:00,105.46,105.46,105.43,105.43,700.0
2017-10-12 12:06:00,105.42,105.46,105.42,105.46,500.0
2017-10-12 12:08:00,105.42,105.48,105.41,105.46,2645.0
2017-10-12 12:09:00,105.45,105.45,105.45,105.45,200.0
2017-10-12 12:11:00,105.43,105.46,105.43,105.46,1500.0
2017-10-12 12:13:00,105.38,105.42,105.38,105.42,1100.0
2017-10-12 12:14:00,105.35,105.37,105.35,105.37,300.0
2017-10-12 12:15:00,105.345,105.345,105.345,105.345,100.0
2017-10-12 12:16:00,105.34,105.35,105.27,105.32,2500.0
2017-10-12 12:17:00,105.34,105.355,105.34,105.355,300.0
2017-10-12 12:18:00,105.35,105.35,105.33,105.35,700.0
2017-10-12 12:20:00,105.41,105.44,105.325,105.345,3109.0
2017-10-12 12:22:00,105.38,105.39,105.38,105.39,200.0
2017-10-12 12:23:00,105.365,105.365,105.365,105.365,200.0
2017-10-12 12:24:00,105.39,105.39,105.39,105.39,100.0
2017-10-12 12:25:00,105.43,105.45,105.39,105.39,4500.0
2017-10-12 12:26:00,105.41,105.41,105.41,105.41,200.0
2017-10-12 12:28:00,105.4,105.43,105.4,105.43,300.0
2017-10-12 12:30:00,105.4,105.415,105.4,105.415,300.0
2017-10-12 12:31:00,105.4,105.41,105.4,105.4,1150.0
2017-10-12 12:32:00,105.37,105.42,105.35,105.38,9901.0
2017-10-12 12:33:00,105.365,105.37,105.34,105.35,1961.0
2017-10-12 12:34:00,105.3732,105.3732,105.34,105.365,1640.0
2017-10-12 12:35:00,105.41,105.41,105.39,105.39,2271.0
2017-10-12 12:36:00,105.37,105.39,105.37,105.39,700.0
2017-10-12 12:37:00,105.38,105.41,105.36,105.37,3000.0
2017-10-12 12:38:00,105.41,105.41,105.3999,105.3999,831.0
2017-10-12 12:39:00,105.42,105.45,105.41,105.44,1175.0
2017-10-12 12:41:00,105.4048,105.43,105.4048,105.41,1300.0
2017-10-12 12:42:00,105.37,105.39,105.36,105.39,1024.0
2017-10-12 12:43:00,105.39,105.39,105.39,105.39,1160.0
2017-10-12 12:46:00,105.38,105.38,105.38,105.38,100.0
2017-10-12 12:47:00,105.36,105.39,105.36,105.39,1261.0
2017-10-12 12:49:00,105.38,105.38,105.34,105.35,3365.0
2017-10-12 12:50:00,105.35,105.36,105.33,105.36,1350.0
2017-10-12 12:51:00,105.41,105.41,105.3475,105.3475,2300.0
2017-10-12 12:52:00,105.41,105.455,105.39,105.39,4400.0
2017-10-12 12:56:00,105.38,105.38,105.38,105.38,200.0
2017-10-12 12:57:00,105.38,105.415,105.38,105.405,300.0
2017-10-12 12:58:00,105.405,105.405,105.38,105.38,200.0
2017-10-12 12:59:00,105.455,105.51,105.405,105.43,11622.0
2017-10-12 13:00:00,105.445,105.445,105.445,105.445,100.0
2017-10-12 13:01:00,105.421,105.421,105.421,105.421,500.0
2017-10-12 13:02:00,105.41,105.425,105.35,105.425,5594.0
2017-10-12 13:03:00,105.42,105.42,105.41,105.41,900.0
2017-10-12 13:04:00,105.42,105.42,105.42,105.42,150.0
2017-10-12 13:05:00,105.39,105.42,105.39,105.42,1800.0
2017-10-12 13:06:00,105.4,105.4,105.4,105.4,100.0
2017-10-12 13:07:00,105.44,105.44,105.385,105.385,3800.0
2017-10-12 13:08:00,105.45,105.48,105.445,105.445,600.0
2017-10-12 13:10:00,105.42,105.42,105.42,105.42,1100.0
2017-10-12 13:11:00,105.475,105.475,105.44,105.44,1718.0
2017-10-12 13:12:00,105.42,105.45,105.42,105.45,900.0
2017-10-12 13:13:00,105.44,105.44,105.43,105.43,200.0
2017-10-12 13:14:00,105.4,105.4,105.4,105.4,100.0
2017-10-12 13:15:00,105.39,105.39,105.37,105.38,500.0
2017-10-12 13:16:00,105.37,105.37,105.37,105.37,100.0
2017-10-12 13:17:00,105.38,105.4,105.34,105.36,2100.0
2017-10-12 13:18:00,105.4,105.4,105.37,105.38,813.0
2017-10-12 13:19:00,105.37,105.3966,105.37,105.3966,2237.0
2017-10-12 13:20:00,105.37,105.37,105.37,105.37,900.0
2017-10-12 13:21:00,105.39,105.42,105.37,105.37,1718.0
2017-10-12 13:23:00,105.43,105.44,105.39,105.39,2975.0
2017-10-12 13:26:00,105.4,105.4,105.4,105.4,500.0
2017-10-12 13:27:00,105.39,105.39,105.39,105.39,104.0
2017-10-12 13:28:00,105.36,105.36,105.36,105.36,100.0
2017-10-12 13:29:00,105.41,105.41,105.35,105.36,2400.0
2017-10-12 13:31:00,105.38,105.38,105.38,105.38,300.0
2017-10-12 13:32:00,105.37,105.3802,105.36,105.36,800.0
2017-10-12 13:33:00,105.38,105.38,105.38,105.38,400.0
2017-10-12 13:34:00,105.365,105.41,105.36,105.37,3492.0
2017-10-12 13:35:00,105.41,105.41,105.365,105.365,1000.0
2017-10-12 13:36:00,105.415,105.415,105.39,105.39,1400.0
2017-10-12 13:37:00,105.4,105.43,105.4,105.415,2684.0
2017-10-12 13:38:00,105.42,105.42,105.4,105.4,2350.0
2017-10-12 13:39:00,105.38,105.41,105.38,105.41,2100.0
2017-10-12 13:40:00,105.39,105.41,105.37,105.38,2100.0
2017-10-12 13:41:00,105.37,105.39,105.37,105.39,300.0
2017-10-12 13:42:00,105.4,105.42,105.39,105.4,1589.0
2017-10-12 13:43:00,105.42,105.42,105.39,105.39,200.0
2017-10-12 13:44:00,105.39,105.39,105.38,105.39,600.0
2017-10-12 13:45:00,105.3575,105.39,105.3575,105.37,3526.0
2017-10-12 13:46:00,105.4,105.4,105.36,105.36,1108.0
2017-10-12 13:48:00,105.37,105.37,105.37,105.37,100.0
2017-10-12 13:49:00,105.38,105.38,105.36,105.37,1600.0
2017-10-12 13:50:00,105.37,105.37,105.37,105.37,100.0
2017-10-12 13:51:00,105.38,105.41,105.3576,105.4,2341.0
2017-10-12 13:53:00,105.355,105.355,105.355,105.355,200.0
2017-10-12 13:55:00,105.36,105.37,105.35,105.35,400.0
2017-10-12 13:56:00,105.41,105.41,105.365,105.38,4182.0
2017-10-12 13:57:00,105.39,105.42,105.39,105.42,1100.0
2017-10-12 13:58:00,105.38,105.38,105.38,105.38,100.0
2017-10-12 13:59:00,105.395,105.395,105.395,105.395,100.0
2017-10-12 14:01:00,105.375,105.38,105.375,105.38,824.0
2017-10-12 14:02:00,105.4,105.41,105.36,105.36,2600.0
2017-10-12 14:05:00,105.4,105.42,105.4,105.41,1571.0
2017-10-12 14:06:00,105.36,105.4,105.36,105.4,2439.0
2017-10-12 14:08:00,105.39,105.4,105.37,105.37,1803.0
2017-10-12 14:09:00,105.37,105.42,105.365,105.39,4024.0
2017-10-12 14:10:00,105.35,105.39,105.34,105.37,2099.0
2017-10-12 14:11:00,105.38,105.38,105.34,105.34,5006.0
2017-10-12 14:12:00,105.39,105.39,105.39,105.39,100.0
2017-10-12 14:13:00,105.39,105.41,105.39,105.39,1927.0
2017-10-12 14:14:00,105.39,105.41,105.39,105.4,300.0
2017-10-12 14:15:00,105.4,105.41,105.4,105.41,800.0
2017-10-12 14:16:00,105.4,105.42,105.39,105.411,997.0
2017-10-12 14:17:00,105.35,105.41,105.35,105.41,3318.0
2017-10-12 14:18:00,105.375,105.375,105.37,105.37,1300.0
2017-10-12 14:20:00,105.4,105.4,105.36,105.3675,1501.0
2017-10-12 14:21:00,105.39,105.39,105.39,105.39,200.0
2017-10-12 14:22:00,105.385,105.4,105.385,105.4,300.0
2017-10-12 14:23:00,105.42,105.46,105.385,105.385,2335.0
2017-10-12 14:24:00,105.4074,105.44,105.4074,105.44,794.0
2017-10-12 14:25:00,105.4,105.4,105.36,105.4,3300.0
2017-10-12 14:26:00,105.4,105.4,105.4,105.4,200.0
2017-10-12 14:27:00,105.39,105.41,105.38,105.41,1202.0
2017-10-12 14:28:00,105.41,105.41,105.4,105.4,1000.0
2017-10-12 14:29:00,105.39,105.39,105.38,105.38,1300.0
2017-10-12 14:30:00,105.39,105.39,105.39,105.39,100.0
2017-10-12 14:31:00,105.39,105.39,105.39,105.39,300.0
2017-10-12 14:32:00,105.39,105.42,105.39,105.4,2100.0
2017-10-12 14:33:00,105.41,105.41,105.39,105.39,1500.0
2017-10-12 14:34:00,105.38,105.39,105.38,105.39,200.0
2017-10-12 14:35:00,105.41,105.41,105.41,105.41,800.0
2017-10-12 14:36:00,105.39,105.4,105.39,105.4,800.0
2017-10-12 14:37:00,105.415,105.44,105.37,105.38,4357.0
2017-10-12 14:38:00,105.405,105.405,105.405,105.405,200.0
2017-10-12 14:39:00,105.419,105.419,105.405,105.405,225.0
2017-10-12 14:40:00,105.4,105.4,105.4,105.4,600.0
2017-10-12 14:41:00,105.4,105.41,105.39,105.39,2460.0
2017-10-12 14:42:00,105.39,105.39,105.38,105.38,806.0
2017-10-12 14:43:00,105.41,105.42,105.385,105.385,3300.0
2017-10-12 14:44:00,105.42,105.42,105.42,105.42,100.0
2017-10-12 14:45:00,105.39,105.405,105.38,105.39,1400.0
2017-10-12 14:46:00,105.395,105.395,105.395,105.395,100.0
2017-10-12 14:47:00,105.39,105.39,105.39,105.39,100.0
2017-10-12 14:48:00,105.4,105.41,105.4,105.4,2175.0
2017-10-12 14:49:00,105.41,105.41,105.41,105.41,100.0
2017-10-12 14:50:00,105.35,105.39,105.35,105.39,2458.0
2017-10-12 14:51:00,105.38,105.38,105.31,105.33,2763.0
2017-10-12 14:52:00,105.38,105.38,105.36,105.37,1300.0
2017-10-12 14:53:00,105.34,105.34,105.34,105.34,441.0
2017-10-12 14:54:00,105.35,105.38,105.35,105.37,1800.0
2017-10-12 14:55:00,105.37,105.37,105.34,105.35,500.0
2017-10-12 14:56:00,105.3468,105.35,105.3468,105.35,200.0
2017-10-12 14:57:00,105.36,105.37,105.34,105.34,2600.0
2017-10-12 14:58:00,105.35,105.37,105.35,105.36,1200.0
2017-10-12 14:59:00,105.48,105.48,105.36,105.36,6936.0
2017-10-12 15:00:00,105.5,105.58,105.49,105.49,2850.0
2017-10-12 15:01:00,105.51,105.53,105.51,105.51,600.0
2017-10-12 15:02:00,105.57,105.62,105.52,105.52,3751.0
2017-10-12 15:03:00,105.57,105.59,105.57,105.59,700.0
2017-10-12 15:04:00,105.67,105.72,105.57,105.57,6306.0
2017-10-12 15:05:00,105.62,105.62,105.62,105.62,100.0
2017-10-12 15:06:00,105.585,105.585,105.585,105.585,100.0
2017-10-12 15:07:00,105.62,105.62,105.58,105.58,400.0
2017-10-12 15:08:00,105.66,105.66,105.63,105.63,2633.0
2017-10-12 15:09:00,105.69,105.71,105.66,105.66,2000.0
2017-10-12 15:10:00,105.7,105.7,105.67,105.69,1287.0
2017-10-12 15:11:00,105.74,105.74,105.67,105.68,3217.0
2017-10-12 15:12:00,105.76,105.76,105.721,105.74,2411.0
2017-10-12 15:13:00,105.81,105.81,105.78,105.78,1800.0
2017-10-12 15:14:00,105.83,105.83,105.8,105.81,2015.0
2017-10-12 15:15:00,105.85,105.85,105.83,105.83,756.0
2017-10-12 15:16:00,105.75,105.84,105.72,105.84,2910.0
2017-10-12 15:17:00,105.7525,105.7525,105.7525,105.7525,100.0
2017-10-12 15:18:00,105.77,105.77,105.735,105.735,1504.0
2017-10-12 15:19:00,105.81,105.81,105.74,105.77,3089.0
2017-10-12 15:20:00,105.82,105.82,105.82,105.82,100.0
2017-10-12 15:21:00,105.82,105.86,105.82,105.86,200.0
2017-10-12 15:22:00,105.875,105.8899,105.86,105.86,3000.0
2017-10-12 15:23:00,105.9,105.9,105.86,105.86,3100.0
2017-10-12 15:24:00,105.91,105.91,105.9,105.9,300.0
2017-10-12 15:25:00,105.98,105.98,105.91,105.91,2743.0
2017-10-12 15:26:00,105.925,105.98,105.9154,105.97,3126.0
2017-10-12 15:27:00,105.85,105.9,105.85,105.9,2108.0
2017-10-12 15:28:00,105.86,105.86,105.86,105.86,100.0
2017-10-12 15:29:00,105.81,105.84,105.8,105.84,4085.0
2017-10-12 15:30:00,105.84,105.84,105.83,105.83,1690.0
2017-10-12 15:31:00,105.78,105.81,105.78,105.81,1500.0
2017-10-12 15:32:00,105.81,105.83,105.79,105.8,3026.0
2017-10-12 15:33:00,105.79,105.8,105.79,105.8,1100.0
2017-10-12 15:34:00,105.755,105.79,105.74,105.79,1600.0
2017-10-12 15:35:00,105.725,105.78,105.725,105.76,2770.0
2017-10-12 15:36:00,105.71,105.73,105.705,105.705,1200.0
2017-10-12 15:37:00,105.715,105.73,105.715,105.715,300.0
2017-10-12 15:38:00,105.72,105.73,105.69,105.7,2954.0
2017-10-12 15:39:00,105.76,105.76,105.72,105.72,2540.0
2017-10-12 15:40:00,105.72,105.76,105.69,105.74,5015.0
2017-10-12 15:41:00,105.75,105.75,105.69,105.7,4322.0
2017-10-12 15:42:00,105.74,105.74,105.74,105.74,1400.0
2017-10-12 15:43:00,105.74,105.77,105.74,105.74,3217.0
2017-10-12 15:44:00,105.715,105.75,105.71,105.73,3398.0
2017-10-12 15:45:00,105.73,105.74,105.72,105.72,2777.0
2017-10-12 15:46:00,105.71,105.75,105.71,105.75,5970.0
2017-10-12 15:47:00,105.69,105.72,105.69,105.71,2410.0
2017-10-12 15:48:00,105.7,105.71,105.69,105.71,3050.0
2017-10-12 15:49:00,105.6203,105.7,105.62,105.69,6564.0
2017-10-12 15:50:00,105.62,105.63,105.6,105.62,6283.0
2017-10-12 15:51:00,105.58,105.615,105.58,105.615,3880.0
2017-10-12 15:52:00,105.57,105.61,105.57,105.59,6456.0
2017-10-12 15:53:00,105.61,105.61,105.59,105.59,4354.0
2017-10-12 15:54:00,105.545,105.64,105.545,105.61,9338.0
2017-10-12 15:55:00,105.48,105.54,105.47,105.54,12451.0
2017-10-12 15:56:00,105.43,105.49,105.42,105.48,17317.0
2017-10-12 15:57:00,105.36,105.45,105.35,105.42,14732.0
2017-10-12 15:58:00,105.42,105.42,105.37,105.37,15013.0
2017-10-12 15:59:00,105.4,105.42,105.38,105.41,12819.0
2017-10-12 16:00:00,105.41,105.43,105.4,105.4,21334.0
2017-10-13 09:30:00,105.69,105.69,105.69,105.69,4328.0
2017-10-13 09:33:00,105.845,105.845,105.845,105.845,100.0
2017-10-13 09:35:00,105.69,105.69,105.65,105.69,477.0
2017-10-13 09:36:00,105.3,105.745,105.3,105.745,8825.0
2017-10-13 09:37:00,105.695,105.695,105.31,105.31,3825.0
2017-10-13 09:39:00,105.7086,105.7086,105.7086,105.7086,100.0
2017-10-13 09:40:00,105.75,105.75,105.75,105.75,102.0
2017-10-13 09:42:00,105.595,105.71,105.4,105.71,15793.0
2017-10-13 09:43:00,105.54,105.6,105.44,105.44,300.0
2017-10-13 09:44:00,105.43,105.44,105.43,105.44,200.0
2017-10-13 09:45:00,105.50399999999999,105.50399999999999,105.35,105.43,1026.0
2017-10-13 09:46:00,105.48,105.52,105.41,105.41,1500.0
2017-10-13 09:47:00,105.51,105.52,105.43,105.52,1000.0
2017-10-13 09:48:00,105.53,105.57,105.46,105.48,2200.0
2017-10-13 09:49:00,105.51,105.57,105.49,105.57,1400.0
2017-10-13 09:50:00,105.56,105.56,105.51,105.51,200.0
2017-10-13 09:51:00,105.535,105.56,105.515,105.515,1600.0
2017-10-13 09:52:00,105.59,105.68,105.47,105.54,4700.0
2017-10-13 09:53:00,105.66,105.66,105.62,105.64,500.0
2017-10-13 09:54:00,105.61,105.65,105.6,105.64,2400.0
2017-10-13 09:55:00,105.51,105.62,105.51,105.61,4100.0
2017-10-13 09:56:00,105.56,105.56,105.55,105.55,200.0
2017-10-13 09:57:00,105.61,105.635,105.61,105.63,600.0
2017-10-13 09:59:00,105.66,105.66,105.6,105.61,343.0
2017-10-13 10:00:00,105.55,105.6,105.55,105.6,400.0
2017-10-13 10:02:00,105.55,105.55,105.44,105.47,2449.0
2017-10-13 10:03:00,105.46,105.51,105.46,105.5,700.0
2017-10-13 10:04:00,105.47,105.52,105.47,105.52,600.0
2017-10-13 10:05:00,105.455,105.455,105.455,105.455,100.0
2017-10-13 10:06:00,105.45,105.45,105.445,105.445,200.0
2017-10-13 10:07:00,105.51,105.51,105.42,105.4413,1300.0
2017-10-13 10:08:00,105.61,105.61,105.48,105.48,300.0
2017-10-13 10:09:00,105.55,105.59,105.55,105.59,1300.0
2017-10-13 10:10:00,105.63,105.63,105.57,105.61,1200.0
2017-10-13 10:11:00,105.53,105.61,105.53,105.61,1900.0
2017-10-13 10:12:00,105.54,105.56,105.52,105.56,400.0
2017-10-13 10:13:00,105.55,105.55,105.48,105.5,700.0
2017-10-13 10:15:00,105.44,105.53,105.44,105.53,500.0
2017-10-13 10:16:00,105.41,105.445,105.41,105.44,850.0
2017-10-13 10:17:00,105.35,105.41,105.35,105.41,1200.0
2017-10-13 10:19:00,105.27,105.29,105.255,105.26,1000.0
2017-10-13 10:20:00,105.36,105.38,105.36,105.36,500.0
2017-10-13 10:21:00,105.37,105.38,105.34,105.35,2006.0
2017-10-13 10:22:00,105.4,105.46,105.4,105.43,600.0
2017-10-13 10:25:00,105.47,105.51,105.47,105.47,1300.0
2017-10-13 10:26:00,105.54,105.54,105.47,105.47,339.0
2017-10-13 10:27:00,105.5,105.56,105.44,105.515,3563.0
2017-10-13 10:29:00,105.515,105.54,105.47,105.51,3580.0
2017-10-13 10:30:00,105.41,105.505,105.41,105.48,2800.0
2017-10-13 10:31:00,105.46,105.46,105.42,105.46,1100.0
2017-10-13 10:32:00,105.55,105.55,105.42,105.42,3100.0
2017-10-13 10:35:00,105.525,105.525,105.525,105.525,100.0
2017-10-13 10:36:00,105.5,105.53,105.5,105.52,700.0
2017-10-13 10:37:00,105.5,105.5,105.47,105.49,600.0
2017-10-13 10:38:00,105.525,105.525,105.525,105.525,100.0
2017-10-13 10:39:00,105.49,105.49,105.49,105.49,100.0
2017-10-13 10:40:00,105.49,105.5,105.49,105.5,400.0
2017-10-13 10:41:00,105.48,105.52,105.48,105.52,200.0
2017-10-13 10:42:00,105.465,105.465,105.44,105.46,471.0
2017-10-13 10:43:00,105.495,105.53,105.47,105.49,3700.0
2017-10-13 10:44:00,105.5299,105.5299,105.5299,105.5299,138.0
2017-10-13 10:45:00,105.495,105.5,105.46,105.5,400.0
2017-10-13 10:47:00,105.5,105.5,105.5,105.5,300.0
2017-10-13 10:48:00,105.47,105.51,105.47,105.4925,600.0
2017-10-13 10:50:00,105.45,105.51,105.4,105.47,5600.0
2017-10-13 10:51:00,105.43,105.45,105.395,105.4,600.0
2017-10-13 10:52:00,105.43,105.43,105.35,105.35,2183.0
2017-10-13 10:54:00,105.45,105.45,105.41,105.44,1000.0
2017-10-13 10:55:00,105.45,105.46,105.45,105.46,200.0
2017-10-13 10:56:00,105.48,105.51,105.455,105.455,3350.0
2017-10-13 10:57:00,105.5,105.51,105.45,105.46,4957.0
2017-10-13 10:58:00,105.5,105.5,105.46,105.46,1400.0
2017-10-13 10:59:00,105.45,105.51,105.45,105.49,3888.0
2017-10-13 11:00:00,105.43,105.47,105.43,105.47,700.0
2017-10-13 11:01:00,105.42,105.42,105.41,105.42,1000.0
2017-10-13 11:02:00,105.44,105.44,105.42,105.44,1300.0
2017-10-13 11:03:00,105.47,105.47,105.44,105.44,1000.0
2017-10-13 11:04:00,105.53,105.53,105.48,105.5,9789.0
2017-10-13 11:05:00,105.48,105.53,105.43,105.525,9171.0
2017-10-13 11:06:00,105.49,105.49,105.47,105.47,700.0
2017-10-13 11:07:00,105.47,105.52,105.47,105.5,1600.0
2017-10-13 11:08:00,105.44,105.5,105.44,105.49,1167.0
2017-10-13 11:10:00,105.45,105.45,105.45,105.45,100.0
2017-10-13 11:11:00,105.36,105.44,105.36,105.44,1200.0
2017-10-13 11:12:00,105.37,105.37,105.37,105.37,100.0
2017-10-13 11:14:00,105.22,105.33,105.22,105.33,4100.0
2017-10-13 11:15:00,105.2081,105.27,105.2081,105.25,1000.0
2017-10-13 11:16:00,105.24,105.25,105.19,105.19,2800.0
2017-10-13 11:17:00,105.27,105.27,105.27,105.27,334.0
2017-10-13 11:18:00,105.32,105.32,105.32,105.32,100.0
2017-10-13 11:19:00,105.3,105.32,105.295,105.32,700.0
2017-10-13 11:20:00,105.31,105.32,105.3,105.32,300.0
2017-10-13 11:21:00,105.28,105.3,105.28,105.3,575.0
2017-10-13 11:22:00,105.25,105.25,105.25,105.25,100.0
2017-10-13 11:23:00,105.25,105.25,105.25,105.25,200.0
2017-10-13 11:24:00,105.21,105.24,105.195,105.21,900.0
2017-10-13 11:25:00,105.195,105.22,105.195,105.21,1100.0
2017-10-13 11:26:00,105.14,105.2,105.14,105.18,1100.0
2017-10-13 11:27:00,105.13,105.13,105.125,105.125,700.0
2017-10-13 11:28:00,105.12,105.13,105.08,105.13,600.0
2017-10-13 11:29:00,105.08,105.1,105.08,105.1,361.0
2017-10-13 11:30:00,105.03,105.04,104.99,105.04,800.0
2017-10-13 11:31:00,104.9,105.03,104.9,105.03,1000.0
2017-10-13 11:32:00,104.86,104.92,104.86,104.89,1600.0
2017-10-13 11:33:00,104.89,104.89,104.89,104.89,100.0
2017-10-13 11:34:00,104.73,104.85,104.72,104.85,1987.0
2017-10-13 11:35:00,104.62,104.67,104.57,104.67,4818.0
2017-10-13 11:36:00,104.605,104.605,104.6,104.605,400.0
2017-10-13 11:37:00,104.625,104.64,104.56,104.58,3000.0
2017-10-13 11:38:00,104.72,104.73,104.64,104.64,3200.0
2017-10-13 11:39:00,104.69,104.75,104.69,104.73,1200.0
2017-10-13 11:41:00,104.7,104.73,104.7,104.7,1900.0
2017-10-13 11:42:00,104.7696,104.8127,104.68,104.7125,5941.0
2017-10-13 11:43:00,104.74,104.78,104.74,104.78,859.0
2017-10-13 11:44:00,104.76,104.76,104.76,104.76,100.0
2017-10-13 11:45:00,104.79,104.79,104.77,104.77,1467.0
2017-10-13 11:46:00,104.87,104.87,104.82,104.82,1300.0
2017-10-13 11:47:00,104.94,104.94,104.9,104.9,801.0
2017-10-13 11:48:00,104.92,104.95,104.92,104.95,301.0
2017-10-13 11:49:00,104.93,104.93,104.9,104.9,228.0
2017-10-13 11:50:00,104.87,104.885,104.87,104.885,677.0
2017-10-13 11:51:00,104.86,104.86,104.78,104.86,4428.0
2017-10-13 11:52:00,104.8,104.8,104.8,104.8,775.0
2017-10-13 11:53:00,104.81,104.88,104.81,104.82,2164.0
2017-10-13 11:54:00,104.81,104.85,104.8,104.8331,2700.0
2017-10-13 11:55:00,104.91,104.94,104.88,104.88,1400.0
2017-10-13 11:56:00,104.96,104.96,104.9195,104.9195,2372.0
2017-10-13 11:57:00,105.025,105.06,104.93,104.95,29156.0
2017-10-13 11:58:00,105.005,105.05,104.99,105.025,3543.0
2017-10-13 11:59:00,105.03,105.03,104.99,105.03,1728.0
2017-10-13 12:01:00,105.01,105.03,105.0,105.03,500.0
2017-10-13 12:02:00,104.92,104.99,104.91,104.99,1362.0
2017-10-13 12:03:00,104.88,104.88,104.88,104.88,200.0
2017-10-13 12:04:00,104.88,104.895,104.88,104.88,400.0
2017-10-13 12:05:00,104.82,104.85,104.82,104.85,300.0
2017-10-13 12:06:00,104.89,104.89,104.81,104.81,1000.0
2017-10-13 12:07:00,104.89,104.89,104.89,104.89,300.0
2017-10-13 12:08:00,104.88,104.88,104.86,104.86,200.0
2017-10-13 12:09:00,104.885,104.885,104.885,104.885,100.0
2017-10-13 12:10:00,104.87,104.87,104.87,104.87,100.0
2017-10-13 12:11:00,104.98,104.98,104.88,104.88,2200.0
2017-10-13 12:12:00,104.92,104.92,104.92,104.92,100.0
2017-10-13 12:13:00,104.92,104.94,104.91,104.91,565.0
2017-10-13 12:15:00,104.88,104.91,104.88,104.91,500.0
2017-10-13 12:17:00,104.85,104.87,104.85,104.87,800.0
2017-10-13 12:18:00,104.865,104.87,104.86,104.86,500.0
2017-10-13 12:19:00,104.865,104.865,104.865,104.865,100.0
2017-10-13 12:20:00,104.8,104.85,104.8,104.85,1156.0
2017-10-13 12:21:00,104.79,104.88,104.78,104.78,1243.0
2017-10-13 12:22:00,104.84,104.84,104.82,104.82,300.0
2017-10-13 12:23:00,104.84,104.84,104.84,104.84,100.0
2017-10-13 12:24:00,104.84,104.85,104.84,104.85,300.0
2017-10-13 12:27:00,104.82,104.82,104.82,104.82,200.0
2017-10-13 12:28:00,104.825,104.8265,104.82,104.8265,430.0
2017-10-13 12:29:00,104.8561,104.86,104.84,104.84,1700.0
2017-10-13 12:30:00,104.86,104.87,104.86,104.87,1000.0
2017-10-13 12:31:00,104.86,104.87,104.84,104.84,1200.0
2017-10-13 12:33:00,104.895,104.895,104.88,104.88,300.0
2017-10-13 12:34:00,104.88,104.91,104.86,104.88,700.0
2017-10-13 12:37:00,104.86,104.87,104.86,104.86,400.0
2017-10-13 12:38:00,104.91,104.91,104.8798,104.8798,1000.0
2017-10-13 12:39:00,104.89,104.9297,104.89,104.915,688.0
2017-10-13 12:40:00,104.87,104.8997,104.87,104.8985,800.0
2017-10-13 12:41:00,104.85,104.88,104.85,104.8797,500.0
2017-10-13 12:42:00,104.85,104.8996,104.85,104.88,2621.0
2017-10-13 12:43:00,104.85,104.86,104.83,104.84,2200.0
2017-10-13 12:44:00,104.845,104.85,104.845,104.85,300.0
2017-10-13 12:45:00,104.85,104.85,104.85,104.85,100.0
2017-10-13 12:46:00,104.85,104.8696,104.83,104.83,300.0
2017-10-13 12:47:00,104.81,104.84,104.81,104.83,700.0
2017-10-13 12:48:00,104.82,104.82,104.82,104.82,300.0
2017-10-13 12:49:00,104.86,104.86,104.83,104.83,800.0
2017-10-13 12:51:00,104.86,104.86,104.86,104.86,100.0
2017-10-13 12:52:00,104.86,104.86,104.835,104.835,5200.0
2017-10-13 12:53:00,104.89,104.89,104.84,104.84,1194.0
2017-10-13 12:54:00,104.89,104.89,104.89,104.89,200.0
2017-10-13 12:55:00,104.925,104.93,104.91,104.91,900.0
2017-10-13 12:57:00,104.91,104.91,104.89,104.9,1100.0
2017-10-13 12:58:00,104.89,104.905,104.89,104.905,1089.0
2017-10-13 12:59:00,104.905,104.905,104.87,104.88,1259.0
2017-10-13 13:00:00,104.99,104.99,104.91,104.91,900.0
2017-10-13 13:02:00,104.96,104.98,104.96,104.975,600.0
2017-10-13 13:03:00,104.98,104.98,104.96,104.96,600.0
2017-10-13 13:06:00,104.99,105.0,104.99,104.99,800.0
2017-10-13 13:07:00,104.96,104.96,104.96,104.96,302.0
2017-10-13 13:08:00,104.97,104.97,104.97,104.97,200.0
2017-10-13 13:09:00,104.95,104.95,104.95,104.95,100.0
2017-10-13 13:10:00,104.93,104.93,104.93,104.93,126.0
2017-10-13 13:11:00,104.93,104.95,104.92,104.95,900.0
2017-10-13 13:13:00,104.92,104.92,104.92,104.92,100.0
2017-10-13 13:14:00,104.97,104.97,104.96,104.96,200.0
2017-10-13 13:15:00,104.93,104.93,104.93,104.93,600.0
2017-10-13 13:18:00,104.93,104.93,104.93,104.93,100.0
2017-10-13 13:19:00,104.9,104.93,104.9,104.92,2747.0
2017-10-13 13:20:00,104.88,104.925,104.88,104.9,1814.0
2017-10-13 13:22:00,104.88,104.88,104.87,104.87,1400.0
2017-10-13 13:23:00,104.8,104.875,104.8,104.875,1785.0
2017-10-13 13:24:00,104.82,104.82,104.8,104.8,1000.0
2017-10-13 13:25:00,104.8,104.81,104.8,104.81,600.0
2017-10-13 13:26:00,104.78,104.81,104.76,104.76,1900.0
2017-10-13 13:28:00,104.8,104.8,104.8,104.8,100.0
2017-10-13 13:29:00,104.81,104.81,104.81,104.81,100.0
2017-10-13 13:30:00,104.82,104.82,104.81,104.815,600.0
2017-10-13 13:32:00,104.81,104.83,104.81,104.83,2100.0
2017-10-13 13:33:00,104.8,104.8,104.8,104.8,100.0
2017-10-13 13:35:00,104.83,104.87,104.83,104.83,3000.0
2017-10-13 13:36:00,104.87,104.88,104.85,104.86,3000.0
2017-10-13 13:37:00,104.85,104.87,104.85,104.86,1300.0
2017-10-13 13:38:00,104.85,104.85,104.83,104.84,931.0
2017-10-13 13:40:00,104.87,104.87,104.84,104.84,1039.0
2017-10-13 13:41:00,104.85,104.875,104.85,104.875,1000.0
2017-10-13 13:42:00,104.84,104.85,104.84,104.85,800.0
2017-10-13 13:44:00,104.88,104.88,104.86,104.86,1200.0
2017-10-13 13:45:00,104.79,104.85,104.79,104.85,2506.0
2017-10-13 13:47:00,104.79,104.79,104.78,104.79,700.0
2017-10-13 13:48:00,104.7752,104.809,104.7752,104.809,1100.0
2017-10-13 13:49:00,104.825,104.825,104.79,104.8,1200.0
2017-10-13 13:51:00,104.84,104.84,104.78,104.8,1337.0
2017-10-13 13:52:00,104.8165,104.825,104.8165,104.825,235.0
2017-10-13 13:53:00,104.8,104.8,104.8,104.8,100.0
2017-10-13 13:54:00,104.82,104.82,104.795,104.795,300.0
2017-10-13 13:55:00,104.8,104.82,104.8,104.82,300.0
2017-10-13 13:57:00,104.795,104.795,104.795,104.795,100.0
2017-10-13 13:58:00,104.795,104.795,104.795,104.795,200.0
2017-10-13 13:59:00,104.77,104.77,104.77,104.77,100.0
2017-10-13 14:00:00,104.795,104.795,104.77,104.77,300.0
2017-10-13 14:01:00,104.78,104.795,104.78,104.795,200.0
2017-10-13 14:02:00,104.7999,104.7999,104.77,104.77,727.0
2017-10-13 14:03:00,104.75,104.77,104.75,104.77,600.0
2017-10-13 14:04:00,104.74,104.75,104.74,104.75,400.0
2017-10-13 14:05:00,104.73,104.75,104.73,104.75,200.0
2017-10-13 14:07:00,104.69,104.69,104.69,104.69,100.0
2017-10-13 14:08:00,104.675,104.675,104.675,104.675,300.0
2017-10-13 14:09:00,104.65,104.675,104.65,104.675,200.0
2017-10-13 14:10:00,104.62,104.67,104.62,104.63,1239.0
2017-10-13 14:11:00,104.615,104.62,104.615,104.62,553.0
2017-10-13 14:12:00,104.57,104.57,104.57,104.57,100.0
2017-10-13 14:13:00,104.64,104.64,104.54,104.575,3325.0
2017-10-13 14:16:00,104.7225,104.73,104.59,104.6,2391.0
2017-10-13 14:17:00,104.73,104.765,104.73,104.74,709.0
2017-10-13 14:18:00,104.7,104.79899999999999,104.7,104.79899999999999,1883.0
2017-10-13 14:20:00,104.67,104.67,104.67,104.67,100.0
2017-10-13 14:21:00,104.63,104.69,104.63,104.69,929.0
2017-10-13 14:22:00,104.6,104.63,104.6,104.63,2417.0
2017-10-13 14:23:00,104.56,104.63,104.54,104.61,1500.0
2017-10-13 14:24:00,104.54,104.55,104.52,104.55,1200.0
2017-10-13 14:25:00,104.52,104.52,104.48,104.48,2618.0
2017-10-13 14:26:00,104.49,104.53,104.49,104.53,1730.0
2017-10-13 14:27:00,104.5256,104.5256,104.46,104.49,4006.0
2017-10-13 14:28:00,104.46,104.515,104.46,104.515,1600.0
2017-10-13 14:29:00,104.46,104.47,104.41,104.43,5170.0
2017-10-13 14:30:00,104.465,104.48,104.42,104.44,3609.0
2017-10-13 14:31:00,104.47,104.49,104.46,104.48,2068.0
2017-10-13 14:33:00,104.5002,104.52,104.49,104.49,1900.0
2017-10-13 14:34:00,104.48,104.5,104.48,104.49,700.0
2017-10-13 14:35:00,104.48,104.52,104.44,104.51,6500.0
2017-10-13 14:36:00,104.46,104.48,104.45,104.48,5552.0
2017-10-13 14:37:00,104.45,104.48,104.43,104.46,2540.0
2017-10-13 14:38:00,104.4275,104.44,104.4275,104.44,200.0
2017-10-13 14:39:00,104.39,104.41,104.38,104.41,1300.0
2017-10-13 14:40:00,104.3,104.3801,104.3,104.3801,2400.0
2017-10-13 14:41:00,104.3,104.31,104.29,104.29,400.0
2017-10-13 14:42:00,104.27,104.29,104.27,104.29,300.0
2017-10-13 14:43:00,104.29,104.29,104.29,104.29,100.0
2017-10-13 14:44:00,104.275,104.28,104.26,104.275,400.0
2017-10-13 14:45:00,104.25,104.29,104.25,104.26,700.0
2017-10-13 14:46:00,104.21,104.21,104.2,104.21,1528.0
2017-10-13 14:47:00,104.26,104.27,104.2283,104.2283,2197.0
2017-10-13 14:48:00,104.22,104.26,104.22,104.26,200.0
2017-10-13 14:49:00,104.24,104.27,104.23,104.24,2207.0
2017-10-13 14:50:00,104.18,104.22,104.13,104.22,2902.0
2017-10-13 14:51:00,104.15,104.165,104.15,104.15,919.0
2017-10-13 14:52:00,104.14,104.15,104.14,104.15,300.0
2017-10-13 14:53:00,104.19,104.2,104.1401,104.1401,4984.0
2017-10-13 14:54:00,104.205,104.21,104.16,104.17,700.0
2017-10-13 14:55:00,104.22,104.22,104.22,104.22,100.0
2017-10-13 14:56:00,104.19,104.19,104.19,104.19,300.0
2017-10-13 14:57:00,104.14,104.14,104.14,104.14,100.0
2017-10-13 14:58:00,104.1799,104.18,104.1799,104.18,400.0
2017-10-13 14:59:00,104.08,104.17,104.06,104.155,4929.0
2017-10-13 15:00:00,104.04,104.06,103.99,104.06,4754.0
2017-10-13 15:01:00,104.13,104.13,104.035,104.05,1730.0
2017-10-13 15:02:00,104.14,104.14,104.1,104.1,2577.0
2017-10-13 15:03:00,104.11,104.125,104.11,104.125,1131.0
2017-10-13 15:04:00,104.0701,104.24,104.07,104.13,7008.0
2017-10-13 15:05:00,104.12,104.15,104.04,104.08,4701.0
2017-10-13 15:06:00,104.15,104.185,104.14,104.17,4191.0
2017-10-13 15:07:00,104.14,104.16,104.11,104.11,2050.0
2017-10-13 15:08:00,104.105,104.15,104.07,104.15,5336.0
2017-10-13 15:09:00,104.11,104.12,104.09,104.09,3302.0
2017-10-13 15:10:00,104.16,104.17,104.11,104.13,1379.0
2017-10-13 15:11:00,104.095,104.16,104.08,104.16,3826.0
2017-10-13 15:12:00,104.08,104.095,104.05,104.095,4639.0
2017-10-13 15:13:00,104.105,104.16,104.08,104.08,3976.0
2017-10-13 15:14:00,104.14,104.15,104.12,104.12,1200.0
2017-10-13 15:15:00,104.065,104.14,104.05,104.14,5870.0
2017-10-13 15:16:00,104.13,104.13,104.065,104.065,3922.0
2017-10-13 15:17:00,104.11,104.11,104.08,104.1,1238.0
2017-10-13 15:18:00,104.08,104.1,104.08,104.09,2500.0
2017-10-13 15:19:00,104.13,104.14,104.07,104.08,5570.0
2017-10-13 15:20:00,104.27,104.3,104.12,104.145,11649.0
2017-10-13 15:21:00,104.24,104.28,104.24,104.28,3437.0
2017-10-13 15:22:00,104.2501,104.2501,104.24,104.24,4523.0
2017-10-13 15:23:00,104.27,104.27,104.24,104.25,1100.0
2017-10-13 15:24:00,104.24,104.2692,104.24,104.2692,1800.0
2017-10-13 15:25:00,104.27,104.27,104.24,104.24,1200.0
2017-10-13 15:26:00,104.3,104.3,104.26,104.3,1300.0
2017-10-13 15:27:00,104.33,104.33,104.3,104.32,600.0
2017-10-13 15:28:00,104.27,104.36,104.27,104.33,3470.0
2017-10-13 15:29:00,104.26,104.27,104.26,104.27,1106.0
2017-10-13 15:30:00,104.24,104.26,104.24,104.26,1200.0
2017-10-13 15:31:00,104.19,104.25,104.19,104.24,3400.0
2017-10-13 15:32:00,104.25,104.26,104.2,104.2,3676.0
2017-10-13 15:33:00,104.28,104.31,104.26,104.26,2795.0
2017-10-13 15:34:00,104.23,104.25,104.23,104.25,1184.0
2017-10-13 15:35:00,104.23,104.23,104.19,104.23,2353.0
2017-10-13 15:36:00,104.27,104.27,104.2,104.215,1179.0
2017-10-13 15:37:00,104.23,104.25,104.23,104.25,3271.0
2017-10-13 15:38:00,104.175,104.22,104.15,104.19,6240.0
2017-10-13 15:39:00,104.19,104.19,104.17,104.1792,2212.0
2017-10-13 15:40:00,104.2499,104.25,104.1987,104.1987,1101.0
2017-10-13 15:41:00,104.23,104.25,104.23,104.25,800.0
2017-10-13 15:42:00,104.2501,104.28,104.23,104.23,4174.0
2017-10-13 15:43:00,104.27,104.27,104.24,104.25,2300.0
2017-10-13 15:44:00,104.27,104.27,104.2699,104.27,619.0
2017-10-13 15:45:00,104.18,104.27,104.18,104.27,11774.0
2017-10-13 15:46:00,104.13,104.18,104.13,104.18,3245.0
2017-10-13 15:47:00,104.12,104.18,104.115,104.12,4402.0
2017-10-13 15:48:00,104.1,104.11,104.08,104.11,2936.0
2017-10-13 15:49:00,104.18,104.18,104.0856,104.1,2997.0
2017-10-13 15:50:00,104.18,104.21,104.15,104.18,5081.0
2017-10-13 15:51:00,104.175,104.21,104.16,104.16,3170.0
2017-10-13 15:52:00,104.225,104.23,104.18,104.19,2600.0
2017-10-13 15:53:00,104.19,104.24,104.16,104.24,8496.0
2017-10-13 15:54:00,104.17,104.21,104.16,104.16,3323.0
2017-10-13 15:55:00,104.14,104.18,104.14,104.16,4478.0
2017-10-13 15:56:00,104.09,104.1399,104.08,104.13,3411.0
2017-10-13 15:57:00,104.05,104.1,104.05,104.08,3282.0
2017-10-13 15:58:00,104.0699,104.08,104.05,104.05,8716.0
2017-10-13 15:59:00,104.17,104.17,104.06,104.065,6304.0
2017-10-13 16:00:00,104.17,104.18,104.07,104.17,19159.0
2017-10-16 09:30:00,104.35,104.35,104.35,104.35,4559.0
2017-10-16 09:31:00,103.875,104.555,103.4401,104.0301,6693.0
2017-10-16 09:32:00,103.92,103.92,103.73,103.825,400.0
2017-10-16 09:33:00,103.68,103.8726,103.68,103.8726,1100.0
2017-10-16 09:34:00,103.52,103.68,103.52,103.65,1310.0
2017-10-16 09:35:00,103.6,103.6,103.6,103.6,100.0
2017-10-16 09:36:00,103.725,103.725,103.725,103.725,100.0
2017-10-16 09:37:00,103.69,103.69,103.535,103.59,800.0
2017-10-16 09:38:00,103.645,103.82,103.5301,103.61,29972.0
2017-10-16 09:39:00,103.67,103.74,103.57,103.72,2200.0
2017-10-16 09:40:00,103.365,103.74,103.31,103.67,15893.0
2017-10-16 09:41:00,103.435,103.5,103.3,103.405,9781.0
2017-10-16 09:42:00,103.27,103.455,103.2501,103.39,2345.0
2017-10-16 09:43:00,103.415,103.415,103.3707,103.38,1300.0
2017-10-16 09:44:00,103.48,103.52,103.41,103.41,5303.0
2017-10-16 09:45:00,103.43,103.52,103.31,103.51,3400.0
2017-10-16 09:46:00,103.22,103.415,103.22,103.345,1300.0
2017-10-16 09:47:00,103.415,103.415,103.1118,103.22,3700.0
2017-10-16 09:48:00,103.38,103.38,103.28,103.28,454.0
2017-10-16 09:49:00,103.37,103.37,103.255,103.27,1500.0
2017-10-16 09:50:00,103.265,103.3,103.22,103.28,2645.0
2017-10-16 09:51:00,103.265,103.32,103.25,103.28,5600.0
2017-10-16 09:52:00,103.365,103.41,103.195,103.2,5339.0
2017-10-16 09:53:00,103.27,103.27,103.235,103.24,300.0
2017-10-16 09:54:00,103.22,103.32,103.22,103.255,17000.0
2017-10-16 09:55:00,103.0,103.17,103.0,103.17,2329.0
2017-10-16 09:56:00,103.2,103.2,103.05,103.05,700.0
2017-10-16 09:57:00,103.11,103.25,103.09,103.23,3223.0
2017-10-16 09:58:00,103.105,103.25,103.08,103.17,2400.0
2017-10-16 09:59:00,103.12,103.12,103.05,103.11,685.0
2017-10-16 10:00:00,103.135,103.14,103.09,103.1,1000.0
2017-10-16 10:01:00,103.13,103.19,103.1,103.145,3815.0
2017-10-16 10:02:00,103.11,103.15,103.04,103.14,2500.0
2017-10-16 10:03:00,103.06,103.12,103.04,103.06,6619.0
2017-10-16 10:04:00,102.87100000000001,103.09,102.87,103.09,2331.0
2017-10-16 10:05:00,103.01,103.01,102.7936,102.88,6462.0
2017-10-16 10:06:00,103.04,103.04,102.92,102.92,1672.0
2017-10-16 10:07:00,103.07,103.07,103.01,103.0377,2884.0
2017-10-16 10:08:00,103.15,103.33,103.05,103.05,4334.0
2017-10-16 10:09:00,103.19,103.2,103.15,103.15,1773.0
2017-10-16 10:10:00,103.25,103.25,103.2,103.21,900.0
2017-10-16 10:11:00,103.18,103.23,103.18,103.22,3479.0
2017-10-16 10:12:00,103.1,103.2,103.08,103.2,2599.0
2017-10-16 10:13:00,103.1,103.1,103.04,103.06,700.0
2017-10-16 10:14:00,103.1,103.14,103.07,103.11,2000.0
2017-10-16 10:15:00,103.19,103.19,103.14,103.14,300.0
2017-10-16 10:16:00,103.155,103.155,103.155,103.155,100.0
2017-10-16 10:17:00,103.105,103.18,103.105,103.135,1400.0
2017-10-16 10:18:00,103.01,103.1,102.96,103.1,3333.0
2017-10-16 10:19:00,102.97,103.01,102.97,103.01,1875.0
2017-10-16 10:20:00,102.93,103.0,102.93,102.96,1169.0
2017-10-16 10:21:00,102.89,102.94,102.88,102.89,1506.0
2017-10-16 10:22:00,102.78,102.9025,102.78,102.89,1579.0
2017-10-16 10:23:00,102.7925,102.8141,102.77,102.77,2443.0
2017-10-16 10:24:00,102.88,102.88,102.75,102.75,3871.0
2017-10-16 10:25:00,102.98,102.98,102.84,102.87,3440.0
2017-10-16 10:26:00,102.855,102.94,102.83,102.94,4911.0
2017-10-16 10:27:00,102.9,102.9,102.88,102.88,1200.0
2017-10-16 10:28:00,102.795,102.89,102.77,102.89,4048.0
2017-10-16 10:29:00,102.84,102.84,102.78,102.8,800.0
2017-10-16 10:30:00,102.76100000000001,102.8,102.76100000000001,102.8,400.0
2017-10-16 10:31:00,102.82,102.82,102.82,102.82,100.0
2017-10-16 10:32:00,102.8967,102.8967,102.83,102.83,1200.0
2017-10-16 10:33:00,102.97,102.97,102.88,102.95,300.0
2017-10-16 10:34:00,102.97,102.97,102.97,102.97,100.0
2017-10-16 10:35:00,103.05,103.05,102.94,102.97,1000.0
2017-10-16 10:36:00,102.98,103.0375,102.98,103.0375,2328.0
2017-10-16 10:37:00,102.93,103.0,102.93,103.0,3150.0
2017-10-16 10:38:00,102.83,102.93,102.83,102.93,1655.0
2017-10-16 10:39:00,102.82,102.85,102.82,102.84,700.0
2017-10-16 10:40:00,103.03,103.03,102.845,102.86,5405.0
2017-10-16 10:41:00,102.91,103.02,102.9,103.02,2975.0
2017-10-16 10:42:00,102.77,102.92,102.75,102.92,62755.0
2017-10-16 10:43:00,102.73,102.79,102.72,102.79,1439.0
2017-10-16 10:44:00,102.68,102.75,102.68,102.73,1600.0
2017-10-16 10:45:00,102.79,102.79,102.69,102.69,2952.0
2017-10-16 10:46:00,102.85,102.85,102.85,102.85,100.0
2017-10-16 10:47:00,102.86,102.86,102.85,102.85,300.0
2017-10-16 10:48:00,102.74799999999999,102.8,102.73,102.8,3357.0
2017-10-16 10:49:00,102.73,102.73,102.73,102.73,100.0
2017-10-16 10:50:00,102.85,102.85,102.78,102.78,1724.0
2017-10-16 10:51:00,102.86,102.86,102.835,102.835,300.0
2017-10-16 10:52:00,102.76,102.85,102.76,102.85,2768.0
2017-10-16 10:53:00,102.72,102.76,102.72,102.76,500.0
2017-10-16 10:54:00,102.715,102.755,102.7,102.755,1321.0
2017-10-16 10:55:00,102.75,102.78,102.69,102.69,3880.0
2017-10-16 10:56:00,102.7453,102.7453,102.7453,102.7453,307.0
2017-10-16 10:57:00,102.65,102.78,102.64,102.78,3071.0
2017-10-16 10:58:00,102.72,102.72,102.69,102.69,690.0
2017-10-16 10:59:00,102.73,102.75,102.71,102.73,2840.0
2017-10-16 11:00:00,102.75,102.75,102.74,102.74,500.0
2017-10-16 11:01:00,102.82,102.82,102.76,102.76,700.0
2017-10-16 11:02:00,102.7765,102.83,102.77,102.83,1557.0
2017-10-16 11:03:00,102.9,102.9,102.8,102.8,1995.0
2017-10-16 11:04:00,102.92,102.92,102.92,102.92,677.0
2017-10-16 11:05:00,102.96,102.96,102.95,102.95,200.0
2017-10-16 11:06:00,102.92,102.93,102.89,102.93,6877.0
2017-10-16 11:07:00,102.95,102.95,102.91,102.91,2810.0
2017-10-16 11:08:00,102.91,102.95,102.9,102.95,3000.0
2017-10-16 11:09:00,102.93,102.94,102.93,102.93,1300.0
2017-10-16 11:10:00,102.93,102.93,102.87,102.91,3261.0
2017-10-16 11:11:00,103.0,103.0,102.93,102.93,1950.0
2017-10-16 11:12:00,103.01,103.01,102.9953,102.9953,201.0
2017-10-16 11:13:00,102.98,103.005,102.98,103.0,600.0
2017-10-16 11:14:00,103.02,103.02,103.0,103.01,2200.0
2017-10-16 11:15:00,102.99,103.0,102.96,103.0,3005.0
2017-10-16 11:16:00,102.93,102.96,102.91,102.96,1600.0
2017-10-16 11:17:00,102.95,102.95,102.95,102.95,100.0
2017-10-16 11:18:00,102.94,102.94,102.94,102.94,100.0
2017-10-16 11:19:00,102.95,102.95,102.95,102.95,100.0
2017-10-16 11:20:00,102.95,102.98,102.93,102.94,3490.0
2017-10-16 11:21:00,102.86,102.97,102.86,102.97,1318.0
2017-10-16 11:22:00,102.84,102.85,102.82,102.85,1930.0
2017-10-16 11:23:00,102.855,102.87,102.85,102.85,1245.0
2017-10-16 11:24:00,102.86,102.86,102.86,102.86,100.0
2017-10-16 11:25:00,102.78,102.83,102.78,102.83,1516.0
2017-10-16 11:26:00,102.8,102.83,102.8,102.8,1422.0
2017-10-16 11:27:00,102.81,102.84,102.79,102.84,1884.0
2017-10-16 11:28:00,102.82,102.82,102.78,102.805,3000.0
2017-10-16 11:29:00,102.81,102.81,102.77,102.79,3384.0
2017-10-16 11:30:00,102.949,102.949,102.83,102.83,1900.0
2017-10-16 11:31:00,102.91,102.96,102.91,102.93,1580.0
2017-10-16 11:32:00,102.94,103.0,102.94,102.95,3379.0
2017-10-16 11:33:00,102.98,102.98,102.98,102.98,100.0
2017-10-16 11:37:00,102.83,102.98,102.83,102.98,2750.0
2017-10-16 11:38:00,102.81,102.81,102.81,102.81,100.0
2017-10-16 11:39:00,102.77,102.87,102.76100000000001,102.86,3363.0
2017-10-16 11:40:00,102.79,102.79,102.79,102.79,300.0
2017-10-16 11:41:00,102.85,102.85,102.82,102.82,1959.0
2017-10-16 11:42:00,102.87,102.87,102.8566,102.86,300.0
2017-10-16 11:43:00,102.84,102.84,102.79,102.83,1590.0
2017-10-16 11:44:00,102.7899,102.84,102.75,102.84,1300.0
2017-10-16 11:45:00,102.8,102.8,102.74,102.74,1500.0
2017-10-16 11:46:00,102.8,102.8,102.75,102.75,1950.0
2017-10-16 11:47:00,102.81,102.81,102.79,102.81,1241.0
2017-10-16 11:48:00,102.82,102.82,102.77,102.78,971.0
2017-10-16 11:49:00,102.92,102.92,102.85,102.85,800.0
2017-10-16 11:50:00,102.89,102.92,102.89,102.92,765.0
2017-10-16 11:52:00,102.97,102.97,102.87,102.92,2300.0
2017-10-16 11:53:00,102.97,102.97,102.95,102.95,200.0
2017-10-16 11:54:00,102.84,102.92,102.84,102.92,1600.0
2017-10-16 11:55:00,102.82,102.82,102.82,102.82,100.0
2017-10-16 11:56:00,102.87,102.87,102.86,102.86,1800.0
2017-10-16 11:57:00,102.89,102.89,102.85,102.88,2100.0
2017-10-16 11:58:00,102.9,102.9,102.9,102.9,1000.0
2017-10-16 11:59:00,102.79,102.91,102.79,102.91,1773.0
2017-10-16 12:00:00,102.86,102.9,102.81,102.81,1700.0
2017-10-16 12:01:00,102.9,102.9,102.85,102.85,300.0
2017-10-16 12:02:00,102.9,102.9,102.8619,102.9,2225.0
2017-10-16 12:03:00,102.78,102.88,102.78,102.85,2771.0
2017-10-16 12:04:00,102.77,102.77,102.77,102.77,100.0
2017-10-16 12:05:00,102.88,102.88,102.8,102.8,2634.0
2017-10-16 12:06:00,102.83,102.84,102.83,102.84,500.0
2017-10-16 12:07:00,102.87,102.92,102.87,102.88,7500.0
2017-10-16 12:08:00,102.97,102.97,102.92,102.92,2317.0
2017-10-16 12:09:00,102.975,102.9831,102.975,102.9831,1100.0
2017-10-16 12:10:00,102.94,103.01,102.91,103.01,1315.0
2017-10-16 12:11:00,102.95,102.95,102.95,102.95,400.0
2017-10-16 12:12:00,102.99,102.99,102.99,102.99,100.0
2017-10-16 12:13:00,102.98,102.98,102.98,102.98,100.0
2017-10-16 12:15:00,102.98,102.98,102.95,102.98,400.0
2017-10-16 12:16:00,103.0,103.01,102.97,102.97,1400.0
2017-10-16 12:18:00,103.02,103.02,103.0,103.0,695.0
2017-10-16 12:19:00,103.0,103.02,103.0,103.02,1747.0
2017-10-16 12:20:00,102.95,103.0,102.95,103.0,2300.0
2017-10-16 12:21:00,102.99,102.99,102.99,102.99,100.0
2017-10-16 12:22:00,102.965,102.99,102.965,102.9775,800.0
2017-10-16 12:23:00,102.9,102.99,102.9,102.965,4548.0
2017-10-16 12:25:00,102.92,102.94,102.92,102.94,200.0
2017-10-16 12:26:00,102.84,102.92,102.84,102.9175,1263.0
2017-10-16 12:27:00,102.84,102.84,102.84,102.84,200.0
2017-10-16 12:28:00,102.9,102.9,102.85,102.85,2600.0
2017-10-16 12:30:00,102.9,102.9,102.9,102.9,100.0
2017-10-16 12:31:00,102.93,102.93,102.8833,102.8833,2713.0
2017-10-16 12:32:00,102.86,102.94,102.86,102.935,1681.0
2017-10-16 12:33:00,102.88,102.9,102.86,102.86,1210.0
2017-10-16 12:35:00,102.83,102.9,102.83,102.9,702.0
2017-10-16 12:36:00,102.89,102.9,102.81,102.81,1654.0
2017-10-16 12:38:00,102.89,102.89,102.89,102.89,100.0
2017-10-16 12:39:00,102.9,102.9,102.9,102.9,200.0
2017-10-16 12:40:00,102.83,102.86,102.83,102.86,1163.0
2017-10-16 12:42:00,102.86,102.88,102.85,102.88,2035.0
2017-10-16 12:43:00,102.86,102.86,102.8,102.81,950.0
2017-10-16 12:44:00,102.81,102.81,102.81,102.81,100.0
2017-10-16 12:45:00,102.86,102.86,102.86,102.86,700.0
2017-10-16 12:46:00,102.84,102.84,102.84,102.84,600.0
2017-10-16 12:47:00,102.87,102.89,102.86,102.86,1415.0
2017-10-16 12:48:00,102.82,102.8759,102.82,102.8759,2604.0
2017-10-16 12:49:00,102.87,102.87,102.85,102.85,325.0
2017-10-16 12:50:00,102.86,102.86,102.86,102.86,100.0
2017-10-16 12:51:00,102.885,102.94,102.87,102.88,17323.0
2017-10-16 12:52:00,102.9,102.91,102.87,102.885,400.0
2017-10-16 12:53:00,102.87,102.89,102.86,102.875,1500.0
2017-10-16 12:54:00,102.9075,102.92,102.9,102.9,1125.0
2017-10-16 12:56:00,102.93,102.93,102.93,102.93,100.0
2017-10-16 12:57:00,102.9,102.92,102.88,102.91,3646.0
2017-10-16 12:58:00,102.8308,102.87,102.82,102.87,1667.0
2017-10-16 12:59:00,102.87,102.89,102.84,102.85,3015.0
2017-10-16 13:01:00,102.86,102.86,102.83,102.85,1800.0
2017-10-16 13:02:00,102.86,102.86,102.86,102.86,100.0
2017-10-16 13:04:00,102.83,102.86,102.83,102.86,862.0
2017-10-16 13:05:00,102.83,102.83,102.83,102.83,100.0
2017-10-16 13:06:00,102.84,102.86,102.84,102.85,2539.0
2017-10-16 13:07:00,102.84,102.84,102.83,102.83,560.0
2017-10-16 13:08:00,102.855,102.86,102.82,102.86,600.0
2017-10-16 13:09:00,102.8535,102.86,102.84,102.86,3000.0
2017-10-16 13:10:00,102.86,102.86,102.86,102.86,100.0
2017-10-16 13:11:00,102.815,102.85,102.81,102.85,1544.0
2017-10-16 13:12:00,102.84,102.84,102.8,102.8,1919.0
2017-10-16 13:14:00,102.87,102.87,102.82,102.85,1500.0
2017-10-16 13:15:00,102.851,102.88,102.851,102.88,350.0
2017-10-16 13:16:00,102.9,102.9,102.87,102.87,1800.0
2017-10-16 13:17:00,102.85,102.9,102.85,102.9,656.0
2017-10-16 13:18:00,102.84,102.88,102.84,102.88,2380.0
2017-10-16 13:19:00,102.83,102.85,102.83,102.85,869.0
2017-10-16 13:20:00,102.83,102.84,102.82,102.83,3349.0
2017-10-16 13:21:00,102.81,102.83,102.81,102.82,1004.0
2017-10-16 13:22:00,102.81,102.81,102.8,102.8,600.0
2017-10-16 13:23:00,102.82,102.83,102.8,102.8,4500.0
2017-10-16 13:24:00,102.75,102.82,102.75,102.81,1600.0
2017-10-16 13:25:00,102.7157,102.77,102.67,102.7699,3750.0
2017-10-16 13:26:00,102.72,102.72,102.72,102.72,300.0
2017-10-16 13:27:00,102.74,102.76,102.74,102.74,1440.0
2017-10-16 13:29:00,102.73,102.78,102.73,102.75,846.0
2017-10-16 13:30:00,102.75,102.75,102.75,102.75,100.0
2017-10-16 13:31:00,102.75,102.75,102.75,102.75,100.0
2017-10-16 13:32:00,102.75,102.75,102.7383,102.75,619.0
2017-10-16 13:33:00,102.74,102.75,102.74,102.75,300.0
2017-10-16 13:34:00,102.75,102.76,102.73,102.75,2647.0
2017-10-16 13:35:00,102.71,102.72,102.71,102.72,500.0
2017-10-16 13:36:00,102.74,102.74,102.74,102.74,200.0
2017-10-16 13:37:00,102.72,102.74,102.71,102.71,400.0
2017-10-16 13:38:00,102.73,102.73,102.73,102.73,100.0
2017-10-16 13:39:00,102.73,102.73,102.73,102.73,100.0
2017-10-16 13:40:00,102.71,102.75,102.71,102.74,900.0
2017-10-16 13:41:00,102.73,102.73,102.73,102.73,300.0
2017-10-16 13:42:00,102.73,102.73,102.73,102.73,200.0
2017-10-16 13:43:00,102.7,102.72,102.7,102.72,1199.0
2017-10-16 13:44:00,102.73,102.74,102.72,102.72,2086.0
2017-10-16 13:45:00,102.7315,102.74,102.72,102.72,500.0
2017-10-16 13:46:00,102.72,102.85,102.72,102.74,6929.0
2017-10-16 13:48:00,102.79,102.79,102.78,102.78,753.0
2017-10-16 13:49:00,102.78,102.78,102.78,102.78,100.0
2017-10-16 13:50:00,102.81,102.81,102.81,102.81,100.0
2017-10-16 13:51:00,102.81,102.81,102.81,102.81,100.0
2017-10-16 13:52:00,102.73,102.78,102.73,102.78,3971.0
2017-10-16 13:53:00,102.73,102.75,102.73,102.73,1750.0
2017-10-16 13:54:00,102.67,102.72,102.63,102.72,1758.0
2017-10-16 13:55:00,102.58,102.66,102.58,102.66,1500.0
2017-10-16 13:56:00,102.57,102.66,102.57,102.6,4267.0
2017-10-16 13:57:00,102.58,102.58,102.58,102.58,200.0
2017-10-16 13:59:00,102.51,102.57,102.51,102.57,2720.0
2017-10-16 14:00:00,102.52,102.53,102.5,102.51,2200.0
2017-10-16 14:01:00,102.5924,102.6,102.54,102.54,3163.0
2017-10-16 14:02:00,102.61,102.61,102.57,102.57,2474.0
2017-10-16 14:03:00,102.62,102.62,102.62,102.62,100.0
2017-10-16 14:04:00,102.64,102.66,102.6,102.6,1100.0
2017-10-16 14:05:00,102.625,102.65,102.61,102.65,2000.0
2017-10-16 14:06:00,102.62,102.62,102.58,102.62,1722.0
2017-10-16 14:07:00,102.6,102.63,102.6,102.6,2100.0
2017-10-16 14:08:00,102.6,102.61,102.56,102.6,2502.0
2017-10-16 14:09:00,102.48,102.59,102.47,102.59,4000.0
2017-10-16 14:10:00,102.58,102.58,102.51,102.51,4252.0
2017-10-16 14:11:00,102.55,102.57,102.55,102.57,1518.0
2017-10-16 14:12:00,102.53,102.55,102.53,102.55,2300.0
2017-10-16 14:13:00,102.56,102.59,102.545,102.56,5587.0
2017-10-16 14:15:00,102.57,102.6,102.57,102.59,1419.0
2017-10-16 14:16:00,102.57,102.57,102.55,102.57,1444.0
2017-10-16 14:17:00,102.57,102.6,102.56,102.58,3250.0
2017-10-16 14:18:00,102.56,102.59,102.56,102.59,200.0
2017-10-16 14:19:00,102.5,102.5601,102.5,102.56,3039.0
2017-10-16 14:20:00,102.55,102.55,102.51,102.51,1379.0
2017-10-16 14:21:00,102.42,102.56,102.4003,102.56,3619.0
2017-10-16 14:22:00,102.32,102.435,102.32,102.42,3600.0
2017-10-16 14:23:00,102.35,102.38,102.32,102.3494,1919.0
2017-10-16 14:24:00,102.39,102.39,102.32,102.32,3819.0
2017-10-16 14:25:00,102.36,102.41,102.36,102.39,1600.0
2017-10-16 14:26:00,102.36,102.41,102.36,102.4,1400.0
2017-10-16 14:27:00,102.28,102.35,102.28,102.35,1000.0
2017-10-16 14:28:00,102.26,102.32,102.26,102.32,1425.0
2017-10-16 14:29:00,102.28,102.33,102.27,102.27,4691.0
2017-10-16 14:30:00,102.23,102.2968,102.23,102.2968,1350.0
2017-10-16 14:31:00,102.2468,102.26,102.21,102.22,1858.0
2017-10-16 14:32:00,102.28,102.28,102.24,102.27,1200.0
2017-10-16 14:33:00,102.24,102.26,102.22,102.25,2926.0
2017-10-16 14:34:00,102.0701,102.24,102.07,102.24,7100.0
2017-10-16 14:35:00,101.95,102.11,101.94,102.07,5844.0
2017-10-16 14:36:00,102.03,102.08,101.92,101.92,6877.0
2017-10-16 14:37:00,102.08,102.08,102.0,102.055,2319.0
2017-10-16 14:38:00,101.96,102.08,101.88,102.04,6904.0
2017-10-16 14:39:00,102.0492,102.05,101.97,101.97,5900.0
2017-10-16 14:40:00,102.0,102.11,102.0,102.06,5215.0
2017-10-16 14:41:00,102.02,102.02,101.96,102.0,700.0
2017-10-16 14:42:00,102.01,102.06,101.99,102.03,3299.0
2017-10-16 14:43:00,101.98,102.0,101.98,102.0,939.0
2017-10-16 14:44:00,101.96,102.02,101.96,102.02,200.0
2017-10-16 14:45:00,102.0,102.0,101.93,101.96,2500.0
2017-10-16 14:46:00,102.0065,102.0065,102.0,102.0,200.0
2017-10-16 14:47:00,102.0,102.031,102.0,102.031,700.0
2017-10-16 14:48:00,102.0,102.03,102.0,102.03,400.0
2017-10-16 14:49:00,102.03,102.03,101.99,102.0,800.0
2017-10-16 14:50:00,102.0,102.03,102.0,102.03,300.0
2017-10-16 14:51:00,102.0,102.02,101.99,101.99,1500.0
2017-10-16 14:52:00,102.07,102.07,102.0,102.02,6186.0
2017-10-16 14:53:00,102.05,102.05,102.01,102.0401,4000.0
2017-10-16 14:55:00,102.1017,102.14,102.06,102.06,1791.0
2017-10-16 14:56:00,102.03,102.11,102.02,102.11,2834.0
2017-10-16 14:57:00,102.0576,102.06,102.02,102.02,906.0
2017-10-16 14:58:00,101.95,102.04,101.9,102.04,3948.0
2017-10-16 14:59:00,102.07,102.07,101.98,102.0,3033.0
2017-10-16 15:00:00,102.03,102.03,102.01,102.03,1750.0
2017-10-16 15:01:00,101.985,102.05,101.985,102.0202,2708.0
2017-10-16 15:02:00,101.97,102.01,101.94,102.01,300.0
2017-10-16 15:03:00,102.05,102.05,102.0,102.0,1000.0
2017-10-16 15:04:00,101.99,102.07,101.99,102.05,5042.0
2017-10-16 15:05:00,102.06,102.08,101.995,101.995,3299.0
2017-10-16 15:06:00,102.1,102.1,102.08,102.08,400.0
2017-10-16 15:07:00,102.01,102.09,102.01,102.075,3289.0
2017-10-16 15:08:00,102.085,102.085,102.02,102.02,1600.0
2017-10-16 15:09:00,102.05,102.07,102.05,102.07,900.0
2017-10-16 15:10:00,102.07,102.09,102.05,102.09,800.0
2017-10-16 15:11:00,102.0707,102.08,102.05,102.05,900.0
2017-10-16 15:12:00,102.06,102.06,102.03,102.05,2506.0
2017-10-16 15:13:00,102.08,102.08,102.05,102.05,1700.0
2017-10-16 15:14:00,102.05,102.07,102.05,102.06,1733.0
2017-10-16 15:15:00,102.02,102.09,102.0,102.05,3273.0
2017-10-16 15:16:00,101.96,102.0,101.94,102.0,1599.0
2017-10-16 15:17:00,101.99,102.01,101.99,101.99,1800.0
2017-10-16 15:18:00,101.94,101.99,101.94,101.99,2301.0
2017-10-16 15:19:00,101.98,101.98,101.96,101.96,1210.0
2017-10-16 15:20:00,102.05,102.05,102.0,102.0,2250.0
2017-10-16 15:21:00,102.12,102.12,102.08,102.08,999.0
2017-10-16 15:22:00,102.0899,102.12,102.07,102.11,4186.0
2017-10-16 15:23:00,102.03,102.09,102.03,102.06,3048.0
2017-10-16 15:24:00,102.06,102.06,102.0,102.01,1425.0
2017-10-16 15:25:00,102.04,102.07,102.03,102.05,1600.0
2017-10-16 15:26:00,102.07,102.07,102.04,102.04,200.0
2017-10-16 15:27:00,102.07,102.07,102.04,102.07,700.0
2017-10-16 15:28:00,102.06,102.07,102.03,102.07,7335.0
2017-10-16 15:29:00,102.05,102.07700000000001,102.05,102.05,4722.0
2017-10-16 15:30:00,101.99,102.05,101.97,102.05,7408.0
2017-10-16 15:31:00,102.0,102.03,101.98,101.98,2891.0
2017-10-16 15:32:00,101.99,102.03,101.97,102.03,2880.0
2017-10-16 15:33:00,101.98,102.01,101.98,101.99,8917.0
2017-10-16 15:34:00,101.94,102.0,101.9,101.99,8388.0
2017-10-16 15:35:00,101.99,101.99,101.96,101.96,2911.0
2017-10-16 15:36:00,101.99,101.99,101.9899,101.9899,316.0
2017-10-16 15:37:00,101.98,101.98,101.97,101.97,522.0
2017-10-16 15:38:00,101.89,101.98,101.85,101.975,12375.0
2017-10-16 15:39:00,101.99,101.99,101.94,101.94,2595.0
2017-10-16 15:40:00,101.95,102.0,101.95,101.99,3999.0
2017-10-16 15:41:00,101.96,101.96,101.93,101.94,17512.0
2017-10-16 15:42:00,101.8328,101.96,101.83,101.96,8425.0
2017-10-16 15:43:00,101.9,101.9,101.86,101.87,6971.0
2017-10-16 15:44:00,101.88,101.9,101.85,101.9,6408.0
2017-10-16 15:45:00,101.87,101.88,101.86,101.86,7590.0
2017-10-16 15:46:00,101.82,101.87,101.82,101.87,10220.0
2017-10-16 15:47:00,101.88,101.88,101.82,101.84,7482.0
2017-10-16 15:48:00,101.9899,102.0,101.88,101.885,4949.0
2017-10-16 15:49:00,102.03,102.03,101.97,101.99,5350.0
2017-10-16 15:50:00,101.97,102.03,101.96,102.03,8348.0
2017-10-16 15:51:00,101.91,101.97,101.84,101.95,12911.0
2017-10-16 15:52:00,101.95,101.95,101.92,101.92,3455.0
2017-10-16 15:53:00,101.95,101.96,101.92,101.95,11016.0
2017-10-16 15:54:00,101.98,101.98,101.94,101.95,13247.0
2017-10-16 15:55:00,101.97,102.0,101.96,101.9701,8498.0
2017-10-16 15:56:00,102.0,102.0,101.99,102.0,7178.0
2017-10-16 15:57:00,101.99,101.995,101.95,101.99,13673.0
2017-10-16 15:58:00,102.01,102.01,101.96,101.98,9538.0
2017-10-16 15:59:00,102.03,102.03,102.0,102.0,6468.0
2017-10-16 16:00:00,101.91,102.03,101.85,102.03,35526.0
2017-10-17 09:30:00,101.5,101.5,101.07,101.25,16523.0
2017-10-17 09:31:00,101.35,101.5,101.13,101.13,2950.0
2017-10-17 09:32:00,101.3747,101.45,101.3747,101.45,950.0
2017-10-17 09:33:00,101.48,101.55,101.41,101.41,2429.0
2017-10-17 09:34:00,101.57,101.7,101.55,101.55,2166.0
2017-10-17 09:35:00,101.44,101.64,101.41,101.56,9200.0
2017-10-17 09:36:00,101.54,101.66,101.53,101.54,1000.0
2017-10-17 09:37:00,101.36,101.6116,101.36,101.6116,2370.0
2017-10-17 09:38:00,101.13,101.365,101.11,101.265,3001.0
2017-10-17 09:39:00,101.23,101.33,101.1401,101.205,6200.0
2017-10-17 09:40:00,101.29,101.38,101.23,101.29299999999999,2714.0
2017-10-17 09:41:00,101.11,101.34,101.1,101.31,6240.0
2017-10-17 09:42:00,101.11,101.165,101.11,101.1101,600.0
2017-10-17 09:43:00,101.05,101.1,101.0001,101.08,2100.0
2017-10-17 09:44:00,101.0,101.07,100.97,101.045,8631.0
2017-10-17 09:45:00,100.395,101.06,100.395,101.05,29083.0
2017-10-17 09:46:00,100.45,100.55,100.42,100.45,5305.0
2017-10-17 09:47:00,100.5301,100.62,100.46,100.49,24820.0
2017-10-17 09:48:00,100.67,100.695,100.53,100.59,10104.0
2017-10-17 09:49:00,100.91,100.93,100.72,100.72,1700.0
2017-10-17 09:50:00,100.86,100.985,100.84,100.9551,5368.0
2017-10-17 09:51:00,101.02,101.055,100.85,100.85,17392.0
2017-10-17 09:52:00,100.97,100.97,100.87,100.935,7600.0
2017-10-17 09:53:00,101.03,101.03,100.93,101.0199,14609.0
2017-10-17 09:54:00,101.04,101.04,100.93,101.02,6605.0
2017-10-17 09:55:00,101.0,101.045,100.92,101.01,14110.0
2017-10-17 09:56:00,101.0,101.05,100.98,101.0499,4518.0
2017-10-17 09:57:00,100.9699,101.02,100.95,101.01,2600.0
2017-10-17 09:58:00,100.77,100.98,100.76,100.93,4809.0
2017-10-17 09:59:00,100.71,100.79,100.65,100.75,5650.0
2017-10-17 10:00:00,100.56,100.6999,100.56,100.69,4025.0
2017-10-17 10:01:00,100.47,100.5699,100.46,100.5101,3600.0
2017-10-17 10:02:00,100.5099,100.54,100.45,100.52,9513.0
2017-10-17 10:03:00,100.365,100.5,100.26,100.4501,11761.0
2017-10-17 10:04:00,100.34,100.3599,100.24,100.34,4700.0
2017-10-17 10:05:00,100.37,100.45,100.33,100.34,8403.0
2017-10-17 10:06:00,100.41,100.43,100.36,100.43,900.0
2017-10-17 10:07:00,100.26,100.36,100.25,100.36,4501.0
2017-10-17 10:08:00,100.32,100.32,100.2266,100.29,3900.0
2017-10-17 10:09:00,100.19,100.31,100.12,100.3,9785.0
2017-10-17 10:10:00,100.21,100.22,100.18,100.18,3100.0
2017-10-17 10:11:00,100.23,100.31,100.15,100.22,24726.0
2017-10-17 10:12:00,100.29,100.305,100.22,100.225,7580.0
2017-10-17 10:13:00,100.3537,100.3537,100.27,100.2998,16192.0
2017-10-17 10:14:00,100.42,100.42,100.25,100.33,18210.0
2017-10-17 10:15:00,100.55,100.55,100.395,100.395,14308.0
2017-10-17 10:16:00,100.74,100.74,100.54,100.56,9370.0
2017-10-17 10:17:00,100.61,100.7125,100.53,100.7125,8978.0
2017-10-17 10:18:00,100.52,100.64,100.51,100.64,6350.0
2017-10-17 10:19:00,100.635,100.635,100.4654,100.525,13479.0
2017-10-17 10:20:00,100.55,100.64,100.5,100.64,11700.0
2017-10-17 10:21:00,100.845,100.845,100.555,100.555,14194.0
2017-10-17 10:22:00,100.88,100.88,100.831,100.831,2850.0
2017-10-17 10:23:00,100.79,100.88,100.79,100.88,3210.0
2017-10-17 10:24:00,100.76,100.7902,100.76,100.7902,400.0
2017-10-17 10:25:00,100.76,100.79,100.71,100.79,3385.0
2017-10-17 10:26:00,100.6999,100.75,100.65,100.75,2610.0
2017-10-17 10:27:00,100.66,100.71,100.66,100.685,2117.0
2017-10-17 10:28:00,100.6,100.6299,100.51,100.62,3050.0
2017-10-17 10:29:00,100.66,100.72,100.59,100.6,3500.0
2017-10-17 10:30:00,100.76,100.78,100.72,100.74,6625.0
2017-10-17 10:31:00,100.74,100.78,100.73,100.76,9811.0
2017-10-17 10:32:00,100.73,100.76,100.69,100.74,9018.0
2017-10-17 10:33:00,100.76,100.875,100.745,100.745,6075.0
2017-10-17 10:34:00,100.81,100.81,100.74,100.79,4522.0
2017-10-17 10:35:00,100.85,100.88,100.78,100.87,3600.0
2017-10-17 10:36:00,100.8,100.88,100.77,100.85,9756.0
2017-10-17 10:37:00,100.83,100.89,100.81,100.81,5228.0
2017-10-17 10:38:00,100.8,100.86,100.78,100.82,2450.0
2017-10-17 10:39:00,100.79,100.8599,100.78,100.8,3214.0
2017-10-17 10:40:00,100.81,100.83,100.74,100.81,4960.0
2017-10-17 10:41:00,100.795,100.83,100.77,100.7991,8900.0
2017-10-17 10:42:00,100.7,100.77,100.7,100.77,1401.0
2017-10-17 10:43:00,100.55,100.78,100.53,100.74,13689.0
2017-10-17 10:44:00,100.47,100.58,100.45,100.57,14992.0
2017-10-17 10:45:00,100.39,100.58,100.21,100.47,21489.0
2017-10-17 10:46:00,100.256,100.48,100.05,100.38,25036.0
2017-10-17 10:47:00,100.2316,100.3,100.2,100.22,3350.0
2017-10-17 10:48:00,100.33,100.39,100.22,100.26,4400.0
2017-10-17 10:49:00,100.46,100.53,100.3,100.43,4744.0
2017-10-17 10:50:00,100.38,100.47,100.38,100.465,1787.0
2017-10-17 10:51:00,100.32,100.43,100.31,100.35,3572.0
2017-10-17 10:52:00,99.895,100.32,99.78,100.32,8376.0
2017-10-17 10:53:00,99.86,99.95,99.84,99.88,2100.0
2017-10-17 10:54:00,99.94,99.96,99.71,99.85,13422.0
2017-10-17 10:55:00,100.02,100.19,99.96,99.98,17800.0
2017-10-17 10:56:00,99.97,100.05,99.97,100.025,1800.0
2017-10-17 10:57:00,99.95,100.02,99.95,100.01,494.0
2017-10-17 10:58:00,99.84,99.95,99.71,99.95,7994.0
2017-10-17 10:59:00,99.76,99.87,99.76,99.86,4317.0
2017-10-17 11:00:00,99.76,99.78,99.75,99.78,855.0
2017-10-17 11:01:00,99.785,99.81,99.75,99.76,2600.0
2017-10-17 11:02:00,99.77,99.85,99.7,99.79,9028.0
2017-10-17 11:03:00,99.7755,99.79,99.75,99.76,3894.0
2017-10-17 11:04:00,99.77,99.77,99.72,99.77,5950.0
2017-10-17 11:05:00,99.795,99.85,99.77,99.77,4312.0
2017-10-17 11:06:00,99.85,99.85,99.76,99.76,3305.0
2017-10-17 11:07:00,99.96,99.96,99.8,99.85,6100.0
2017-10-17 11:08:00,99.88,99.96,99.88,99.95,1800.0
2017-10-17 11:09:00,99.89,99.935,99.88,99.91,6048.0
2017-10-17 11:10:00,99.92,99.97,99.9,99.9,2437.0
2017-10-17 11:11:00,99.965,99.97,99.912,99.912,4375.0
2017-10-17 11:12:00,100.07,100.1,99.97,99.98,24391.0
2017-10-17 11:13:00,100.12,100.15,100.07,100.07,5115.0
2017-10-17 11:14:00,100.1008,100.14,100.08,100.14,2100.0
2017-10-17 11:15:00,100.19,100.19,100.07,100.09,4973.0
2017-10-17 11:16:00,100.2546,100.26,100.18,100.18,4639.0
2017-10-17 11:17:00,100.23,100.2699,100.19,100.24,5846.0
2017-10-17 11:18:00,100.19,100.2,100.14,100.2,2450.0
2017-10-17 11:19:00,100.17,100.17,100.17,100.17,3039.0
2017-10-17 11:20:00,100.13,100.2,100.12,100.17,12113.0
2017-10-17 11:21:00,100.15,100.17,100.12,100.16,3500.0
2017-10-17 11:22:00,99.97,100.14,99.97,100.14,2634.0
2017-10-17 11:23:00,99.9911,100.03,99.9911,100.03,1158.0
2017-10-17 11:24:00,99.95,100.01,99.95,100.0,1050.0
2017-10-17 11:25:00,99.94,99.955,99.9,99.955,1674.0
2017-10-17 11:26:00,99.97,99.97,99.89,99.89,1293.0
2017-10-17 11:27:00,99.97,99.97,99.95,99.95,1595.0
2017-10-17 11:28:00,100.0,100.0,99.91,99.91,1500.0
2017-10-17 11:29:00,99.95,100.02,99.95,100.0,7633.0
2017-10-17 11:30:00,99.9625,99.9625,99.95,99.95,400.0
2017-10-17 11:31:00,99.91,99.95,99.91,99.95,713.0
2017-10-17 11:32:00,99.89,99.9094,99.85,99.9094,4421.0
2017-10-17 11:33:00,99.91,99.91,99.87,99.88,4224.0
2017-10-17 11:34:00,99.885,99.91,99.87,99.91,600.0
2017-10-17 11:35:00,99.82,99.88,99.82,99.87,2300.0
2017-10-17 11:36:00,99.85,99.85,99.83,99.845,1400.0
2017-10-17 11:37:00,99.8885,99.89,99.85,99.86,9564.0
2017-10-17 11:38:00,99.98,99.98,99.91,99.91,3082.0
2017-10-17 11:39:00,99.94,100.01,99.94,99.965,3900.0
2017-10-17 11:41:00,99.98,99.99,99.95,99.99,2250.0
2017-10-17 11:42:00,99.99,99.99,99.99,99.99,100.0
2017-10-17 11:43:00,100.0,100.07,99.99,100.0,7125.0
2017-10-17 11:44:00,100.0,100.02,99.99,100.0,3524.0
2017-10-17 11:45:00,100.02,100.02,99.9995,100.0,34550.0
2017-10-17 11:46:00,100.15,100.165,99.98,100.0,7300.0
2017-10-17 11:47:00,100.26,100.27,100.19,100.19,1526.0
2017-10-17 11:48:00,100.27,100.27,100.26,100.27,800.0
2017-10-17 11:49:00,100.27,100.27,100.25,100.27,1100.0
2017-10-17 11:50:00,100.31,100.31,100.27,100.27,1900.0
2017-10-17 11:51:00,100.42,100.44,100.33,100.33,2532.0
2017-10-17 11:52:00,100.46,100.46,100.43,100.43,800.0
2017-10-17 11:53:00,100.57,100.59,100.48,100.48,2400.0
2017-10-17 11:54:00,100.42,100.51,100.41,100.51,5752.0
2017-10-17 11:55:00,100.36,100.49,100.36,100.46,1800.0
2017-10-17 11:57:00,100.3,100.3,100.3,100.3,100.0
2017-10-17 11:58:00,100.31,100.32,100.28,100.3,1000.0
2017-10-17 11:59:00,100.3,100.3,100.3,100.3,200.0
2017-10-17 12:00:00,100.325,100.35,100.325,100.35,400.0
2017-10-17 12:01:00,100.35,100.35,100.325,100.325,200.0
2017-10-17 12:02:00,100.295,100.36,100.295,100.35,5355.0
2017-10-17 12:03:00,100.3,100.3,100.3,100.3,100.0
2017-10-17 12:05:00,100.2,100.3,100.2,100.3,2400.0
2017-10-17 12:06:00,100.12,100.18,100.12,100.18,1000.0
2017-10-17 12:07:00,100.14,100.16,100.13,100.13,4290.0
2017-10-17 12:08:00,100.155,100.155,100.12,100.13,2100.0
2017-10-17 12:09:00,100.1,100.15,100.09,100.15,1400.0
2017-10-17 12:10:00,100.1,100.1,100.1,100.1,100.0
2017-10-17 12:11:00,100.07,100.1,100.05,100.1,1694.0
2017-10-17 12:12:00,100.07,100.07,100.03,100.03,1900.0
2017-10-17 12:13:00,100.14,100.14,100.08,100.08,2500.0
2017-10-17 12:14:00,100.12,100.16,100.1,100.14,2500.0
2017-10-17 12:15:00,100.15,100.15,100.145,100.145,431.0
2017-10-17 12:16:00,100.15,100.15,100.15,100.15,600.0
2017-10-17 12:17:00,100.17,100.17,100.165,100.165,400.0
2017-10-17 12:18:00,100.15,100.18,100.1,100.17,3431.0
2017-10-17 12:19:00,100.1,100.12,100.08,100.12,1300.0
2017-10-17 12:20:00,100.06,100.08,100.05,100.07,1500.0
2017-10-17 12:21:00,100.06,100.06,100.06,100.06,200.0
2017-10-17 12:22:00,100.06,100.075,100.06,100.075,2006.0
2017-10-17 12:23:00,100.0759,100.0852,100.07,100.07,1712.0
2017-10-17 12:24:00,100.095,100.1,100.075,100.075,2900.0
2017-10-17 12:25:00,100.09,100.09,100.07,100.07,700.0
2017-10-17 12:26:00,100.09,100.1,100.06,100.1,2212.0
2017-10-17 12:27:00,100.04,100.07,100.04,100.07,900.0
2017-10-17 12:28:00,100.05,100.05,100.02,100.035,800.0
2017-10-17 12:29:00,100.01,100.03,100.01,100.03,1014.0
2017-10-17 12:30:00,99.9907,100.02,99.99,100.0,1860.0
2017-10-17 12:31:00,99.965,100.005,99.96,100.005,3146.0
2017-10-17 12:32:00,99.95,99.95,99.95,99.95,200.0
2017-10-17 12:33:00,99.96,99.96,99.92,99.955,2100.0
2017-10-17 12:34:00,99.98,99.98,99.95,99.95,1739.0
2017-10-17 12:35:00,100.06,100.06,99.98,99.98,7605.0
2017-10-17 12:36:00,100.03,100.07,100.015,100.07,3790.0
2017-10-17 12:37:00,100.03,100.05,100.03,100.03,1100.0
2017-10-17 12:38:00,100.08,100.08,100.03,100.03,700.0
2017-10-17 12:40:00,100.0,100.08,99.97,100.08,2720.0
2017-10-17 12:41:00,100.0472,100.0472,100.0472,100.0472,100.0
2017-10-17 12:42:00,100.05,100.05,100.0225,100.025,1197.0
2017-10-17 12:43:00,100.12,100.12,100.08,100.08,2247.0
2017-10-17 12:44:00,100.11,100.13,100.11,100.13,466.0
2017-10-17 12:45:00,100.07,100.11,100.05,100.11,1344.0
2017-10-17 12:46:00,100.06,100.06,100.06,100.06,100.0
2017-10-17 12:47:00,100.03,100.05,100.03,100.05,1300.0
2017-10-17 12:48:00,100.03,100.05,100.01100000000001,100.01100000000001,1100.0
2017-10-17 12:49:00,100.03,100.03,100.01,100.03,1769.0
2017-10-17 12:50:00,100.06,100.06,100.03,100.03,2933.0
2017-10-17 12:51:00,100.04,100.08,100.02,100.07,2490.0
2017-10-17 12:52:00,100.01,100.03,100.01,100.02,700.0
2017-10-17 12:53:00,100.03,100.03,100.03,100.03,500.0
2017-10-17 12:54:00,100.0,100.03,100.0,100.03,400.0
2017-10-17 12:55:00,99.99,100.0068,99.98,99.99,1380.0
2017-10-17 12:56:00,99.91,99.9912,99.89,99.9912,2590.0
2017-10-17 12:57:00,99.89,99.91,99.89,99.9099,1160.0
2017-10-17 12:58:00,99.87,99.88,99.86,99.88,1210.0
2017-10-17 12:59:00,99.81,99.86,99.81,99.86,1637.0
2017-10-17 13:00:00,99.82,99.82,99.82,99.82,300.0
2017-10-17 13:01:00,99.845,99.86,99.82,99.82,6700.0
2017-10-17 13:02:00,99.83,99.845,99.83,99.83,300.0
2017-10-17 13:03:00,99.92,99.92,99.8465,99.8465,3405.0
2017-10-17 13:04:00,99.88,99.94,99.88,99.92,1941.0
2017-10-17 13:07:00,99.87,99.87,99.82,99.86,1270.0
2017-10-17 13:08:00,99.87,99.87,99.84,99.84,500.0
2017-10-17 13:09:00,99.87,99.9,99.87,99.89,860.0
2017-10-17 13:10:00,99.86,99.87,99.86,99.87,400.0
2017-10-17 13:11:00,99.88,99.88,99.86,99.86,605.0
2017-10-17 13:12:00,99.85,99.88,99.82,99.88,2904.0
2017-10-17 13:13:00,99.85,99.87,99.85,99.87,500.0
2017-10-17 13:14:00,99.85,99.85,99.85,99.85,300.0
2017-10-17 13:15:00,99.83,99.85,99.83,99.85,1892.0
2017-10-17 13:16:00,99.82,99.85,99.82,99.83,700.0
2017-10-17 13:17:00,99.86,99.865,99.83,99.84,2200.0
2017-10-17 13:18:00,99.8401,99.87,99.84,99.87,2793.0
2017-10-17 13:19:00,99.87,99.87,99.84,99.84,2300.0
2017-10-17 13:20:00,99.87,99.88,99.85,99.865,3860.0
2017-10-17 13:21:00,99.85,99.865,99.845,99.85,2598.0
2017-10-17 13:22:00,99.91,99.91,99.86,99.86,3304.0
2017-10-17 13:23:00,99.9,99.91,99.89,99.91,1400.0
2017-10-17 13:24:00,99.88,99.895,99.88,99.895,1700.0
2017-10-17 13:25:00,99.92,99.92,99.885,99.885,500.0
2017-10-17 13:26:00,99.9288,99.9288,99.91,99.91,400.0
2017-10-17 13:27:00,99.97,99.98,99.92,99.92,2013.0
2017-10-17 13:28:00,100.01,100.04,100.0,100.0,2122.0
2017-10-17 13:29:00,100.01,100.01,100.0,100.01,900.0
2017-10-17 13:30:00,99.995,100.01,99.995,100.01,600.0
2017-10-17 13:31:00,100.0,100.0,100.0,100.0,100.0
2017-10-17 13:33:00,99.94,100.02,99.94,100.02,2539.0
2017-10-17 13:34:00,99.955,99.955,99.955,99.955,200.0
2017-10-17 13:35:00,99.955,99.97,99.955,99.955,2700.0
2017-10-17 13:36:00,99.955,99.955,99.955,99.955,200.0
2017-10-17 13:37:00,99.955,99.99,99.95,99.955,4400.0
2017-10-17 13:38:00,99.98,99.9847,99.955,99.955,2458.0
2017-10-17 13:39:00,99.965,99.97,99.95,99.97,1900.0
2017-10-17 13:40:00,99.965,99.965,99.965,99.965,400.0
2017-10-17 13:41:00,99.965,99.99,99.965,99.99,3400.0
2017-10-17 13:42:00,99.955,99.99,99.955,99.965,600.0
2017-10-17 13:43:00,99.975,99.99,99.96,99.97,2390.0
2017-10-17 13:44:00,100.06,100.06,99.975,99.975,4105.0
2017-10-17 13:45:00,100.05,100.06,100.02,100.06,1400.0
2017-10-17 13:46:00,100.0326,100.0326,100.0326,100.0326,104.0
2017-10-17 13:47:00,100.04,100.04,99.995,100.02,2705.0
2017-10-17 13:48:00,100.0,100.01,100.0,100.01,407.0
2017-10-17 13:50:00,100.035,100.035,100.01,100.03,2000.0
2017-10-17 13:51:00,100.02,100.06,100.02,100.05,1515.0
2017-10-17 13:52:00,100.0,100.04,99.98,100.04,875.0
2017-10-17 13:54:00,99.97,100.04,99.96,100.03,1300.0
2017-10-17 13:55:00,99.97,100.0,99.97,100.0,650.0
2017-10-17 13:56:00,99.94,99.96,99.94,99.95,300.0
2017-10-17 13:57:00,99.94,99.96,99.94,99.94,700.0
2017-10-17 13:58:00,99.93,99.94,99.93,99.94,400.0
2017-10-17 13:59:00,99.9,99.94,99.9,99.93,1316.0
2017-10-17 14:00:00,99.92,99.92,99.91,99.92,1100.0
2017-10-17 14:01:00,99.96,99.96,99.91,99.92,2300.0
2017-10-17 14:02:00,100.02,100.02,99.96,99.96,2623.0
2017-10-17 14:03:00,100.07,100.07,100.01,100.02,3286.0
2017-10-17 14:04:00,100.08,100.08,100.08,100.08,300.0
2017-10-17 14:05:00,100.11,100.11,100.04,100.06,2900.0
2017-10-17 14:06:00,100.05,100.13,100.04,100.13,2400.0
2017-10-17 14:07:00,100.06,100.09,100.06,100.09,1239.0
2017-10-17 14:08:00,100.03,100.03,100.03,100.03,100.0
2017-10-17 14:09:00,100.1,100.1,100.05,100.06,2975.0
2017-10-17 14:10:00,100.09,100.1,100.07,100.09,3435.0
2017-10-17 14:11:00,100.06,100.1,100.06,100.1,2206.0
2017-10-17 14:12:00,100.1,100.1,100.05,100.05,1816.0
2017-10-17 14:13:00,100.14,100.14,100.11,100.11,1500.0
2017-10-17 14:14:00,100.09,100.14,100.09,100.14,3737.0
2017-10-17 14:15:00,100.09,100.11,100.09,100.11,400.0
2017-10-17 14:16:00,100.09,100.11,100.09,100.1,3400.0
2017-10-17 14:17:00,100.055,100.09,100.04,100.09,4200.0
2017-10-17 14:18:00,100.045,100.045,100.04,100.04,400.0
2017-10-17 14:19:00,100.02,100.03,100.02,100.03,1097.0
2017-10-17 14:20:00,100.03,100.03,100.0,100.03,500.0
2017-10-17 14:21:00,99.995,100.02,99.99,100.02,2500.0
2017-10-17 14:22:00,100.02,100.02,100.01,100.02,1875.0
2017-10-17 14:23:00,99.97,100.01,99.97,100.01,2200.0
2017-10-17 14:24:00,99.96,99.97,99.92,99.96,1550.0
2017-10-17 14:25:00,100.0,100.0,99.98,99.98,1111.0
2017-10-17 14:26:00,99.98,100.02,99.97,100.01,3649.0
2017-10-17 14:27:00,100.015,100.02,100.0,100.01,900.0
2017-10-17 14:28:00,100.02,100.02,100.0194,100.02,800.0
2017-10-17 14:29:00,100.0332,100.04,100.02,100.03,1450.0
2017-10-17 14:30:00,100.05,100.05,100.05,100.05,100.0
2017-10-17 14:31:00,100.01,100.01,100.01,100.01,100.0
2017-10-17 14:32:00,100.09,100.09,100.03,100.04,4200.0
2017-10-17 14:33:00,100.08,100.11,100.08,100.11,1303.0
2017-10-17 14:34:00,100.12,100.12,100.11,100.11,400.0
2017-10-17 14:35:00,100.12,100.12,100.1033,100.1033,310.0
2017-10-17 14:36:00,100.12,100.12,100.105,100.105,1347.0
2017-10-17 14:37:00,100.15,100.15,100.1,100.11,2419.0
2017-10-17 14:38:00,100.17,100.17,100.15,100.15,1200.0
2017-10-17 14:39:00,100.11,100.14,100.09,100.14,2400.0
2017-10-17 14:40:00,100.16,100.16,100.11,100.13,2401.0
2017-10-17 14:41:00,100.15,100.1694,100.15,100.15,2500.0
2017-10-17 14:42:00,100.22,100.23,100.1502,100.1502,3731.0
2017-10-17 14:43:00,100.2301,100.2491,100.22,100.22,658.0
2017-10-17 14:44:00,100.23,100.23,100.22,100.22,300.0
2017-10-17 14:45:00,100.32,100.32,100.23,100.23,2983.0
2017-10-17 14:46:00,100.27,100.32,100.27,100.32,900.0
2017-10-17 14:47:00,100.25,100.25,100.24,100.25,599.0
2017-10-17 14:48:00,100.245,100.25,100.23,100.24,4108.0
2017-10-17 14:49:00,100.23,100.24,100.23,100.23,300.0
2017-10-17 14:50:00,100.22,100.235,100.22,100.235,700.0
2017-10-17 14:51:00,100.2332,100.25,100.22,100.22,1000.0
2017-10-17 14:52:00,100.275,100.28,100.235,100.25,6389.0
2017-10-17 14:53:00,100.26,100.26,100.25,100.26,2100.0
2017-10-17 14:54:00,100.28,100.29,100.275,100.275,1200.0
2017-10-17 14:55:00,100.26,100.28,100.26,100.28,500.0
2017-10-17 14:56:00,100.26,100.26,100.23,100.25,1900.0
2017-10-17 14:57:00,100.25,100.25,100.24,100.24,1250.0
2017-10-17 14:58:00,100.46,100.46,100.245,100.245,2833.0
2017-10-17 14:59:00,100.4,100.43,100.38,100.43,800.0
2017-10-17 15:00:00,100.42,100.42,100.42,100.42,686.0
2017-10-17 15:01:00,100.43,100.44,100.43,100.43,1400.0
2017-10-17 15:02:00,100.47,100.47,100.44,100.46,1100.0
2017-10-17 15:03:00,100.47,100.47,100.44,100.47,300.0
2017-10-17 15:04:00,100.4,100.47,100.4,100.47,2928.0
2017-10-17 15:05:00,100.38,100.41,100.37,100.4,4800.0
2017-10-17 15:06:00,100.47,100.48,100.33,100.37,15312.0
2017-10-17 15:07:00,100.45,100.5,100.4376,100.48,5233.0
2017-10-17 15:08:00,100.5,100.56,100.41,100.43,7588.0
2017-10-17 15:09:00,100.49,100.5,100.48,100.5,3000.0
2017-10-17 15:10:00,100.44,100.505,100.41,100.505,7370.0
2017-10-17 15:11:00,100.62,100.62,100.45,100.45,8775.0
2017-10-17 15:12:00,100.67,100.67,100.6,100.61,6564.0
2017-10-17 15:13:00,100.79,100.82,100.68,100.7,15417.0
2017-10-17 15:14:00,100.83,100.83,100.76,100.8,5921.0
2017-10-17 15:15:00,100.94,100.94,100.8299,100.8299,12027.0
2017-10-17 15:16:00,100.9,100.96,100.88,100.93,16037.0
2017-10-17 15:17:00,100.915,100.93,100.89,100.89,12682.0
2017-10-17 15:18:00,100.93,100.94,100.93,100.94,400.0
2017-10-17 15:19:00,100.9,100.91,100.89,100.91,3022.0
2017-10-17 15:20:00,100.93,100.93,100.89,100.91,4301.0
2017-10-17 15:21:00,101.03,101.03,100.91,100.94,6135.0
2017-10-17 15:22:00,101.18,101.25,101.04,101.04,7906.0
2017-10-17 15:23:00,101.22,101.22,101.16,101.1602,7398.0
2017-10-17 15:24:00,101.3,101.3,101.23,101.23,6712.0
2017-10-17 15:25:00,101.27,101.285,101.25,101.28,3600.0
2017-10-17 15:26:00,101.24,101.29,101.23,101.25,12494.0
2017-10-17 15:27:00,101.28,101.29,101.24,101.27,4140.0
2017-10-17 15:28:00,101.27,101.27,101.25,101.27,5140.0
2017-10-17 15:29:00,101.33,101.5,101.26,101.26,15442.0
2017-10-17 15:30:00,101.325,101.33,101.32,101.33,400.0
2017-10-17 15:31:00,101.25,101.31,101.22,101.31,3400.0
2017-10-17 15:32:00,101.25,101.265,101.23,101.25,17609.0
2017-10-17 15:33:00,101.21,101.24,101.19,101.24,8163.0
2017-10-17 15:34:00,101.185,101.21,101.18,101.2,4295.0
2017-10-17 15:35:00,101.26,101.27,101.19,101.19,9118.0
2017-10-17 15:36:00,101.23,101.26,101.23,101.26,12922.0
2017-10-17 15:37:00,101.2405,101.2752,101.24,101.25,1795.0
2017-10-17 15:38:00,101.24,101.25,101.23,101.24,1663.0
2017-10-17 15:39:00,101.28,101.33,101.24,101.24,6629.0
2017-10-17 15:40:00,101.31,101.31,101.28,101.3,3378.0
2017-10-17 15:41:00,101.3,101.33,101.3,101.315,3055.0
2017-10-17 15:42:00,101.4,101.4,101.3,101.3113,6432.0
2017-10-17 15:43:00,101.47,101.47,101.42,101.42,1942.0
2017-10-17 15:44:00,101.5,101.5,101.43,101.46,7838.0
2017-10-17 15:45:00,101.48,101.5,101.47,101.47,6790.0
2017-10-17 15:46:00,101.42,101.48,101.41,101.48,10680.0
2017-10-17 15:47:00,101.48,101.48,101.43,101.43,3700.0
2017-10-17 15:48:00,101.475,101.48,101.45,101.46,11196.0
2017-10-17 15:49:00,101.53,101.53,101.47,101.47,17640.0
2017-10-17 15:50:00,101.645,101.66,101.54,101.55,5648.0
2017-10-17 15:51:00,101.53,101.64,101.48,101.64,13755.0
2017-10-17 15:52:00,101.62,101.63,101.53,101.53,6828.0
2017-10-17 15:53:00,101.6,101.63,101.57,101.62,10968.0
2017-10-17 15:54:00,101.54,101.6,101.54,101.6,6016.0
2017-10-17 15:55:00,101.49,101.54,101.49,101.53,12207.0
2017-10-17 15:56:00,101.56,101.61,101.48,101.49,17113.0
2017-10-17 15:57:00,101.46,101.57,101.43,101.57,17842.0
2017-10-17 15:58:00,101.44,101.47,101.41,101.47,11407.0
2017-10-17 15:59:00,101.41,101.46,101.41,101.43,7955.0
2017-10-17 16:00:00,101.48,101.5,101.4,101.41,40509.0
2017-10-18 09:30:00,101.79,101.79,101.79,101.79,10248.0
2017-10-18 09:31:00,101.72,101.89,101.72,101.89,200.0
2017-10-18 09:32:00,101.86,102.06,101.8,101.9,2580.0
2017-10-18 09:33:00,101.62,101.79,101.55,101.79,1785.0
2017-10-18 09:34:00,101.49,101.61,101.48,101.59,1800.0
2017-10-18 09:35:00,101.88,101.88,101.48,101.4801,5511.0
2017-10-18 09:36:00,102.08,102.09,101.8818,101.8818,2000.0
2017-10-18 09:37:00,102.3,102.35,102.0,102.08,5014.0
2017-10-18 09:38:00,102.5,102.5,102.31,102.31,1740.0
2017-10-18 09:39:00,102.66,102.66,102.49,102.49,5249.0
2017-10-18 09:40:00,102.87,102.91,102.62,102.62,3264.0
2017-10-18 09:41:00,102.9999,103.0,102.83,102.95,2010.0
2017-10-18 09:42:00,102.98,103.2,102.94,103.0,9753.0
2017-10-18 09:43:00,103.0699,103.11,102.92,102.92,3806.0
2017-10-18 09:44:00,102.88,103.07,102.87,103.07,3150.0
2017-10-18 09:45:00,103.1999,103.2,102.89,102.89,6219.0
2017-10-18 09:46:00,103.47,103.4799,103.1,103.2,7267.0
2017-10-18 09:47:00,103.19,103.4499,103.19,103.355,13191.0
2017-10-18 09:48:00,102.98,103.2,102.98,103.185,2831.0
2017-10-18 09:49:00,102.99,103.14,102.92,102.94,5450.0
2017-10-18 09:50:00,102.995,103.1399,102.93,102.965,10848.0
2017-10-18 09:51:00,103.07,103.12,102.95,103.025,7835.0
2017-10-18 09:52:00,103.1499,103.1499,102.98,103.05,3226.0
2017-10-18 09:53:00,102.9799,103.055,102.91,103.055,4750.0
2017-10-18 09:54:00,102.96,102.96,102.83,102.86,4418.0
2017-10-18 09:55:00,102.9,102.9375,102.88,102.89,800.0
2017-10-18 09:56:00,102.7899,102.895,102.61,102.895,2631.0
2017-10-18 09:57:00,102.6,102.7299,102.54,102.59,3331.0
2017-10-18 09:58:00,102.94,103.04,102.65,102.65,5587.0
2017-10-18 09:59:00,102.9499,102.9499,102.85,102.936,970.0
2017-10-18 10:00:00,102.9195,102.95,102.8978,102.94,1100.0
2017-10-18 10:01:00,102.85,102.96,102.82,102.88,1540.0
2017-10-18 10:02:00,102.87,102.89,102.79,102.85,1400.0
2017-10-18 10:03:00,102.91,102.91,102.79,102.88,7078.0
2017-10-18 10:04:00,102.835,102.88,102.835,102.86,4074.0
2017-10-18 10:05:00,102.85,102.85,102.79,102.81,2100.0
2017-10-18 10:06:00,102.775,102.84,102.74,102.81,1797.0
2017-10-18 10:07:00,102.99,102.99,102.78,102.81,3400.0
2017-10-18 10:08:00,102.83,102.96,102.83,102.96,1900.0
2017-10-18 10:09:00,102.89,102.97,102.84,102.84,1388.0
2017-10-18 10:10:00,102.87,102.92,102.87,102.87,600.0
2017-10-18 10:11:00,102.85,102.92,102.85,102.8908,1501.0
2017-10-18 10:12:00,102.92,102.92,102.86,102.89,1500.0
2017-10-18 10:13:00,102.86,102.86,102.86,102.86,100.0
2017-10-18 10:14:00,102.9,102.93,102.86,102.87,700.0
2017-10-18 10:15:00,102.86,102.88,102.83,102.88,1700.0
2017-10-18 10:16:00,102.85,102.85,102.8,102.82,1509.0
2017-10-18 10:17:00,102.785,102.8,102.77,102.8,1100.0
2017-10-18 10:18:00,102.89,102.9499,102.77,102.77,6446.0
2017-10-18 10:19:00,102.96,102.96,102.93,102.93,731.0
2017-10-18 10:20:00,102.895,102.94,102.89,102.91,1100.0
2017-10-18 10:21:00,102.9,102.97,102.89,102.89,1061.0
2017-10-18 10:22:00,102.8699,102.9099,102.79,102.89,1750.0
2017-10-18 10:23:00,102.81,102.81,102.81,102.81,100.0
2017-10-18 10:24:00,102.82,102.85,102.82,102.82,2338.0
2017-10-18 10:26:00,102.93,102.93,102.79,102.79,2700.0
2017-10-18 10:27:00,102.86,102.92,102.86,102.92,960.0
2017-10-18 10:28:00,102.87,102.87,102.85,102.85,500.0
2017-10-18 10:29:00,102.83,102.88,102.83,102.88,600.0
2017-10-18 10:30:00,102.97,102.97,102.83,102.83,2293.0
2017-10-18 10:31:00,102.89,102.94,102.89,102.94,1000.0
2017-10-18 10:32:00,102.93,102.93,102.89,102.93,600.0
2017-10-18 10:33:00,102.87,102.89,102.84,102.89,1525.0
2017-10-18 10:34:00,102.87,102.92,102.87,102.88,1696.0
2017-10-18 10:35:00,102.89,102.89,102.84,102.86,1500.0
2017-10-18 10:36:00,102.9199,102.9199,102.87,102.91,300.0
2017-10-18 10:37:00,102.82,102.86,102.82,102.86,400.0
2017-10-18 10:38:00,102.82,102.82,102.82,102.82,400.0
2017-10-18 10:39:00,102.81,102.83,102.78,102.82,1308.0
2017-10-18 10:40:00,102.79,102.81,102.78,102.8,1200.0
2017-10-18 10:41:00,102.9899,102.9899,102.78,102.78,4847.0
2017-10-18 10:42:00,102.98,102.98,102.92,102.92,3000.0
2017-10-18 10:43:00,102.96,102.96,102.96,102.96,100.0
2017-10-18 10:44:00,102.9,102.9599,102.89,102.94,1100.0
2017-10-18 10:45:00,103.11,103.11,102.9,102.9,3098.0
2017-10-18 10:46:00,103.05,103.09899999999999,102.99,103.08,3234.0
2017-10-18 10:47:00,103.0,103.03,103.0,103.0,400.0
2017-10-18 10:48:00,103.0299,103.0299,102.96,103.025,1200.0
2017-10-18 10:49:00,102.97,102.97,102.97,102.97,190.0
2017-10-18 10:50:00,102.99,102.99,102.96,102.96,400.0
2017-10-18 10:51:00,102.98,103.0499,102.98,102.985,2082.0
2017-10-18 10:52:00,103.12,103.12,102.98,103.04,21439.0
2017-10-18 10:53:00,103.1099,103.29,103.08,103.105,5430.0
2017-10-18 10:54:00,103.0,103.06,102.99,103.055,1800.0
2017-10-18 10:55:00,103.0,103.06,103.0,103.06,200.0
2017-10-18 10:56:00,103.0,103.02,102.93,103.0,4171.0
2017-10-18 10:57:00,102.99,103.04,102.99,103.04,800.0
2017-10-18 10:58:00,103.05,103.05,102.999,103.02,1692.0
2017-10-18 10:59:00,103.07,103.11,103.054,103.054,2300.0
2017-10-18 11:00:00,103.16,103.16,103.06,103.06,1990.0
2017-10-18 11:01:00,103.15,103.18,103.14,103.17,1100.0
2017-10-18 11:02:00,103.22,103.22,103.17,103.18,2100.0
2017-10-18 11:03:00,103.21,103.22,103.21,103.22,292.0
2017-10-18 11:04:00,103.19,103.2599,103.19,103.2,1800.0
2017-10-18 11:05:00,103.33,103.33,103.19,103.19,2237.0
2017-10-18 11:06:00,103.35,103.35,103.27,103.33,1296.0
2017-10-18 11:07:00,103.31,103.335,103.29,103.31,3328.0
2017-10-18 11:08:00,103.3,103.32,103.3,103.3,300.0
2017-10-18 11:09:00,103.29,103.32,103.28,103.28,3812.0
2017-10-18 11:10:00,103.36,103.36,103.32,103.32,600.0
2017-10-18 11:11:00,103.34,103.38,103.34,103.36,1216.0
2017-10-18 11:12:00,103.34,103.36,103.32,103.34,1723.0
2017-10-18 11:13:00,103.35,103.36,103.34,103.34,1219.0
2017-10-18 11:14:00,103.3,103.355,103.3,103.355,1459.0
2017-10-18 11:15:00,103.29,103.35,103.29,103.31,3301.0
2017-10-18 11:16:00,103.275,103.32,103.27,103.3,2022.0
2017-10-18 11:17:00,103.27,103.27,103.24,103.26,900.0
2017-10-18 11:18:00,103.08,103.23,103.08,103.23,2700.0
2017-10-18 11:19:00,103.04,103.04,102.99,103.02,400.0
2017-10-18 11:20:00,103.0,103.03,103.0,103.03,2200.0
2017-10-18 11:21:00,103.01,103.03,103.0,103.0,300.0
2017-10-18 11:22:00,103.03,103.03,103.0,103.0,200.0
2017-10-18 11:23:00,103.195,103.23,103.05,103.05,3900.0
2017-10-18 11:24:00,103.19,103.205,103.16,103.17,2800.0
2017-10-18 11:25:00,103.2,103.2,103.2,103.2,100.0
2017-10-18 11:26:00,103.16,103.17,103.14,103.17,1100.0
2017-10-18 11:27:00,103.12,103.145,103.12,103.13,500.0
2017-10-18 11:28:00,103.11,103.14,103.08,103.14,500.0
2017-10-18 11:29:00,103.1,103.1,103.08,103.09,1900.0
2017-10-18 11:30:00,103.12,103.19,103.1,103.1,3801.0
2017-10-18 11:31:00,103.12899999999999,103.14,103.12,103.12,900.0
2017-10-18 11:32:00,103.12,103.12,103.12,103.12,400.0
2017-10-18 11:33:00,103.12,103.17,103.12,103.17,600.0
2017-10-18 11:34:00,103.17,103.21,103.145,103.145,1619.0
2017-10-18 11:35:00,103.15,103.195,103.13,103.195,1500.0
2017-10-18 11:36:00,103.09,103.15,103.08,103.15,1700.0
2017-10-18 11:37:00,103.11,103.1182,103.09,103.11,518.0
2017-10-18 11:38:00,103.21,103.21,103.115,103.115,3937.0
2017-10-18 11:39:00,103.19,103.2,103.18,103.1946,2903.0
2017-10-18 11:40:00,103.15,103.15,103.15,103.15,300.0
2017-10-18 11:41:00,103.24,103.24,103.15,103.15,1605.0
2017-10-18 11:42:00,103.255,103.255,103.21,103.245,800.0
2017-10-18 11:43:00,103.28,103.28,103.255,103.255,1600.0
2017-10-18 11:44:00,103.28,103.28,103.28,103.28,200.0
2017-10-18 11:45:00,103.32,103.33,103.25,103.28,2500.0
2017-10-18 11:46:00,103.27,103.3,103.27,103.3,2600.0
2017-10-18 11:47:00,103.28,103.28,103.25,103.26,1600.0
2017-10-18 11:49:00,103.25,103.285,103.25,103.27,1100.0
2017-10-18 11:50:00,103.04,103.25,103.04,103.25,3700.0
2017-10-18 11:51:00,103.04,103.096,103.04,103.096,2200.0
2017-10-18 11:52:00,103.2299,103.2299,103.08,103.12,3000.0
2017-10-18 11:53:00,103.15,103.15,103.15,103.15,100.0
2017-10-18 11:54:00,103.13,103.17,103.1,103.14,900.0
2017-10-18 11:55:00,103.1,103.1,103.1,103.1,100.0
2017-10-18 11:56:00,103.1,103.13,103.1,103.11,300.0
2017-10-18 11:57:00,103.11,103.12,103.09,103.12,2200.0
2017-10-18 11:58:00,103.09,103.12,103.09,103.09,600.0
2017-10-18 11:59:00,103.09,103.09,103.09,103.09,100.0
2017-10-18 12:00:00,103.09,103.14,103.09,103.09,3300.0
2017-10-18 12:01:00,103.04,103.08,103.04,103.07,2000.0
2017-10-18 12:02:00,102.96,103.04,102.95,103.04,2850.0
2017-10-18 12:03:00,102.99,102.99,102.94,102.94,800.0
2017-10-18 12:04:00,103.04,103.04,103.01,103.01,1200.0
2017-10-18 12:05:00,103.03,103.03,103.03,103.03,300.0
2017-10-18 12:06:00,103.09,103.09,103.02,103.05,1224.0
2017-10-18 12:07:00,103.05,103.08,103.05,103.08,1502.0
2017-10-18 12:09:00,103.05,103.05,103.02,103.03,1100.0
2017-10-18 12:10:00,103.04,103.04,103.04,103.04,800.0
2017-10-18 12:11:00,103.01,103.02,103.01,103.02,200.0
2017-10-18 12:12:00,103.02,103.05,103.01,103.05,300.0
2017-10-18 12:13:00,103.03,103.045,103.03,103.045,835.0
2017-10-18 12:14:00,103.11,103.11,103.03,103.03,3000.0
2017-10-18 12:15:00,103.06,103.13,103.06,103.09,4814.0
2017-10-18 12:17:00,103.02,103.06,103.02,103.02,300.0
2017-10-18 12:18:00,103.03,103.03,103.02,103.02,300.0
2017-10-18 12:19:00,102.85,103.05,102.85,103.05,3650.0
2017-10-18 12:20:00,102.85,102.85,102.85,102.85,100.0
2017-10-18 12:21:00,102.83,102.87,102.81,102.84,1278.0
2017-10-18 12:22:00,102.89,102.89,102.818,102.818,2804.0
2017-10-18 12:23:00,102.87,102.9,102.87,102.89,764.0
2017-10-18 12:24:00,102.9,102.9,102.885,102.885,1750.0
2017-10-18 12:25:00,102.85,102.87,102.85,102.87,1000.0
2017-10-18 12:26:00,102.8,102.82,102.79,102.82,500.0
2017-10-18 12:27:00,102.78,102.78,102.78,102.78,200.0
2017-10-18 12:28:00,102.8723,102.89,102.79,102.79,3548.0
2017-10-18 12:29:00,102.84,102.89,102.84,102.89,1100.0
2017-10-18 12:30:00,102.855,102.855,102.855,102.855,200.0
2017-10-18 12:31:00,102.91,102.91,102.87,102.87,2059.0
2017-10-18 12:32:00,102.93,102.93,102.9,102.915,5928.0
2017-10-18 12:33:00,102.88,102.91,102.88,102.91,500.0
2017-10-18 12:34:00,102.87,102.88,102.86,102.86,551.0
2017-10-18 12:35:00,102.89,102.89,102.88,102.88,800.0
2017-10-18 12:36:00,102.83,102.9,102.83,102.9,1100.0
2017-10-18 12:37:00,102.78,102.825,102.78,102.81,900.0
2017-10-18 12:38:00,102.82,102.82,102.795,102.82,1200.0
2017-10-18 12:39:00,102.78,102.815,102.78,102.815,800.0
2017-10-18 12:40:00,102.81,102.81,102.76,102.76,1426.0
2017-10-18 12:41:00,102.83,102.83,102.78,102.78,800.0
2017-10-18 12:42:00,102.88,102.88,102.84,102.84,800.0
2017-10-18 12:43:00,102.86,102.88,102.86,102.88,500.0
2017-10-18 12:44:00,102.85,102.87,102.85,102.85,1800.0
2017-10-18 12:45:00,102.83,102.89,102.83,102.88,1200.0
2017-10-18 12:46:00,102.84,102.85,102.84,102.85,600.0
2017-10-18 12:47:00,102.86,102.86,102.82,102.82,1686.0
2017-10-18 12:48:00,102.9,102.9,102.85,102.86,3921.0
2017-10-18 12:49:00,102.9,102.9,102.88,102.88,200.0
2017-10-18 12:50:00,102.9,102.9,102.9,102.9,400.0
2017-10-18 12:51:00,103.07,103.08,102.94,102.94,3200.0
2017-10-18 12:52:00,103.02,103.02,102.99,103.02,6203.0
2017-10-18 12:53:00,103.02,103.04,103.02,103.04,800.0
2017-10-18 12:54:00,103.04,103.04,103.04,103.04,300.0
2017-10-18 12:55:00,103.05,103.05,103.0,103.03,1907.0
2017-10-18 12:56:00,103.01,103.03,103.01,103.03,1200.0
2017-10-18 12:57:00,103.03,103.07,103.03,103.04,451.0
2017-10-18 12:58:00,103.01,103.05,103.01,103.04,300.0
2017-10-18 12:59:00,103.06,103.06,103.035,103.035,200.0
2017-10-18 13:00:00,103.03,103.05,103.01,103.05,650.0
2017-10-18 13:01:00,103.01,103.01,103.0,103.01,951.0
2017-10-18 13:02:00,103.04,103.04,103.0,103.02,1297.0
2017-10-18 13:03:00,103.0,103.03,103.0,103.01,600.0
2017-10-18 13:04:00,102.99,103.03,102.99,103.03,6672.0
2017-10-18 13:05:00,103.03,103.03,102.98,102.98,1000.0
2017-10-18 13:06:00,102.98,102.98,102.98,102.98,200.0
2017-10-18 13:07:00,102.97,103.01,102.97,103.01,1400.0
2017-10-18 13:08:00,102.9,102.97,102.87,102.97,6580.0
2017-10-18 13:10:00,102.85,102.86,102.85,102.86,200.0
2017-10-18 13:11:00,102.91,102.91,102.91,102.91,656.0
2017-10-18 13:12:00,102.96,102.96,102.9,102.92,1464.0
2017-10-18 13:13:00,102.99,102.99,102.97,102.97,300.0
2017-10-18 13:14:00,102.95,103.0,102.95,103.0,1100.0
2017-10-18 13:15:00,102.93,102.93,102.93,102.93,200.0
2017-10-18 13:16:00,102.99,102.99,102.97,102.97,1600.0
2017-10-18 13:17:00,102.96,102.98,102.96,102.98,600.0
2017-10-18 13:18:00,102.97,103.0,102.97,102.98,1901.0
2017-10-18 13:19:00,102.93,102.93,102.93,102.93,300.0
2017-10-18 13:20:00,102.91,102.95,102.91,102.91,300.0
2017-10-18 13:21:00,102.9,102.92,102.9,102.92,200.0
2017-10-18 13:22:00,102.86,102.92,102.86,102.9,900.0
2017-10-18 13:23:00,102.87,102.88,102.87,102.88,1600.0
2017-10-18 13:24:00,102.83,102.85,102.83,102.85,200.0
2017-10-18 13:25:00,102.92,102.92,102.82,102.82,3249.0
2017-10-18 13:26:00,102.91,102.91,102.885,102.89,300.0
2017-10-18 13:27:00,102.87,102.87,102.87,102.87,100.0
2017-10-18 13:28:00,102.91,102.91,102.86,102.9,300.0
2017-10-18 13:29:00,102.9,102.9,102.85,102.85,935.0
2017-10-18 13:30:00,102.96,102.96,102.915,102.915,700.0
2017-10-18 13:31:00,102.97,102.97,102.97,102.97,100.0
2017-10-18 13:32:00,102.945,102.97,102.94,102.95,1000.0
2017-10-18 13:33:00,102.98,102.98,102.98,102.98,200.0
2017-10-18 13:34:00,102.99,103.09,102.95,102.95,2886.0
2017-10-18 13:35:00,103.055,103.055,103.03,103.04,901.0
2017-10-18 13:36:00,103.05,103.055,103.02,103.04,700.0
2017-10-18 13:37:00,103.02,103.06,103.02,103.06,3263.0
2017-10-18 13:38:00,103.02,103.02,103.02,103.02,420.0
2017-10-18 13:39:00,103.05,103.07,103.02,103.02,1300.0
2017-10-18 13:40:00,103.084,103.1,103.03,103.05,5488.0
2017-10-18 13:42:00,103.06,103.06,103.06,103.06,300.0
2017-10-18 13:43:00,103.04,103.1,103.04,103.08,1000.0
2017-10-18 13:44:00,103.07,103.07,103.07,103.07,200.0
2017-10-18 13:45:00,103.08,103.08,103.07,103.07,200.0
2017-10-18 13:46:00,103.06,103.06,103.06,103.06,100.0
2017-10-18 13:47:00,103.13,103.13,103.07,103.08,4153.0
2017-10-18 13:48:00,103.16,103.16,103.12,103.14,1303.0
2017-10-18 13:49:00,103.19,103.2,103.16,103.19,1000.0
2017-10-18 13:50:00,103.245,103.25,103.19,103.2,2330.0
2017-10-18 13:51:00,103.14,103.22,103.13,103.22,1300.0
2017-10-18 13:52:00,103.1,103.15,103.1,103.14,300.0
2017-10-18 13:53:00,103.1256,103.1256,103.1256,103.1256,500.0
2017-10-18 13:54:00,103.25,103.25,103.14,103.14,2825.0
2017-10-18 13:55:00,103.26,103.26,103.23,103.23,2289.0
2017-10-18 13:56:00,103.33,103.33,103.26,103.26,1200.0
2017-10-18 13:57:00,103.36,103.37,103.35,103.35,2329.0
2017-10-18 13:58:00,103.38,103.39,103.35,103.35,2000.0
2017-10-18 13:59:00,103.36,103.39,103.3425,103.35,6312.0
2017-10-18 14:00:00,103.37,103.37,103.32,103.36,1002.0
2017-10-18 14:01:00,103.37,103.37,103.36,103.36,200.0
2017-10-18 14:02:00,103.3356,103.37,103.3356,103.37,500.0
2017-10-18 14:03:00,103.3667,103.37,103.33,103.37,548.0
2017-10-18 14:04:00,103.34,103.37,103.34,103.37,1200.0
2017-10-18 14:05:00,103.45,103.49,103.38,103.4,3325.0
2017-10-18 14:06:00,103.47,103.52,103.43,103.52,3299.0
2017-10-18 14:08:00,103.445,103.445,103.445,103.445,500.0
2017-10-18 14:09:00,103.47,103.47,103.4375,103.46,2820.0
2017-10-18 14:10:00,103.52,103.52,103.48,103.48,400.0
2017-10-18 14:11:00,103.5,103.53,103.46,103.53,4100.0
2017-10-18 14:12:00,103.54,103.54,103.52,103.52,500.0
2017-10-18 14:13:00,103.5102,103.54,103.5102,103.54,300.0
2017-10-18 14:14:00,103.52,103.52,103.49,103.51,400.0
2017-10-18 14:15:00,103.53,103.53,103.5177,103.5177,300.0
2017-10-18 14:16:00,103.47,103.505,103.47,103.49,4144.0
2017-10-18 14:17:00,103.45,103.47,103.43,103.47,4248.0
2017-10-18 14:18:00,103.41,103.48,103.41,103.44,1391.0
2017-10-18 14:19:00,103.41,103.45,103.4,103.41,1500.0
2017-10-18 14:20:00,103.43,103.43,103.41,103.41,1308.0
2017-10-18 14:21:00,103.4302,103.47,103.42,103.47,900.0
2017-10-18 14:22:00,103.45,103.45,103.4,103.45,400.0
2017-10-18 14:23:00,103.38,103.415,103.38,103.4,3700.0
2017-10-18 14:24:00,103.42,103.42,103.38,103.38,3410.0
2017-10-18 14:25:00,103.48,103.48,103.42,103.42,900.0
2017-10-18 14:26:00,103.48,103.52,103.48,103.4872,1900.0
2017-10-18 14:27:00,103.44,103.5,103.44,103.5,200.0
2017-10-18 14:28:00,103.44,103.49,103.42,103.48,400.0
2017-10-18 14:29:00,103.42,103.46,103.41,103.43,600.0
2017-10-18 14:30:00,103.41,103.46,103.4,103.46,600.0
2017-10-18 14:31:00,103.4,103.425,103.36,103.425,2100.0
2017-10-18 14:32:00,103.4,103.41,103.38,103.41,4439.0
2017-10-18 14:33:00,103.36,103.36,103.36,103.36,200.0
2017-10-18 14:34:00,103.28,103.375,103.28,103.35,2800.0
2017-10-18 14:35:00,103.31,103.31,103.28,103.28,500.0
2017-10-18 14:36:00,103.28,103.28,103.28,103.28,400.0
2017-10-18 14:37:00,103.28,103.305,103.28,103.28,700.0
2017-10-18 14:38:00,103.28,103.28,103.28,103.28,100.0
2017-10-18 14:39:00,103.28,103.32,103.28,103.28,500.0
2017-10-18 14:40:00,103.31,103.31,103.28,103.28,200.0
2017-10-18 14:41:00,103.28,103.32,103.28,103.28,1000.0
2017-10-18 14:42:00,103.24,103.3,103.2,103.28,7208.0
2017-10-18 14:43:00,103.2,103.2,103.2,103.2,200.0
2017-10-18 14:44:00,103.2061,103.24,103.2,103.22,14485.0
2017-10-18 14:45:00,103.13,103.19,103.13,103.19,1433.0
2017-10-18 14:46:00,103.16,103.16,103.11,103.13,1500.0
2017-10-18 14:47:00,103.13,103.16,103.13,103.16,200.0
2017-10-18 14:48:00,103.14,103.15,103.14,103.15,300.0
2017-10-18 14:49:00,103.1,103.13,103.1,103.13,1025.0
2017-10-18 14:50:00,103.08,103.13,103.08,103.12,2114.0
2017-10-18 14:51:00,102.95,103.05,102.94,103.05,11803.0
2017-10-18 14:52:00,103.03,103.03,102.95,102.95,3133.0
2017-10-18 14:53:00,102.9825,103.01,102.97,103.01,2492.0
2017-10-18 14:54:00,103.0,103.03,103.0,103.0,2300.0
2017-10-18 14:55:00,103.0,103.0,102.97,102.97,300.0
2017-10-18 14:56:00,102.97,102.985,102.97,102.97,500.0
2017-10-18 14:57:00,103.08,103.1,103.0,103.0,9833.0
2017-10-18 14:58:00,103.09,103.09,103.05,103.06,1200.0
2017-10-18 14:59:00,103.11,103.11,103.09,103.09,696.0
2017-10-18 15:00:00,103.05,103.09,103.05,103.08,1600.0
2017-10-18 15:01:00,103.1,103.1,103.08,103.08,1375.0
2017-10-18 15:02:00,103.15,103.15,103.09,103.1,6200.0
2017-10-18 15:03:00,103.11,103.145,103.08,103.145,1000.0
2017-10-18 15:04:00,103.13,103.13,103.08,103.08,1485.0
2017-10-18 15:05:00,103.13,103.13,103.1,103.1,3400.0
2017-10-18 15:06:00,103.18,103.23,103.12,103.13,5588.0
2017-10-18 15:07:00,103.205,103.21,103.17,103.17,1709.0
2017-10-18 15:08:00,103.22,103.22,103.205,103.205,300.0
2017-10-18 15:09:00,103.14,103.195,103.14,103.17,1000.0
2017-10-18 15:10:00,103.06,103.15,103.03,103.14,2948.0
2017-10-18 15:11:00,103.05,103.08,103.03,103.03,3659.0
2017-10-18 15:12:00,103.045,103.06,103.01,103.05,9250.0
2017-10-18 15:13:00,103.0061,103.045,103.0,103.03,2363.0
2017-10-18 15:14:00,103.02,103.03,102.99,103.0,700.0
2017-10-18 15:15:00,102.99,103.02,102.99,103.0,1300.0
2017-10-18 15:16:00,102.98,103.02,102.98,102.99,1900.0
2017-10-18 15:17:00,103.07,103.09,102.97,102.9701,10365.0
2017-10-18 15:18:00,102.98,103.09,102.97,103.07,4467.0
2017-10-18 15:19:00,103.07,103.08,103.0,103.01,3121.0
2017-10-18 15:20:00,103.08,103.11,103.07,103.07,1900.0
2017-10-18 15:21:00,103.075,103.075,103.06,103.075,500.0
2017-10-18 15:22:00,103.075,103.075,103.06,103.075,700.0
2017-10-18 15:23:00,103.075,103.075,103.06,103.06,600.0
2017-10-18 15:24:00,103.0,103.075,103.0,103.075,18500.0
2017-10-18 15:25:00,103.01,103.03,102.98,103.02,3604.0
2017-10-18 15:26:00,103.04,103.05,103.0,103.0,2081.0
2017-10-18 15:27:00,103.04,103.06,103.01,103.04,3004.0
2017-10-18 15:28:00,103.03,103.07,103.03,103.07,900.0
2017-10-18 15:29:00,103.1,103.11,103.06,103.06,7035.0
2017-10-18 15:30:00,103.205,103.205,103.12,103.12,1200.0
2017-10-18 15:31:00,103.18,103.2,103.17,103.18,6700.0
2017-10-18 15:32:00,103.16,103.19,103.15,103.175,2541.0
2017-10-18 15:33:00,103.15,103.16,103.12,103.16,7487.0
2017-10-18 15:34:00,103.15,103.15,103.14,103.15,3818.0
2017-10-18 15:35:00,103.06,103.145,103.05,103.145,8503.0
2017-10-18 15:36:00,103.06,103.07,103.05,103.07,4027.0
2017-10-18 15:37:00,103.05,103.06,103.03,103.05,5362.0
2017-10-18 15:38:00,103.09,103.09,103.04,103.04,4576.0
2017-10-18 15:39:00,103.06,103.11,103.06,103.11,6700.0
2017-10-18 15:40:00,103.08,103.08,103.04,103.05,3401.0
2017-10-18 15:41:00,103.03,103.07,103.03,103.06,3456.0
2017-10-18 15:42:00,103.03,103.04,103.03,103.04,800.0
2017-10-18 15:43:00,102.96,103.04,102.95,103.03,4653.0
2017-10-18 15:44:00,103.04,103.04,102.97,102.97,11142.0
2017-10-18 15:45:00,102.98,103.03,102.98,103.02,16553.0
2017-10-18 15:46:00,102.96,102.98,102.96,102.97,7246.0
2017-10-18 15:47:00,102.96,102.98,102.96,102.98,3872.0
2017-10-18 15:48:00,102.94,102.98,102.93,102.96,5179.0
2017-10-18 15:49:00,102.94,102.95,102.93,102.93,3670.0
2017-10-18 15:50:00,102.78,102.96,102.78,102.95,23055.0
2017-10-18 15:51:00,102.84,102.89,102.76,102.79,13603.0
2017-10-18 15:52:00,102.91,102.94,102.82,102.84,10000.0
2017-10-18 15:53:00,102.89,102.92,102.86,102.91,7279.0
2017-10-18 15:54:00,102.87,102.89,102.83,102.88,9213.0
2017-10-18 15:55:00,102.76,102.88,102.76,102.865,7189.0
2017-10-18 15:56:00,102.76,102.77,102.74,102.77,12217.0
2017-10-18 15:57:00,102.67,102.76,102.61,102.76,24645.0
2017-10-18 15:58:00,102.62,102.67,102.6,102.66,20902.0
2017-10-18 15:59:00,102.62,102.63,102.58,102.61,24455.0
2017-10-18 16:00:00,102.79,102.79,102.595,102.6,36366.0
2017-10-19 09:30:00,102.51,102.51,102.51,102.51,4375.0
2017-10-19 09:31:00,102.59,102.59,102.59,102.59,100.0
2017-10-19 09:33:00,102.59,102.6,102.39,102.39,1200.0
2017-10-19 09:34:00,102.595,102.69,102.595,102.69,200.0
2017-10-19 09:35:00,102.65,102.65,102.53,102.58,5152.0
2017-10-19 09:36:00,102.02,102.57,102.02,102.57,13034.0
2017-10-19 09:37:00,101.9801,102.06,101.93,101.98,2600.0
2017-10-19 09:38:00,102.08,102.08,101.98,101.98,400.0
2017-10-19 09:39:00,101.89,101.98,101.89,101.98,300.0
2017-10-19 09:40:00,101.87,101.97,101.87,101.88,1300.0
2017-10-19 09:41:00,101.86,101.96,101.86,101.96,900.0
2017-10-19 09:42:00,101.81,101.8667,101.79,101.84,1300.0
2017-10-19 09:43:00,101.6,101.76,101.575,101.76,2300.0
2017-10-19 09:44:00,101.58,101.68,101.57,101.65,1400.0
2017-10-19 09:45:00,101.66,101.74,101.57,101.57,7809.0
2017-10-19 09:46:00,101.48,101.67,101.43,101.59,2500.0
2017-10-19 09:47:00,101.57,101.65,101.48,101.48,2500.0
2017-10-19 09:48:00,101.64,101.64,101.5991,101.64,700.0
2017-10-19 09:49:00,101.45,101.63,101.45,101.63,1300.0
2017-10-19 09:50:00,101.43,101.44,101.37,101.44,973.0
2017-10-19 09:51:00,101.52,101.52,101.31,101.3998,7828.0
2017-10-19 09:52:00,101.61,101.6122,101.54,101.56,3000.0
2017-10-19 09:53:00,101.69,101.69,101.58,101.58,2800.0
2017-10-19 09:54:00,101.77,101.78,101.68,101.69,1500.0
2017-10-19 09:55:00,101.6901,101.75,101.6901,101.745,2513.0
2017-10-19 09:56:00,101.7,101.75,101.68,101.75,1112.0
2017-10-19 09:57:00,101.68,101.75,101.64,101.64,5641.0
2017-10-19 09:58:00,101.76,101.76,101.69,101.74,2050.0
2017-10-19 09:59:00,101.76,101.78,101.7,101.76,2306.0
2017-10-19 10:00:00,101.64,101.76,101.64,101.76,900.0
2017-10-19 10:01:00,101.72,101.72,101.675,101.675,300.0
2017-10-19 10:02:00,101.64,101.67,101.63,101.67,802.0
2017-10-19 10:03:00,101.58,101.62,101.58,101.62,2537.0
2017-10-19 10:04:00,101.6075,101.64,101.57,101.61,5641.0
2017-10-19 10:05:00,101.64,101.67,101.61,101.61,2800.0
2017-10-19 10:06:00,101.71,101.72,101.66,101.66,1500.0
2017-10-19 10:07:00,101.77,101.77,101.73,101.76,800.0
2017-10-19 10:08:00,101.75,101.75,101.71,101.74,1000.0
2017-10-19 10:09:00,101.625,101.71,101.62,101.69,1091.0
2017-10-19 10:10:00,101.75,101.75,101.59,101.59,3600.0
2017-10-19 10:11:00,101.8,101.8,101.74,101.74,500.0
2017-10-19 10:12:00,101.84,101.92,101.82,101.82,4479.0
2017-10-19 10:13:00,102.02,102.02,101.8575,101.87,3000.0
2017-10-19 10:14:00,102.04,102.09,101.98,102.04,1600.0
2017-10-19 10:15:00,102.19,102.22,102.11,102.13,2638.0
2017-10-19 10:16:00,102.28,102.28,102.23,102.25,1600.0
2017-10-19 10:17:00,102.275,102.29,102.24,102.27,700.0
2017-10-19 10:18:00,102.2,102.265,102.14,102.23,1891.0
2017-10-19 10:19:00,102.26,102.26,102.15,102.18,3100.0
2017-10-19 10:20:00,102.14,102.25,102.14,102.25,2100.0
2017-10-19 10:21:00,102.11,102.11,102.11,102.11,100.0
2017-10-19 10:22:00,102.15,102.1673,102.11,102.11,2900.0
2017-10-19 10:23:00,102.15,102.18,102.12,102.17,1350.0
2017-10-19 10:24:00,102.14,102.145,102.12,102.13,1500.0
2017-10-19 10:25:00,102.3,102.32,102.13,102.15,4089.0
2017-10-19 10:26:00,102.3,102.4,102.27,102.3032,4452.0
2017-10-19 10:27:00,102.33,102.355,102.22,102.355,2041.0
2017-10-19 10:28:00,102.37,102.37,102.3,102.3,800.0
2017-10-19 10:29:00,102.43,102.47,102.38,102.47,2484.0
2017-10-19 10:30:00,102.44,102.48,102.44,102.48,300.0
2017-10-19 10:31:00,102.38,102.48,102.38,102.455,2100.0
2017-10-19 10:32:00,102.33,102.38,102.33,102.38,500.0
2017-10-19 10:33:00,102.16,102.3,102.16,102.3,1200.0
2017-10-19 10:34:00,102.18,102.18,102.18,102.18,100.0
2017-10-19 10:35:00,102.15,102.165,102.12,102.13,400.0
2017-10-19 10:36:00,102.13,102.155,102.05,102.13,3700.0
2017-10-19 10:37:00,102.07,102.11,102.03,102.07,700.0
2017-10-19 10:38:00,102.03,102.075,102.02,102.075,1100.0
2017-10-19 10:39:00,101.95,102.08,101.95,101.99,1400.0
2017-10-19 10:40:00,101.905,101.995,101.88,101.97,1400.0
2017-10-19 10:41:00,101.86,101.89399999999999,101.85,101.85,600.0
2017-10-19 10:42:00,101.92,101.93,101.82,101.86,3595.0
2017-10-19 10:43:00,101.85,101.895,101.85,101.895,600.0
2017-10-19 10:44:00,101.89,101.91,101.83,101.9,2200.0
2017-10-19 10:45:00,101.905,101.92,101.89,101.9,1049.0
2017-10-19 10:46:00,101.89,101.93,101.88,101.93,2497.0
2017-10-19 10:47:00,102.0,102.0,101.87,101.91,4062.0
2017-10-19 10:48:00,102.05,102.065,102.02,102.065,1400.0
2017-10-19 10:49:00,102.22,102.22,102.07,102.07,1290.0
2017-10-19 10:50:00,102.38,102.38,102.205,102.205,1900.0
2017-10-19 10:51:00,102.39,102.41,102.34,102.34,400.0
2017-10-19 10:52:00,102.56,102.56,102.36,102.3825,1700.0
2017-10-19 10:53:00,102.65,102.65,102.57,102.57,800.0
2017-10-19 10:54:00,102.61,102.64,102.61,102.64,700.0
2017-10-19 10:55:00,102.55,102.63,102.53,102.63,4681.0
2017-10-19 10:56:00,102.5317,102.58,102.53,102.55,704.0
2017-10-19 10:57:00,102.4869,102.58,102.42,102.53,3000.0
2017-10-19 10:58:00,102.4508,102.49,102.4508,102.48,1100.0
2017-10-19 10:59:00,102.42,102.455,102.37,102.42,1000.0
2017-10-19 11:00:00,102.4,102.45,102.35,102.37,3851.0
2017-10-19 11:01:00,102.42,102.44,102.42,102.44,300.0
2017-10-19 11:02:00,102.46799999999999,102.47,102.42,102.42,850.0
2017-10-19 11:03:00,102.6,102.6,102.55,102.55,1100.0
2017-10-19 11:04:00,102.615,102.615,102.59,102.615,900.0
2017-10-19 11:05:00,102.62,102.62,102.58,102.58,600.0
2017-10-19 11:06:00,102.76,102.76,102.63,102.63,2300.0
2017-10-19 11:07:00,102.71,102.735,102.68,102.73,1700.0
2017-10-19 11:08:00,102.66,102.69,102.66,102.69,900.0
2017-10-19 11:09:00,102.58,102.64,102.54,102.64,1700.0
2017-10-19 11:10:00,102.58,102.61,102.58,102.6,1100.0
2017-10-19 11:11:00,102.59,102.59,102.59,102.59,100.0
2017-10-19 11:12:00,102.54,102.59,102.54,102.57,1200.0
2017-10-19 11:13:00,102.58,102.61,102.56,102.56,1296.0
2017-10-19 11:14:00,102.67,102.67,102.59,102.59,2400.0
2017-10-19 11:15:00,102.749,102.749,102.72,102.73,300.0
2017-10-19 11:16:00,102.69,102.73,102.67,102.69,1736.0
2017-10-19 11:17:00,102.69,102.72,102.68,102.68,700.0
2017-10-19 11:18:00,102.7,102.71,102.7,102.71,600.0
2017-10-19 11:19:00,102.71,102.715,102.68,102.7,2000.0
2017-10-19 11:20:00,102.72,102.72,102.695,102.695,600.0
2017-10-19 11:21:00,102.8299,102.8299,102.72,102.72,2500.0
2017-10-19 11:22:00,102.83,102.83,102.8,102.8,600.0
2017-10-19 11:23:00,102.88,102.88,102.85,102.8799,600.0
2017-10-19 11:24:00,102.87,102.87,102.81,102.845,900.0
2017-10-19 11:25:00,102.72,102.83,102.71,102.81,4100.0
2017-10-19 11:26:00,102.565,102.75,102.51,102.75,1796.0
2017-10-19 11:27:00,102.55,102.58,102.53,102.58,300.0
2017-10-19 11:28:00,102.6,102.61,102.55,102.565,6374.0
2017-10-19 11:29:00,102.65,102.67,102.6,102.6,700.0
2017-10-19 11:30:00,102.68,102.68,102.64,102.65,1200.0
2017-10-19 11:31:00,102.63,102.7,102.63,102.65,59279.0
2017-10-19 11:32:00,102.67,102.68,102.63,102.63,1100.0
2017-10-19 11:33:00,102.735,102.735,102.69,102.69,944.0
2017-10-19 11:34:00,102.72,102.72,102.68,102.7,1400.0
2017-10-19 11:35:00,102.7999,102.8,102.7,102.72,1400.0
2017-10-19 11:36:00,102.79,102.79,102.765,102.765,200.0
2017-10-19 11:37:00,102.83,102.83,102.73,102.79,2624.0
2017-10-19 11:38:00,102.84,102.84,102.8,102.8,200.0
2017-10-19 11:39:00,102.7,102.825,102.7,102.825,2200.0
2017-10-19 11:40:00,102.63,102.69,102.63,102.68,1300.0
2017-10-19 11:41:00,102.69,102.69,102.59,102.59,1621.0
2017-10-19 11:42:00,102.66,102.69,102.66,102.69,1000.0
2017-10-19 11:43:00,102.62,102.65,102.62,102.62,300.0
2017-10-19 11:44:00,102.64,102.64,102.64,102.64,300.0
2017-10-19 11:45:00,102.65,102.65,102.58,102.58,1532.0
2017-10-19 11:46:00,102.72,102.72,102.685,102.69,500.0
2017-10-19 11:47:00,102.72,102.72,102.72,102.72,300.0
2017-10-19 11:48:00,102.79,102.79,102.74,102.75,800.0
2017-10-19 11:49:00,102.81,102.81,102.785,102.8,1000.0
2017-10-19 11:50:00,102.81,102.835,102.8,102.82,2200.0
2017-10-19 11:51:00,102.83,102.84,102.79,102.84,505.0
2017-10-19 11:52:00,102.8723,102.88,102.85,102.88,2336.0
2017-10-19 11:53:00,102.81,102.87,102.81,102.87,1100.0
2017-10-19 11:54:00,102.68,102.79,102.68,102.79,1300.0
2017-10-19 11:55:00,102.71,102.76,102.705,102.73,2902.0
2017-10-19 11:56:00,102.61,102.73,102.61,102.7,1200.0
2017-10-19 11:57:00,102.65,102.69,102.65,102.65,703.0
2017-10-19 11:58:00,102.66,102.73,102.63,102.7,1600.0
2017-10-19 11:59:00,102.66,102.71,102.66,102.68,1700.0
2017-10-19 12:00:00,102.64,102.64,102.61,102.61,300.0
2017-10-19 12:01:00,102.64,102.67,102.63,102.64,3100.0
2017-10-19 12:02:00,102.43,102.65,102.43,102.65,4035.0
2017-10-19 12:04:00,102.44,102.49,102.43,102.43,600.0
2017-10-19 12:05:00,102.33,102.48,102.33,102.455,4800.0
2017-10-19 12:06:00,102.36,102.37,102.36,102.37,501.0
2017-10-19 12:07:00,102.4,102.43,102.39,102.39,2100.0
2017-10-19 12:08:00,102.45,102.465,102.43,102.43,1700.0
2017-10-19 12:09:00,102.44,102.45,102.44,102.45,300.0
2017-10-19 12:10:00,102.48,102.51,102.46,102.48,3600.0
2017-10-19 12:11:00,102.4828,102.4828,102.4828,102.4828,123.0
2017-10-19 12:12:00,102.51,102.53,102.48,102.495,2200.0
2017-10-19 12:13:00,102.51,102.525,102.51,102.525,600.0
2017-10-19 12:14:00,102.48,102.51,102.48,102.49,1900.0
2017-10-19 12:15:00,102.51,102.51,102.51,102.51,200.0
2017-10-19 12:16:00,102.58,102.58,102.5,102.515,1600.0
2017-10-19 12:17:00,102.55,102.595,102.55,102.595,1185.0
2017-10-19 12:18:00,102.56,102.59,102.56,102.56,500.0
2017-10-19 12:19:00,102.56,102.57,102.54,102.57,600.0
2017-10-19 12:20:00,102.53,102.56,102.53,102.56,1000.0
2017-10-19 12:21:00,102.53,102.53,102.53,102.53,100.0
2017-10-19 12:22:00,102.51,102.535,102.51,102.535,300.0
2017-10-19 12:23:00,102.48,102.51,102.46,102.51,2798.0
2017-10-19 12:24:00,102.52,102.52,102.46,102.47,1300.0
2017-10-19 12:25:00,102.49,102.49,102.49,102.49,300.0
2017-10-19 12:26:00,102.53,102.55,102.5,102.505,1102.0
2017-10-19 12:27:00,102.5374,102.5374,102.5374,102.5374,100.0
2017-10-19 12:28:00,102.4801,102.51,102.4801,102.51,800.0
2017-10-19 12:29:00,102.52,102.55,102.49,102.49,1702.0
2017-10-19 12:30:00,102.53,102.53,102.52,102.52,400.0
2017-10-19 12:31:00,102.54,102.55,102.535,102.55,1300.0
2017-10-19 12:32:00,102.5,102.53,102.5,102.53,1600.0
2017-10-19 12:33:00,102.52,102.54,102.52,102.53,2072.0
2017-10-19 12:34:00,102.49,102.52,102.49,102.52,1281.0
2017-10-19 12:36:00,102.505,102.505,102.505,102.505,100.0
2017-10-19 12:37:00,102.5,102.5,102.49,102.49,200.0
2017-10-19 12:38:00,102.44,102.505,102.42,102.505,3800.0
2017-10-19 12:39:00,102.5,102.5,102.42,102.44,2300.0
2017-10-19 12:40:00,102.47,102.5,102.47,102.4948,1100.0
2017-10-19 12:41:00,102.45,102.48,102.45,102.48,700.0
2017-10-19 12:42:00,102.46,102.46,102.43,102.46,600.0
2017-10-19 12:43:00,102.41,102.45,102.41,102.44,1100.0
2017-10-19 12:44:00,102.47,102.48,102.45,102.45,1100.0
2017-10-19 12:46:00,102.54,102.56,102.49,102.49,3342.0
2017-10-19 12:47:00,102.55,102.57,102.55,102.55,600.0
2017-10-19 12:48:00,102.54,102.555,102.52,102.54,3778.0
2017-10-19 12:49:00,102.57,102.57,102.55,102.55,600.0
2017-10-19 12:50:00,102.54,102.565,102.54,102.55,700.0
2017-10-19 12:51:00,102.52,102.54,102.52,102.52,500.0
2017-10-19 12:52:00,102.535,102.535,102.48,102.535,800.0
2017-10-19 12:53:00,102.54,102.55,102.54,102.55,400.0
2017-10-19 12:54:00,102.58,102.58,102.58,102.58,200.0
2017-10-19 12:55:00,102.515,102.57,102.5,102.57,16409.0
2017-10-19 12:56:00,102.5,102.52,102.49,102.5,1600.0
2017-10-19 12:57:00,102.48,102.495,102.48,102.495,400.0
2017-10-19 12:59:00,102.44,102.48,102.44,102.47,3234.0
2017-10-19 13:00:00,102.37,102.44,102.37,102.44,1400.0
2017-10-19 13:01:00,102.39,102.48,102.39,102.39,6399.0
2017-10-19 13:02:00,102.39,102.45,102.39,102.41,400.0
2017-10-19 13:03:00,102.44,102.45,102.39,102.41,3720.0
2017-10-19 13:04:00,102.38,102.44,102.38,102.4,2431.0
2017-10-19 13:05:00,102.4,102.46,102.4,102.44,2100.0
2017-10-19 13:06:00,102.4,102.45,102.395,102.395,700.0
2017-10-19 13:07:00,102.4,102.44,102.38,102.43,3000.0
2017-10-19 13:08:00,102.35,102.44,102.35,102.39,3200.0
2017-10-19 13:09:00,102.4,102.4,102.37,102.37,800.0
2017-10-19 13:10:00,102.45,102.45,102.39,102.41,1300.0
2017-10-19 13:11:00,102.42,102.47,102.39,102.47,3031.0
2017-10-19 13:12:00,102.37,102.41,102.37,102.4,6231.0
2017-10-19 13:13:00,102.41,102.41,102.37,102.39,1400.0
2017-10-19 13:14:00,102.43,102.45,102.37,102.39,1850.0
2017-10-19 13:15:00,102.4,102.43,102.4,102.41,500.0
2017-10-19 13:16:00,102.42,102.43,102.39,102.43,900.0
2017-10-19 13:17:00,102.46,102.46,102.42,102.42,300.0
2017-10-19 13:18:00,102.4,102.42,102.4,102.42,400.0
2017-10-19 13:19:00,102.4,102.45,102.4,102.42,4300.0
2017-10-19 13:20:00,102.4,102.43,102.4,102.43,2820.0
2017-10-19 13:21:00,102.39,102.405,102.39,102.4,1250.0
2017-10-19 13:22:00,102.36,102.39,102.33,102.36,1100.0
2017-10-19 13:23:00,102.3,102.35,102.3,102.34,700.0
2017-10-19 13:24:00,102.32,102.33,102.3,102.3,1076.0
2017-10-19 13:25:00,102.34,102.34,102.28,102.29,1221.0
2017-10-19 13:26:00,102.38,102.38,102.29,102.3,3233.0
2017-10-19 13:27:00,102.38,102.38,102.38,102.38,300.0
2017-10-19 13:28:00,102.36,102.38,102.36,102.38,1400.0
2017-10-19 13:29:00,102.33,102.38,102.33,102.36,1400.0
2017-10-19 13:30:00,102.28,102.39,102.26,102.37,4700.0
2017-10-19 13:31:00,102.35,102.38,102.26,102.28,3350.0
2017-10-19 13:32:00,102.39,102.41,102.33,102.34,1200.0
2017-10-19 13:33:00,102.41,102.41,102.38,102.38,830.0
2017-10-19 13:34:00,102.36,102.41,102.36,102.41,2027.0
2017-10-19 13:35:00,102.35,102.37,102.35,102.35,1000.0
2017-10-19 13:36:00,102.33,102.39,102.33,102.37,3469.0
2017-10-19 13:37:00,102.31,102.345,102.3,102.32,2300.0
2017-10-19 13:38:00,102.28,102.32,102.28,102.31,4123.0
2017-10-19 13:39:00,102.32,102.34,102.28,102.29,3150.0
2017-10-19 13:40:00,102.36,102.37,102.34,102.35,4000.0
2017-10-19 13:41:00,102.4,102.41,102.35,102.35,2100.0
2017-10-19 13:42:00,102.415,102.43,102.39,102.39,1800.0
2017-10-19 13:43:00,102.435,102.435,102.42,102.435,600.0
2017-10-19 13:44:00,102.4,102.42,102.4,102.42,1292.0
2017-10-19 13:45:00,102.42,102.43,102.4,102.405,3700.0
2017-10-19 13:46:00,102.38,102.43,102.38,102.42,2600.0
2017-10-19 13:47:00,102.39,102.4,102.39,102.4,2700.0
2017-10-19 13:48:00,102.34,102.41,102.34,102.38,4500.0
2017-10-19 13:49:00,102.34,102.355,102.34,102.355,600.0
2017-10-19 13:50:00,102.3,102.34,102.29,102.34,2124.0
2017-10-19 13:51:00,102.32,102.32,102.29,102.3,5824.0
2017-10-19 13:52:00,102.3503,102.3503,102.33,102.33,1450.0
2017-10-19 13:53:00,102.34,102.34,102.34,102.34,100.0
2017-10-19 13:54:00,102.36,102.37,102.35,102.35,300.0
2017-10-19 13:55:00,102.35,102.36,102.33,102.36,1900.0
2017-10-19 13:56:00,102.32,102.32,102.3,102.32,1138.0
2017-10-19 13:57:00,102.3,102.31,102.29,102.3,1148.0
2017-10-19 13:58:00,102.3,102.34,102.3,102.34,1200.0
2017-10-19 13:59:00,102.35,102.35,102.3,102.3,2704.0
2017-10-19 14:00:00,102.36,102.37,102.34,102.369,600.0
2017-10-19 14:01:00,102.34,102.35,102.32,102.345,3200.0
2017-10-19 14:02:00,102.32,102.35,102.31,102.32,2601.0
2017-10-19 14:03:00,102.33,102.35,102.31,102.31,2006.0
2017-10-19 14:04:00,102.35,102.35,102.32,102.35,1667.0
2017-10-19 14:05:00,102.35,102.35,102.34,102.34,1000.0
2017-10-19 14:06:00,102.35,102.35,102.35,102.35,161.0
2017-10-19 14:07:00,102.36,102.4,102.35,102.39,3057.0
2017-10-19 14:08:00,102.52,102.52,102.36,102.36,4099.0
2017-10-19 14:09:00,102.485,102.485,102.485,102.485,100.0
2017-10-19 14:10:00,102.45,102.51,102.45,102.51,1400.0
2017-10-19 14:11:00,102.54,102.57,102.46,102.5,3251.0
2017-10-19 14:12:00,102.55,102.55,102.545,102.55,800.0
2017-10-19 14:13:00,102.54,102.55,102.52,102.55,3915.0
2017-10-19 14:14:00,102.61,102.61,102.55,102.55,2145.0
2017-10-19 14:15:00,102.64,102.64,102.62,102.63,300.0
2017-10-19 14:16:00,102.66,102.66,102.61,102.625,2200.0
2017-10-19 14:17:00,102.65,102.65,102.63,102.63,300.0
2017-10-19 14:18:00,102.56,102.64,102.56,102.64,2262.0
2017-10-19 14:19:00,102.53,102.6,102.53,102.59,2500.0
2017-10-19 14:20:00,102.54,102.55,102.505,102.55,3208.0
2017-10-19 14:21:00,102.54,102.54,102.54,102.54,200.0
2017-10-19 14:22:00,102.52,102.54,102.52,102.54,1300.0
2017-10-19 14:23:00,102.54,102.55,102.54,102.54,1450.0
2017-10-19 14:24:00,102.55,102.57,102.55,102.55,1094.0
2017-10-19 14:25:00,102.56200000000001,102.57,102.55,102.555,1500.0
2017-10-19 14:26:00,102.55,102.58,102.54,102.58,2595.0
2017-10-19 14:27:00,102.54,102.54,102.54,102.54,600.0
2017-10-19 14:28:00,102.55,102.55,102.54,102.54,200.0
2017-10-19 14:29:00,102.64,102.64,102.55,102.55,3650.0
2017-10-19 14:30:00,102.62,102.62,102.62,102.62,200.0
2017-10-19 14:31:00,102.59,102.64,102.58,102.64,2350.0
2017-10-19 14:32:00,102.65,102.65,102.6,102.6,3402.0
2017-10-19 14:33:00,102.69,102.69,102.64,102.64,2300.0
2017-10-19 14:34:00,102.66,102.68,102.66,102.68,1406.0
2017-10-19 14:35:00,102.67,102.67,102.65,102.6688,2100.0
2017-10-19 14:36:00,102.68,102.71,102.66,102.66,2700.0
2017-10-19 14:37:00,102.63,102.67,102.61,102.67,3400.0
2017-10-19 14:38:00,102.67,102.67,102.63,102.63,2450.0
2017-10-19 14:39:00,102.66,102.66,102.65,102.65,200.0
2017-10-19 14:40:00,102.68,102.68,102.64,102.68,500.0
2017-10-19 14:41:00,102.73,102.73,102.66,102.66,1500.0
2017-10-19 14:42:00,102.71,102.73,102.7,102.73,2900.0
2017-10-19 14:43:00,102.72,102.72,102.7,102.7025,1800.0
2017-10-19 14:44:00,102.69,102.73,102.69,102.72,2216.0
2017-10-19 14:45:00,102.68,102.7009,102.68,102.7009,1059.0
2017-10-19 14:46:00,102.695,102.73,102.68,102.68,2001.0
2017-10-19 14:47:00,102.73,102.74,102.72,102.74,2200.0
2017-10-19 14:48:00,102.69,102.75,102.69,102.725,3700.0
2017-10-19 14:49:00,102.63,102.69,102.63,102.69,3500.0
2017-10-19 14:50:00,102.64,102.65,102.62,102.64,2450.0
2017-10-19 14:51:00,102.71,102.71,102.635,102.64200000000001,4106.0
2017-10-19 14:53:00,102.77,102.8,102.76,102.77,1625.0
2017-10-19 14:54:00,102.77,102.78,102.77,102.78,1400.0
2017-10-19 14:55:00,102.69,102.79,102.69,102.79,4774.0
2017-10-19 14:56:00,102.73,102.73,102.69,102.7068,1988.0
2017-10-19 14:57:00,102.75,102.76,102.73,102.73,3192.0
2017-10-19 14:58:00,102.85,102.85,102.76,102.76,2287.0
2017-10-19 14:59:00,102.84,102.9,102.84,102.9,2900.0
2017-10-19 15:00:00,102.8476,102.8476,102.8476,102.8476,100.0
2017-10-19 15:01:00,102.81,102.84,102.81,102.83,3256.0
2017-10-19 15:02:00,102.86,102.86,102.8,102.8,1900.0
2017-10-19 15:03:00,102.9,102.9,102.855,102.855,2100.0
2017-10-19 15:04:00,102.9,102.92,102.89,102.91,2371.0
2017-10-19 15:05:00,102.92,102.93,102.9,102.9,2341.0
2017-10-19 15:06:00,102.875,102.93,102.87,102.93,5500.0
2017-10-19 15:07:00,102.72,102.86,102.72,102.86,4979.0
2017-10-19 15:08:00,102.74,102.7763,102.73,102.75,4989.0
2017-10-19 15:09:00,102.73,102.7696,102.73,102.76,1100.0
2017-10-19 15:10:00,102.779,102.78,102.75,102.77,2946.0
2017-10-19 15:11:00,102.8,102.8,102.77,102.78,3599.0
2017-10-19 15:12:00,102.81,102.82,102.79,102.79,1500.0
2017-10-19 15:13:00,102.81,102.84,102.8,102.8,5050.0
2017-10-19 15:14:00,102.86,102.88,102.82,102.83,3200.0
2017-10-19 15:15:00,102.87,102.88,102.85,102.8548,1526.0
2017-10-19 15:16:00,102.8,102.89,102.8,102.88,5740.0
2017-10-19 15:17:00,102.85,102.85,102.81,102.82,3448.0
2017-10-19 15:18:00,102.85,102.86,102.83,102.86,2600.0
2017-10-19 15:19:00,102.8,102.84,102.78,102.83,5600.0
2017-10-19 15:20:00,102.76,102.795,102.73,102.795,5138.0
2017-10-19 15:21:00,102.72,102.755,102.72,102.755,1400.0
2017-10-19 15:22:00,102.73,102.73,102.7,102.72,4706.0
2017-10-19 15:23:00,102.69,102.73,102.69,102.73,1800.0
2017-10-19 15:24:00,102.67,102.7,102.66,102.7,5491.0
2017-10-19 15:25:00,102.69,102.69,102.65,102.65,6448.0
2017-10-19 15:26:00,102.85,102.85,102.69,102.69,3279.0
2017-10-19 15:27:00,102.95,102.95,102.86,102.86,3560.0
2017-10-19 15:28:00,102.95,102.95,102.905,102.94,4110.0
2017-10-19 15:29:00,103.01,103.01,102.9437,102.9437,3905.0
2017-10-19 15:30:00,103.17,103.17,103.02,103.03,2283.0
2017-10-19 15:31:00,103.16,103.17,103.1,103.16,10355.0
2017-10-19 15:32:00,103.16,103.23,103.13,103.16,6282.0
2017-10-19 15:33:00,103.22,103.22,103.16,103.17,4500.0
2017-10-19 15:34:00,103.14,103.23,103.14,103.22,9817.0
2017-10-19 15:35:00,103.13,103.15,103.11,103.14,8957.0
2017-10-19 15:36:00,103.16,103.18,103.13,103.14,10157.0
2017-10-19 15:37:00,103.19,103.23,103.15,103.16,7199.0
2017-10-19 15:38:00,103.14,103.17,103.14,103.17,4700.0
2017-10-19 15:39:00,103.22,103.23,103.15,103.15,6800.0
2017-10-19 15:40:00,103.19,103.26,103.19,103.24,6575.0
2017-10-19 15:41:00,103.23,103.28,103.205,103.205,5800.0
2017-10-19 15:42:00,103.24,103.26,103.2181,103.2181,4590.0
2017-10-19 15:43:00,103.155,103.23,103.15,103.21,10020.0
2017-10-19 15:44:00,103.07,103.15,103.07,103.15,2747.0
2017-10-19 15:45:00,103.16,103.18,103.08,103.08,7817.0
2017-10-19 15:46:00,103.22,103.26,103.16,103.16,15291.0
2017-10-19 15:47:00,103.22,103.25,103.19,103.23,9082.0
2017-10-19 15:48:00,103.34,103.34,103.25,103.25,7897.0
2017-10-19 15:49:00,103.33,103.36,103.31,103.35,7772.0
2017-10-19 15:50:00,103.375,103.42,103.3,103.33,15578.0
2017-10-19 15:51:00,103.42,103.42,103.35,103.38,8874.0
2017-10-19 15:52:00,103.4,103.49,103.385,103.42,17161.0
2017-10-19 15:53:00,103.48,103.48,103.37,103.37,10123.0
2017-10-19 15:54:00,103.54,103.54,103.465,103.48,9393.0
2017-10-19 15:55:00,103.485,103.54,103.46,103.54,14308.0
2017-10-19 15:56:00,103.55,103.55,103.46,103.47,19511.0
2017-10-19 15:57:00,103.55,103.56,103.51,103.52,16464.0
2017-10-19 15:58:00,103.56,103.59,103.49,103.55,24447.0
2017-10-19 15:59:00,103.67,103.69,103.55,103.555,27770.0
2017-10-19 16:00:00,103.77,103.8,103.67,103.675,57118.0
2017-10-20 09:30:00,106.7,106.7,106.12,106.12,300.0
2017-10-20 09:31:00,106.5,106.5,106.5,106.5,100.0
2017-10-20 09:32:00,106.79,106.79,106.43,106.44,1400.0
2017-10-20 09:34:00,106.38,107.28,106.12,107.05,37350.0
2017-10-20 09:35:00,106.05,107.22,105.68,106.76,5460.0
2017-10-20 09:36:00,106.55,106.73,105.87,105.945,15716.0
2017-10-20 09:37:00,106.0,106.61,105.814,106.471,8178.0
2017-10-20 09:38:00,105.945,106.0,105.865,106.0,3499.0
2017-10-20 09:39:00,105.355,106.0,105.09,106.0,8613.0
2017-10-20 09:40:00,105.09,105.33,104.43,105.33,5938.0
2017-10-20 09:41:00,105.02,105.02,104.56,104.82,6670.0
2017-10-20 09:42:00,104.99,105.13,104.81,104.91,10667.0
2017-10-20 09:43:00,105.3075,105.58,104.94,105.28,4726.0
2017-10-20 09:44:00,105.23,105.34,105.08,105.32,3900.0
2017-10-20 09:45:00,105.2,105.53,105.1,105.29,10573.0
2017-10-20 09:46:00,105.19,105.33,105.17,105.17,2190.0
2017-10-20 09:47:00,104.79,105.22,104.5,105.19,7150.0
2017-10-20 09:48:00,104.8701,105.21,104.7,104.775,8397.0
2017-10-20 09:49:00,104.9103,105.13,104.8701,104.8701,1400.0
2017-10-20 09:50:00,105.02,105.14,104.92,104.965,4500.0
2017-10-20 09:51:00,104.925,105.1084,104.83,105.1,4280.0
2017-10-20 09:52:00,104.9,104.96,104.8,104.915,5100.0
2017-10-20 09:53:00,104.76,105.1,104.76,105.0,13694.0
2017-10-20 09:54:00,104.675,104.8,104.65,104.76,5050.0
2017-10-20 09:55:00,104.97,105.005,104.82,104.83,4200.0
2017-10-20 09:56:00,104.85,104.975,104.84,104.975,6900.0
2017-10-20 09:57:00,105.55,105.56,104.78,104.87,6210.0
2017-10-20 09:58:00,105.4201,105.48,105.31,105.48,4800.0
2017-10-20 09:59:00,105.55,105.75,105.38,105.47,11100.0
2017-10-20 10:00:00,105.43,105.55,105.34,105.55,4240.0
2017-10-20 10:01:00,105.55,105.55,105.35,105.375,9544.0
2017-10-20 10:02:00,105.45,105.62,105.36,105.499,14357.0
2017-10-20 10:03:00,105.45,105.51,105.41,105.45,8860.0
2017-10-20 10:04:00,105.45,105.54,105.44,105.45,5350.0
2017-10-20 10:05:00,105.46,105.51,105.43,105.45,9015.0
2017-10-20 10:06:00,105.47,105.49,105.46,105.47,700.0
2017-10-20 10:07:00,105.4897,105.52,105.46,105.52,2474.0
2017-10-20 10:08:00,105.44,105.5,105.39,105.45,4850.0
2017-10-20 10:09:00,105.38,105.41,105.38,105.41,1600.0
2017-10-20 10:10:00,105.4,105.4,105.35,105.39,1768.0
2017-10-20 10:11:00,105.25,105.33,105.25,105.33,2500.0
2017-10-20 10:12:00,105.12,105.33,105.12,105.2638,4507.0
2017-10-20 10:13:00,104.95,105.165,104.95,105.165,2700.0
2017-10-20 10:14:00,105.06,105.09,104.95,104.95,2147.0
2017-10-20 10:15:00,105.32,105.33,105.075,105.12,7234.0
2017-10-20 10:16:00,105.325,105.39,105.24,105.315,20464.0
2017-10-20 10:17:00,105.305,105.54,105.27,105.43,3300.0
2017-10-20 10:18:00,105.37,105.38,105.305,105.305,2500.0
2017-10-20 10:19:00,105.41,105.41,105.32,105.36,500.0
2017-10-20 10:20:00,105.39,105.39,105.32,105.33,500.0
2017-10-20 10:21:00,105.17,105.365,105.09,105.365,2992.0
2017-10-20 10:22:00,105.21,105.3,105.175,105.175,1423.0
2017-10-20 10:23:00,105.24,105.32,105.21,105.21,2690.0
2017-10-20 10:24:00,104.9978,105.25,104.9,105.24,6256.0
2017-10-20 10:25:00,105.06,105.06,104.8,104.96,3892.0
2017-10-20 10:26:00,104.93,105.11,104.93,105.09,3270.0
2017-10-20 10:27:00,104.96,104.965,104.9,104.93,2400.0
2017-10-20 10:28:00,104.95,105.04,104.94,104.96,3961.0
2017-10-20 10:29:00,105.005,105.03,104.999,104.999,2279.0
2017-10-20 10:30:00,104.86,105.0,104.83,105.0,6000.0
2017-10-20 10:31:00,104.95,104.95,104.83,104.83,2502.0
2017-10-20 10:32:00,105.0,105.035,104.94,104.94,3228.0
2017-10-20 10:33:00,105.0443,105.07,105.01,105.01,800.0
2017-10-20 10:34:00,105.28,105.28,105.07,105.07,3378.0
2017-10-20 10:35:00,105.22,105.3,105.22,105.3,5100.0
2017-10-20 10:36:00,105.19,105.2397,105.18,105.23,1230.0
2017-10-20 10:37:00,105.135,105.17,105.07,105.17,2700.0
2017-10-20 10:38:00,105.29,105.29,105.135,105.135,4159.0
2017-10-20 10:39:00,105.19,105.2,105.11,105.2,2420.0
2017-10-20 10:40:00,105.19,105.21,105.1429,105.1592,1500.0
2017-10-20 10:41:00,105.32,105.32,105.19,105.2,2200.0
2017-10-20 10:42:00,105.32,105.3312,105.3,105.3,700.0
2017-10-20 10:43:00,105.2,105.37,105.2,105.315,2400.0
2017-10-20 10:44:00,105.23,105.23,105.22,105.22,200.0
2017-10-20 10:45:00,105.185,105.21,105.16,105.21,4359.0
2017-10-20 10:46:00,105.245,105.28,105.185,105.185,1550.0
2017-10-20 10:47:00,105.16,105.27,105.075,105.2,4447.0
2017-10-20 10:48:00,105.145,105.145,105.145,105.145,100.0
2017-10-20 10:49:00,105.13,105.15,105.1,105.15,600.0
2017-10-20 10:50:00,105.11,105.13,105.11,105.13,200.0
2017-10-20 10:51:00,105.03,105.12,105.0,105.1,4800.0
2017-10-20 10:52:00,105.0269,105.07,104.97,105.01,3877.0
2017-10-20 10:53:00,105.1,105.12,105.03,105.03,1100.0
2017-10-20 10:54:00,105.14,105.16,105.12,105.14,3200.0
2017-10-20 10:55:00,105.15,105.2,105.14,105.17,3185.0
2017-10-20 10:56:00,105.19,105.19,105.15,105.185,1690.0
2017-10-20 10:57:00,105.22,105.22,105.11,105.19,4468.0
2017-10-20 10:58:00,105.3,105.33,105.26,105.26,1560.0
2017-10-20 10:59:00,105.28,105.31,105.27,105.28,1100.0
2017-10-20 11:00:00,105.42,105.42,105.26,105.26,4260.0
2017-10-20 11:01:00,105.49,105.49,105.43,105.44,4039.0
2017-10-20 11:02:00,105.5,105.52,105.45,105.45,7929.0
2017-10-20 11:03:00,105.515,105.56,105.515,105.53,2200.0
2017-10-20 11:04:00,105.63,105.65,105.55,105.55,2400.0
2017-10-20 11:05:00,105.63,105.678,105.58,105.6,3750.0
2017-10-20 11:06:00,105.65,105.67,105.645,105.645,900.0
2017-10-20 11:07:00,105.605,105.65,105.58,105.6401,4627.0
2017-10-20 11:08:00,105.605,105.63,105.58,105.63,500.0
2017-10-20 11:09:00,105.62,105.65,105.58,105.58,1600.0
2017-10-20 11:10:00,105.62,105.66,105.595,105.6,1900.0
2017-10-20 11:11:00,105.5,105.6553,105.5,105.6553,2000.0
2017-10-20 11:12:00,105.52,105.57,105.52,105.5269,1201.0
2017-10-20 11:13:00,105.51,105.51,105.51,105.51,100.0
2017-10-20 11:14:00,105.445,105.51,105.38,105.51,4100.0
2017-10-20 11:15:00,105.46,105.48,105.43,105.445,1800.0
2017-10-20 11:16:00,105.355,105.44,105.35,105.44,1627.0
2017-10-20 11:17:00,105.2,105.33,105.2,105.33,827.0
2017-10-20 11:18:00,105.2014,105.22,105.15,105.2,2067.0
2017-10-20 11:19:00,105.25,105.25,105.2,105.2,900.0
2017-10-20 11:20:00,105.235,105.235,105.235,105.235,200.0
2017-10-20 11:21:00,105.33,105.33,105.28,105.28,1000.0
2017-10-20 11:22:00,105.33,105.33,105.33,105.33,500.0
2017-10-20 11:23:00,105.26,105.36,105.24,105.355,3227.0
2017-10-20 11:24:00,105.32,105.34,105.295,105.2963,2500.0
2017-10-20 11:25:00,105.08,105.28,105.08,105.28,1927.0
2017-10-20 11:26:00,105.1,105.11,105.1,105.11,200.0
2017-10-20 11:27:00,105.14,105.16,105.1,105.1,800.0
2017-10-20 11:28:00,105.19,105.19,105.16,105.16,1475.0
2017-10-20 11:29:00,105.17,105.23,105.13,105.19,2800.0
2017-10-20 11:30:00,105.17,105.17,105.14,105.14,700.0
2017-10-20 11:31:00,105.25,105.25,105.17,105.18,5105.0
2017-10-20 11:32:00,105.27,105.32,105.23,105.24,2720.0
2017-10-20 11:33:00,105.26,105.3,105.22,105.3,1700.0
2017-10-20 11:34:00,105.2,105.25,105.17,105.245,1600.0
2017-10-20 11:35:00,105.22,105.24,105.1907,105.1907,1300.0
2017-10-20 11:36:00,105.28,105.29,105.24,105.24,2300.0
2017-10-20 11:37:00,105.3,105.33,105.28,105.31,1500.0
2017-10-20 11:39:00,105.28200000000001,105.3,105.27,105.3,2360.0
2017-10-20 11:40:00,105.25,105.3,105.25,105.26,1200.0
2017-10-20 11:41:00,105.21,105.26,105.21,105.24,1708.0
2017-10-20 11:42:00,105.17,105.17,105.17,105.17,800.0
2017-10-20 11:43:00,105.24,105.28,105.2,105.2,2400.0
2017-10-20 11:44:00,105.24,105.31,105.24,105.31,1700.0
2017-10-20 11:45:00,105.18,105.2,105.18,105.2,600.0
2017-10-20 11:46:00,105.18,105.205,105.14,105.18,1100.0
2017-10-20 11:47:00,105.145,105.15,105.12,105.12,1200.0
2017-10-20 11:48:00,105.25,105.25,105.18,105.18,3067.0
2017-10-20 11:49:00,105.24,105.25,105.23,105.24,700.0
2017-10-20 11:50:00,105.26,105.315,105.22,105.25,3200.0
2017-10-20 11:51:00,105.25,105.29,105.22,105.28,2527.0
2017-10-20 11:52:00,105.36,105.39,105.24,105.24,4300.0
2017-10-20 11:53:00,105.35,105.35,105.35,105.35,500.0
2017-10-20 11:54:00,105.34,105.34,105.34,105.34,200.0
2017-10-20 11:55:00,105.285,105.32,105.26,105.32,2200.0
2017-10-20 11:56:00,105.33,105.34,105.295,105.3,1500.0
2017-10-20 11:57:00,105.3,105.35,105.3,105.35,1800.0
2017-10-20 11:58:00,105.33,105.33,105.305,105.305,600.0
2017-10-20 11:59:00,105.46,105.46,105.33,105.33,5191.0
2017-10-20 12:00:00,105.37,105.49,105.37,105.44,2428.0
2017-10-20 12:03:00,105.45,105.45,105.44,105.44,600.0
2017-10-20 12:04:00,105.48,105.48,105.445,105.445,300.0
2017-10-20 12:05:00,105.48,105.48,105.48,105.48,100.0
2017-10-20 12:06:00,105.48,105.49,105.45,105.48,1700.0
2017-10-20 12:07:00,105.44,105.44,105.42,105.44,1227.0
2017-10-20 12:08:00,105.38,105.45,105.36,105.45,1300.0
2017-10-20 12:09:00,105.35,105.35,105.32,105.32,1127.0
2017-10-20 12:10:00,105.2875,105.3,105.2875,105.295,650.0
2017-10-20 12:12:00,105.14,105.305,105.14,105.305,2500.0
2017-10-20 12:13:00,105.11,105.11,105.11,105.11,100.0
2017-10-20 12:14:00,105.22,105.22,105.11,105.12,3285.0
2017-10-20 12:15:00,105.23,105.23,105.23,105.23,100.0
2017-10-20 12:17:00,105.19,105.19,105.17,105.176,800.0
2017-10-20 12:18:00,105.15,105.15,105.15,105.15,200.0
2017-10-20 12:19:00,105.18,105.18,105.15,105.15,500.0
2017-10-20 12:20:00,105.24,105.24,105.17,105.19,3100.0
2017-10-20 12:21:00,105.23,105.26,105.2,105.25,2300.0
2017-10-20 12:22:00,105.255,105.255,105.23,105.23,400.0
2017-10-20 12:23:00,105.28,105.28,105.255,105.255,200.0
2017-10-20 12:24:00,105.255,105.255,105.255,105.255,200.0
2017-10-20 12:25:00,105.28,105.28,105.23,105.255,3310.0
2017-10-20 12:26:00,105.2,105.21,105.2,105.21,400.0
2017-10-20 12:28:00,105.25,105.27,105.25,105.27,1100.0
2017-10-20 12:29:00,105.26,105.26,105.23,105.23,600.0
2017-10-20 12:30:00,105.19,105.23,105.14,105.23,2100.0
2017-10-20 12:31:00,105.12,105.12,105.12,105.12,300.0
2017-10-20 12:32:00,105.21,105.21,105.18,105.18,500.0
2017-10-20 12:33:00,105.17,105.21,104.92,105.21,15137.0
2017-10-20 12:35:00,105.16,105.21,105.16,105.21,700.0
2017-10-20 12:36:00,105.17,105.2,105.17,105.19,900.0
2017-10-20 12:37:00,105.19,105.19,105.14,105.14,300.0
2017-10-20 12:38:00,105.13,105.17,105.13,105.17,1000.0
2017-10-20 12:39:00,105.09,105.1,105.07,105.1,892.0
2017-10-20 12:40:00,105.08,105.1,105.06,105.1,2800.0
2017-10-20 12:41:00,105.11,105.11,105.04,105.08,1400.0
2017-10-20 12:42:00,105.13,105.17,105.13,105.15,1400.0
2017-10-20 12:43:00,105.15,105.18,105.1455,105.1455,1500.0
2017-10-20 12:44:00,105.18,105.2,105.1242,105.1242,1500.0
2017-10-20 12:45:00,105.19,105.19,105.169,105.169,600.0
2017-10-20 12:47:00,105.14,105.19,105.14,105.19,200.0
2017-10-20 12:48:00,105.23,105.24,105.18,105.19,1529.0
2017-10-20 12:49:00,105.24,105.24,105.23,105.23,700.0
2017-10-20 12:50:00,105.26,105.26,105.23,105.23,300.0
2017-10-20 12:51:00,105.26,105.26,105.25,105.26,500.0
2017-10-20 12:52:00,105.27,105.27,105.21,105.24,1400.0
2017-10-20 12:53:00,105.13,105.27,105.13,105.27,6470.0
2017-10-20 12:54:00,105.14,105.15,105.1,105.1,2104.0
2017-10-20 12:55:00,105.11,105.11,105.06,105.1,300.0
2017-10-20 12:56:00,105.06,105.1,105.06,105.088,1736.0
2017-10-20 12:57:00,105.12,105.12,105.1,105.1,1200.0
2017-10-20 12:58:00,105.08,105.08,105.08,105.08,100.0
2017-10-20 12:59:00,105.065,105.11,105.065,105.07,1100.0
2017-10-20 13:00:00,105.02,105.02,105.02,105.02,100.0
2017-10-20 13:01:00,105.04799999999999,105.06,105.04,105.06,450.0
2017-10-20 13:02:00,105.02,105.06,105.02,105.06,1800.0
2017-10-20 13:03:00,105.07,105.07,105.03,105.03,1200.0
2017-10-20 13:04:00,105.12,105.12,105.055,105.055,1400.0
2017-10-20 13:05:00,105.1043,105.12,105.07,105.12,2862.0
2017-10-20 13:07:00,105.05,105.08,105.05,105.08,1000.0
2017-10-20 13:08:00,105.12,105.16,105.07,105.08,7501.0
2017-10-20 13:09:00,105.13,105.14,105.1,105.1,1728.0
2017-10-20 13:10:00,105.105,105.17,105.105,105.15,1300.0
2017-10-20 13:11:00,105.12,105.12,105.1,105.105,700.0
2017-10-20 13:12:00,105.15,105.15,105.15,105.15,100.0
2017-10-20 13:13:00,105.12,105.14,105.1,105.1,600.0
2017-10-20 13:14:00,105.12,105.14,105.12,105.12,700.0
2017-10-20 13:15:00,105.065,105.12,105.05,105.12,2930.0
2017-10-20 13:16:00,105.01,105.03,105.01,105.03,400.0
2017-10-20 13:17:00,105.01,105.02,105.01,105.01,1200.0
2017-10-20 13:18:00,105.03,105.05,105.03,105.03,1994.0
2017-10-20 13:19:00,104.995,105.03,104.98,105.03,2300.0
2017-10-20 13:20:00,105.03,105.05,104.98,104.995,6309.0
2017-10-20 13:21:00,105.06,105.06,105.06,105.06,300.0
2017-10-20 13:22:00,105.04,105.07,105.04,105.07,890.0
2017-10-20 13:23:00,105.04,105.06,105.03,105.045,1100.0
2017-10-20 13:24:00,105.0301,105.06,105.0301,105.06,359.0
2017-10-20 13:25:00,105.06,105.06,105.045,105.045,300.0
2017-10-20 13:26:00,105.07,105.09,105.03,105.045,2739.0
2017-10-20 13:27:00,105.03,105.09,105.03,105.09,2600.0
2017-10-20 13:28:00,104.99,105.06,104.99,105.06,5000.0
2017-10-20 13:29:00,104.96,104.99,104.96,104.99,400.0
2017-10-20 13:30:00,104.99,104.99,104.99,104.99,300.0
2017-10-20 13:31:00,104.99,104.99,104.99,104.99,300.0
2017-10-20 13:32:00,104.99600000000001,104.99600000000001,104.99,104.99,220.0
2017-10-20 13:33:00,105.06,105.07,104.99,104.99,2522.0
2017-10-20 13:34:00,105.09,105.1,105.07,105.07,1100.0
2017-10-20 13:35:00,105.11,105.11,105.11,105.11,744.0
2017-10-20 13:36:00,105.15,105.15,105.095,105.12,2300.0
2017-10-20 13:37:00,105.14,105.16,105.12,105.16,2600.0
2017-10-20 13:38:00,105.13,105.14,105.12,105.13,700.0
2017-10-20 13:39:00,105.17,105.17,105.13,105.1401,3225.0
2017-10-20 13:40:00,105.18,105.18,105.18,105.18,400.0
2017-10-20 13:41:00,105.165,105.18,105.16,105.16,1575.0
2017-10-20 13:42:00,105.14,105.17,105.14,105.17,5810.0
2017-10-20 13:43:00,105.11,105.13,105.11,105.13,322.0
2017-10-20 13:44:00,105.13,105.15,105.13,105.14,2121.0
2017-10-20 13:45:00,105.15,105.15,105.135,105.15,300.0
2017-10-20 13:46:00,105.15,105.15,105.14,105.15,1200.0
2017-10-20 13:47:00,105.1,105.14,105.1,105.14,5300.0
2017-10-20 13:48:00,105.06,105.1,105.06,105.1,4307.0
2017-10-20 13:49:00,105.01,105.06,104.97,105.06,10017.0
2017-10-20 13:50:00,105.01,105.05,105.01,105.04,3022.0
2017-10-20 13:51:00,105.02,105.05,104.99,105.0,8150.0
2017-10-20 13:52:00,105.035,105.05,105.02,105.0386,2500.0
2017-10-20 13:53:00,105.035,105.06,105.025,105.06,964.0
2017-10-20 13:54:00,105.12,105.12,105.03,105.03,3018.0
2017-10-20 13:55:00,105.14,105.14,105.07,105.09,3778.0
2017-10-20 13:56:00,105.08,105.15,105.08,105.15,17787.0
2017-10-20 13:57:00,105.165,105.17,105.095,105.11,3434.0
2017-10-20 13:58:00,105.21,105.24,105.19,105.19,1875.0
2017-10-20 13:59:00,105.23,105.24,105.21,105.21,2640.0
2017-10-20 14:00:00,105.215,105.215,105.215,105.215,700.0
2017-10-20 14:01:00,105.13,105.215,105.13,105.215,7077.0
2017-10-20 14:02:00,105.14,105.17,105.12,105.16,4062.0
2017-10-20 14:03:00,105.15,105.15,105.14,105.15,1629.0
2017-10-20 14:04:00,105.16,105.17,105.145,105.145,400.0
2017-10-20 14:05:00,105.13,105.17,105.12,105.16,400.0
2017-10-20 14:06:00,105.13,105.16,105.13,105.16,200.0
2017-10-20 14:07:00,105.12,105.17,105.12,105.145,500.0
2017-10-20 14:08:00,105.14,105.18,105.14,105.145,4249.0
2017-10-20 14:09:00,105.13,105.16,105.13,105.16,700.0
2017-10-20 14:10:00,105.16,105.16,105.14,105.145,1400.0
2017-10-20 14:11:00,105.14,105.16,105.11,105.15,7817.0
2017-10-20 14:12:00,105.14,105.15,105.11,105.14,2575.0
2017-10-20 14:13:00,105.13,105.15,105.12,105.12,1690.0
2017-10-20 14:14:00,105.065,105.16,105.06,105.16,9000.0
2017-10-20 14:15:00,105.13,105.13,105.07,105.08,4331.0
2017-10-20 14:16:00,105.205,105.22,105.12,105.12,3810.0
2017-10-20 14:17:00,105.27,105.32,105.23,105.23,4600.0
2017-10-20 14:18:00,105.29,105.2905,105.28,105.28,2908.0
2017-10-20 14:19:00,105.33,105.33,105.28,105.28,2319.0
2017-10-20 14:20:00,105.31,105.325,105.3,105.325,3100.0
2017-10-20 14:21:00,105.25,105.31,105.25,105.3,2807.0
2017-10-20 14:22:00,105.28,105.28,105.28,105.28,100.0
2017-10-20 14:23:00,105.32,105.32,105.265,105.28,4048.0
2017-10-20 14:24:00,105.3321,105.36,105.32,105.34,800.0
2017-10-20 14:25:00,105.42,105.42,105.35,105.35,2200.0
2017-10-20 14:26:00,105.46,105.46,105.42,105.44,900.0
2017-10-20 14:27:00,105.51,105.51,105.46,105.48,2882.0
2017-10-20 14:28:00,105.58,105.58,105.51,105.51,2734.0
2017-10-20 14:29:00,105.53,105.57,105.46700000000001,105.57,6073.0
2017-10-20 14:30:00,105.46,105.55,105.46,105.50200000000001,6090.0
2017-10-20 14:32:00,105.35,105.46,105.31,105.46,4351.0
2017-10-20 14:33:00,105.32,105.34,105.31,105.31,400.0
2017-10-20 14:34:00,105.25,105.3,105.25,105.3,2100.0
2017-10-20 14:35:00,105.275,105.3,105.25,105.25,400.0
2017-10-20 14:36:00,105.275,105.275,105.25,105.25,1000.0
2017-10-20 14:37:00,105.34,105.34,105.29,105.29,3101.0
2017-10-20 14:38:00,105.38,105.38,105.32,105.339,4000.0
2017-10-20 14:39:00,105.37,105.39,105.35,105.35,1300.0
2017-10-20 14:40:00,105.5301,105.59,105.4,105.4,4990.0
2017-10-20 14:41:00,105.55,105.65,105.52,105.57,7143.0
2017-10-20 14:42:00,105.57,105.64,105.55,105.58,3700.0
2017-10-20 14:43:00,105.565,105.59,105.55,105.59,600.0
2017-10-20 14:44:00,105.59,105.59,105.54,105.59,400.0
2017-10-20 14:45:00,105.56,105.61,105.53,105.59,6949.0
2017-10-20 14:46:00,105.5752,105.61,105.5752,105.61,200.0
2017-10-20 14:47:00,105.585,105.62,105.585,105.62,200.0
2017-10-20 14:48:00,105.39,105.585,105.37,105.56,7728.0
2017-10-20 14:49:00,105.405,105.44,105.36,105.36,2648.0
2017-10-20 14:50:00,105.5,105.5,105.44,105.44,2800.0
2017-10-20 14:51:00,105.41,105.44,105.36,105.44,3200.0
2017-10-20 14:52:00,105.22,105.38,105.22,105.37,8673.0
2017-10-20 14:53:00,105.16,105.16,105.16,105.16,200.0
2017-10-20 14:54:00,105.185,105.21,105.15,105.15,500.0
2017-10-20 14:55:00,105.15,105.24,105.15,105.21,3985.0
2017-10-20 14:56:00,105.1101,105.175,105.11,105.175,2951.0
2017-10-20 14:57:00,105.1,105.11,105.07,105.11,2508.0
2017-10-20 14:58:00,105.1,105.1,105.08,105.08,800.0
2017-10-20 14:59:00,105.075,105.13,105.06,105.12,11289.0
2017-10-20 15:00:00,104.97,105.11,104.96,105.1,13609.0
2017-10-20 15:01:00,105.045,105.07,105.01,105.01,3195.0
2017-10-20 15:02:00,105.15,105.15,105.05,105.05,5406.0
2017-10-20 15:03:00,105.1793,105.18,105.13,105.15,5819.0
2017-10-20 15:04:00,105.09,105.18,105.09,105.18,5611.0
2017-10-20 15:05:00,105.08,105.12,105.04,105.1,5532.0
2017-10-20 15:06:00,105.06,105.1,105.05,105.07,2500.0
2017-10-20 15:08:00,105.03,105.07,105.01,105.07,5610.0
2017-10-20 15:09:00,105.07,105.07,105.01,105.01,4281.0
2017-10-20 15:10:00,105.06,105.07,105.045,105.055,500.0
2017-10-20 15:11:00,104.93,105.06,104.93,105.06,4440.0
2017-10-20 15:12:00,104.95,104.95,104.91,104.93,600.0
2017-10-20 15:13:00,104.98,104.98,104.91,104.91,3879.0
2017-10-20 15:14:00,105.03,105.04,104.98,104.98,2834.0
2017-10-20 15:15:00,105.04,105.04,105.02,105.02,2000.0
2017-10-20 15:16:00,105.0,105.03,105.0,105.02,5403.0
2017-10-20 15:17:00,105.0,105.05,105.0,105.015,3600.0
2017-10-20 15:18:00,105.01,105.02,104.98,104.99,5600.0
2017-10-20 15:19:00,105.05,105.05,104.995,105.02,3702.0
2017-10-20 15:20:00,105.01,105.06,105.01,105.04,3710.0
2017-10-20 15:21:00,105.015,105.03,104.98,105.01,10212.0
2017-10-20 15:22:00,105.06,105.06,105.015,105.015,800.0
2017-10-20 15:23:00,105.01,105.08,105.01,105.06,6295.0
2017-10-20 15:24:00,105.01,105.01,105.01,105.01,400.0
2017-10-20 15:25:00,104.96,105.01,104.91,105.01,5845.0
2017-10-20 15:26:00,104.96,104.98,104.92,104.92,3699.0
2017-10-20 15:27:00,105.05,105.05,104.94,104.95,3780.0
2017-10-20 15:28:00,105.045,105.06,105.045,105.045,500.0
2017-10-20 15:29:00,104.9575,105.06,104.95,105.045,10097.0
2017-10-20 15:30:00,104.94,104.965,104.91,104.96,10112.0
2017-10-20 15:31:00,104.95,104.96,104.93,104.94,2452.0
2017-10-20 15:32:00,104.96,105.03,104.95,104.96,14853.0
2017-10-20 15:33:00,105.0,105.02,105.0,105.0,4800.0
2017-10-20 15:34:00,105.03,105.055,105.0,105.0,8591.0
2017-10-20 15:35:00,105.06,105.08,105.045,105.07,4212.0
2017-10-20 15:36:00,105.04,105.09,105.04,105.07,10268.0
2017-10-20 15:37:00,105.02,105.038,105.0,105.03,6583.0
2017-10-20 15:38:00,105.03,105.04,105.01,105.01,1700.0
2017-10-20 15:39:00,104.98,105.03,104.98,105.02,6264.0
2017-10-20 15:40:00,105.1,105.1,104.99,105.0,11184.0
2017-10-20 15:41:00,105.08,105.1,105.07,105.1,4300.0
2017-10-20 15:42:00,105.16,105.16,105.05,105.075,11329.0
2017-10-20 15:43:00,105.1,105.15,105.1,105.15,13965.0
2017-10-20 15:44:00,105.21,105.23,105.12,105.12,3511.0
2017-10-20 15:45:00,105.365,105.37,105.2,105.23,6620.0
2017-10-20 15:46:00,105.36,105.38,105.3,105.365,12782.0
2017-10-20 15:47:00,105.29,105.38,105.27,105.38,7094.0
2017-10-20 15:48:00,105.2,105.29,105.2,105.28,6290.0
2017-10-20 15:49:00,105.18,105.22,105.18,105.18,2500.0
2017-10-20 15:50:00,105.1,105.23,105.1,105.195,17597.0
2017-10-20 15:51:00,105.1,105.17,105.1,105.12,16123.0
2017-10-20 15:52:00,105.06,105.15,105.06,105.12,10200.0
2017-10-20 15:53:00,105.02,105.06,105.02,105.05,6014.0
2017-10-20 15:54:00,104.97,105.04,104.96,105.02,13646.0
2017-10-20 15:55:00,104.985,105.0,104.94,104.97,26906.0
2017-10-20 15:56:00,105.04,105.04,104.98,104.98,13120.0
2017-10-20 15:57:00,105.09,105.09,104.98,105.04,26344.0
2017-10-20 15:58:00,105.03,105.09,105.025,105.09,24735.0
2017-10-20 15:59:00,104.99,105.04,104.98,105.03,25507.0
2017-10-20 16:00:00,105.18,105.19,105.01,105.01,30499.0
2017-10-23 09:30:00,106.57,106.57,106.57,106.57,22419.0
2017-10-23 09:31:00,106.34,106.525,106.34,106.41,1800.0
2017-10-23 09:32:00,106.09,106.31,106.0,106.23,2200.0
2017-10-23 09:33:00,105.6,106.11,105.6,106.0,1900.0
2017-10-23 09:34:00,105.82,105.83,105.53,105.55,3785.0
2017-10-23 09:36:00,106.0,106.0,105.62,105.76,2382.0
2017-10-23 09:37:00,106.07,106.415,105.94,105.95,11064.0
2017-10-23 09:38:00,106.42,106.45,106.07,106.1,8000.0
2017-10-23 09:39:00,106.53,106.53,106.43,106.43,500.0
2017-10-23 09:40:00,106.88,106.88,106.48,106.48,5584.0
2017-10-23 09:41:00,106.86,107.02,106.86,106.8816,9160.0
2017-10-23 09:42:00,106.91,107.04,106.8744,106.8744,1160.0
2017-10-23 09:43:00,107.0,107.09,106.95,106.95,2763.0
2017-10-23 09:44:00,107.2501,107.41,107.1,107.1,6334.0
2017-10-23 09:45:00,107.53,107.53,107.38,107.38,1000.0
2017-10-23 09:46:00,107.51,107.56,107.41,107.505,1900.0
2017-10-23 09:47:00,107.415,107.55,107.36,107.51,8780.0
2017-10-23 09:48:00,107.36,107.43,107.3,107.35,9200.0
2017-10-23 09:49:00,107.08,107.45,107.08,107.3625,7515.0
2017-10-23 09:50:00,107.0501,107.1,106.95,107.02,4838.0
2017-10-23 09:51:00,107.02,107.06,106.91,107.06,1937.0
2017-10-23 09:52:00,107.07,107.07,107.07,107.07,300.0
2017-10-23 09:53:00,106.7701,107.155,106.7701,107.1,3240.0
2017-10-23 09:54:00,106.995,107.0,106.72,106.73,3050.0
2017-10-23 09:55:00,107.1,107.11,106.985,107.04,1373.0
2017-10-23 09:56:00,107.5,107.67,107.1,107.1,8542.0
2017-10-23 09:57:00,107.465,107.59,107.41,107.51,5540.0
2017-10-23 09:58:00,107.17,107.465,107.06,107.45,6467.0
2017-10-23 09:59:00,107.18,107.2,106.99,107.16,2687.0
2017-10-23 10:00:00,107.26,107.26,107.0625,107.0625,973.0
2017-10-23 10:01:00,107.33,107.36,107.2582,107.35,965.0
2017-10-23 10:02:00,107.25,107.25,107.19,107.21,1100.0
2017-10-23 10:03:00,107.26,107.26,107.18,107.2,2120.0
2017-10-23 10:04:00,107.33,107.33,107.24,107.26,1700.0
2017-10-23 10:05:00,107.29,107.33,107.25,107.33,1100.0
2017-10-23 10:06:00,107.09,107.27,107.09,107.27,6989.0
2017-10-23 10:07:00,107.08,107.11,107.08,107.1,1900.0
2017-10-23 10:08:00,107.2,107.24,107.11,107.12,3400.0
2017-10-23 10:09:00,107.26,107.26,107.21,107.21,200.0
2017-10-23 10:10:00,107.17,107.3,107.17,107.225,2400.0
2017-10-23 10:11:00,107.245,107.27,107.2,107.22,1800.0
2017-10-23 10:12:00,107.245,107.245,107.245,107.245,200.0
2017-10-23 10:13:00,107.26,107.29,107.2,107.29,2900.0
2017-10-23 10:14:00,107.18,107.23,107.18,107.23,2200.0
2017-10-23 10:15:00,107.35,107.37,107.235,107.235,1998.0
2017-10-23 10:16:00,107.23,107.36,107.23,107.35,4610.0
2017-10-23 10:17:00,107.32,107.32,107.21,107.24,2083.0
2017-10-23 10:18:00,107.35,107.351,107.35,107.351,200.0
2017-10-23 10:19:00,107.21,107.35,107.21,107.35,3112.0
2017-10-23 10:20:00,107.2,107.2,107.19,107.19,400.0
2017-10-23 10:21:00,107.19,107.27,107.19,107.2,4778.0
2017-10-23 10:22:00,107.24,107.25,107.17,107.17,1695.0
2017-10-23 10:23:00,107.19,107.21,107.19,107.21,200.0
2017-10-23 10:24:00,107.21,107.25,107.19,107.22,2633.0
2017-10-23 10:25:00,107.23,107.28,107.19,107.2,2103.0
2017-10-23 10:26:00,107.24,107.24,107.23,107.23,300.0
2017-10-23 10:27:00,107.3101,107.405,107.27,107.27,4289.0
2017-10-23 10:28:00,107.38,107.38,107.29,107.32,1927.0
2017-10-23 10:29:00,107.38,107.38,107.35,107.35,200.0
2017-10-23 10:30:00,107.42,107.425,107.37,107.38,3200.0
2017-10-23 10:31:00,107.41,107.44,107.38,107.44,3138.0
2017-10-23 10:32:00,107.39,107.405,107.38,107.3888,3300.0
2017-10-23 10:33:00,107.4,107.4,107.37,107.37,3130.0
2017-10-23 10:34:00,107.37,107.405,107.37,107.405,300.0
2017-10-23 10:35:00,107.47,107.47,107.3735,107.3735,1900.0
2017-10-23 10:36:00,107.44,107.5,107.41,107.5,5045.0
2017-10-23 10:38:00,107.435,107.435,107.41,107.41,200.0
2017-10-23 10:39:00,107.425,107.46,107.425,107.435,1100.0
2017-10-23 10:40:00,107.38,107.45,107.28,107.425,12357.0
2017-10-23 10:41:00,107.37,107.385,107.33,107.35,1473.0
2017-10-23 10:42:00,107.37,107.37,107.3201,107.3201,2200.0
2017-10-23 10:43:00,107.5,107.5025,107.37,107.38,7446.0
2017-10-23 10:44:00,107.52,107.53,107.5,107.5,2700.0
2017-10-23 10:45:00,107.4399,107.47,107.36,107.47,7305.0
2017-10-23 10:46:00,107.4401,107.47,107.44,107.44,2400.0
2017-10-23 10:47:00,107.48,107.48,107.48,107.48,100.0
2017-10-23 10:48:00,107.52,107.52,107.495,107.51,2685.0
2017-10-23 10:49:00,107.5115,107.5115,107.5,107.51,300.0
2017-10-23 10:50:00,107.35,107.49,107.35,107.49,4875.0
2017-10-23 10:51:00,107.31,107.36,107.29,107.33,900.0
2017-10-23 10:52:00,107.29,107.3,107.29,107.3,1058.0
2017-10-23 10:53:00,107.36,107.36,107.26,107.26,2172.0
2017-10-23 10:54:00,107.39,107.41,107.39,107.4,463.0
2017-10-23 10:55:00,107.36,107.395,107.36,107.395,200.0
2017-10-23 10:56:00,107.385,107.385,107.37,107.37,1767.0
2017-10-23 10:57:00,107.33,107.37,107.33,107.35,1500.0
2017-10-23 10:58:00,107.38,107.38,107.32,107.345,1000.0
2017-10-23 10:59:00,107.47,107.47,107.41,107.42,1000.0
2017-10-23 11:00:00,107.47,107.5,107.45,107.47,1540.0
2017-10-23 11:01:00,107.5,107.5,107.5,107.5,300.0
2017-10-23 11:02:00,107.48,107.5,107.48,107.5,1500.0
2017-10-23 11:03:00,107.525,107.54,107.48,107.51,1800.0
2017-10-23 11:04:00,107.48,107.505,107.48,107.505,600.0
2017-10-23 11:05:00,107.46,107.49,107.46,107.48,800.0
2017-10-23 11:06:00,107.485,107.51,107.465,107.465,2426.0
2017-10-23 11:07:00,107.49,107.52,107.47,107.52,3000.0
2017-10-23 11:08:00,107.47,107.49,107.47,107.49,200.0
2017-10-23 11:09:00,107.51,107.51,107.48,107.48,1600.0
2017-10-23 11:10:00,107.475,107.53,107.46,107.51,1834.0
2017-10-23 11:11:00,107.47,107.49,107.47,107.47,1000.0
2017-10-23 11:12:00,107.49,107.49,107.47,107.47,1902.0
2017-10-23 11:13:00,107.445,107.49,107.44,107.48,4500.0
2017-10-23 11:14:00,107.36,107.44,107.36,107.43,2124.0
2017-10-23 11:15:00,107.45,107.45,107.35,107.38,3026.0
2017-10-23 11:16:00,107.45,107.45,107.4386,107.45,441.0
2017-10-23 11:17:00,107.435,107.45,107.435,107.45,400.0
2017-10-23 11:18:00,107.52,107.52,107.4225,107.4225,1874.0
2017-10-23 11:19:00,107.54,107.55,107.5175,107.54,480.0
2017-10-23 11:20:00,107.57,107.57,107.55,107.55,1471.0
2017-10-23 11:21:00,107.515,107.57,107.5,107.54,6987.0
2017-10-23 11:22:00,107.48,107.515,107.48,107.515,1224.0
2017-10-23 11:23:00,107.47,107.47,107.47,107.47,100.0
2017-10-23 11:24:00,107.51,107.52,107.48,107.495,1910.0
2017-10-23 11:25:00,107.53,107.53,107.4975,107.53,2300.0
2017-10-23 11:26:00,107.5,107.53,107.5,107.53,1604.0
2017-10-23 11:27:00,107.51,107.53,107.51,107.53,200.0
2017-10-23 11:28:00,107.52,107.52,107.52,107.52,100.0
2017-10-23 11:29:00,107.54,107.54,107.51,107.52,500.0
2017-10-23 11:30:00,107.54,107.54,107.54,107.54,599.0
2017-10-23 11:31:00,107.61,107.69,107.55,107.56,6086.0
2017-10-23 11:32:00,107.58,107.625,107.58,107.625,1700.0
2017-10-23 11:33:00,107.3,107.595,107.3,107.5798,5956.0
2017-10-23 11:34:00,107.28,107.3,107.28,107.3,592.0
2017-10-23 11:35:00,107.26,107.28,107.26,107.28,200.0
2017-10-23 11:36:00,107.285,107.31,107.26,107.285,2569.0
2017-10-23 11:37:00,107.25,107.275,107.25,107.275,700.0
2017-10-23 11:38:00,107.275,107.275,107.25,107.25,200.0
2017-10-23 11:39:00,107.26,107.275,107.25,107.275,2398.0
2017-10-23 11:40:00,107.18,107.2417,107.18,107.23,1453.0
2017-10-23 11:41:00,107.15,107.19,107.15,107.19,400.0
2017-10-23 11:42:00,107.14,107.15,107.08,107.15,5106.0
2017-10-23 11:43:00,107.13799999999999,107.15,107.13799999999999,107.15,300.0
2017-10-23 11:44:00,107.18,107.18,107.14,107.16,4200.0
2017-10-23 11:45:00,107.15,107.165,107.14,107.16,2563.0
2017-10-23 11:46:00,107.155,107.175,107.13,107.17,3386.0
2017-10-23 11:47:00,107.16,107.1851,107.16,107.1851,3180.0
2017-10-23 11:48:00,107.07,107.17,107.07,107.17,2000.0
2017-10-23 11:49:00,107.14,107.14,107.1,107.1,400.0
2017-10-23 11:50:00,107.169,107.169,107.11,107.11,300.0
2017-10-23 11:52:00,107.14,107.17,107.14,107.17,636.0
2017-10-23 11:53:00,106.99,107.18,106.99,107.17,5696.0
2017-10-23 11:54:00,106.806,106.97,106.806,106.95,900.0
2017-10-23 11:56:00,106.93,106.96,106.8,106.85,6394.0
2017-10-23 11:57:00,106.98,106.98,106.89,106.89,3000.0
2017-10-23 11:58:00,107.05,107.05,106.96,106.96,2000.0
2017-10-23 12:00:00,107.02,107.02,107.02,107.02,100.0
2017-10-23 12:01:00,107.12,107.12,107.04,107.04,2000.0
2017-10-23 12:02:00,107.07,107.0725,107.07,107.07,900.0
2017-10-23 12:03:00,107.03,107.07,107.03,107.07,3600.0
2017-10-23 12:04:00,107.065,107.065,107.03,107.03,500.0
2017-10-23 12:06:00,107.055,107.11,107.04,107.04,847.0
2017-10-23 12:07:00,106.98,107.09,106.98,107.09,4015.0
2017-10-23 12:08:00,107.0,107.02,106.98,107.02,725.0
2017-10-23 12:09:00,107.03,107.03,107.005,107.005,600.0
2017-10-23 12:10:00,107.01,107.03,106.99,107.01,900.0
2017-10-23 12:11:00,107.12,107.12,107.03,107.03,1800.0
2017-10-23 12:12:00,107.09,107.09,107.06,107.07,1600.0
2017-10-23 12:14:00,107.09,107.12,107.06,107.075,1300.0
2017-10-23 12:15:00,107.1,107.13,107.09,107.09,800.0
2017-10-23 12:16:00,107.07,107.105,107.05,107.1,5877.0
2017-10-23 12:17:00,107.09,107.09,107.03,107.08,3933.0
2017-10-23 12:18:00,107.0612,107.0612,107.04,107.04,598.0
2017-10-23 12:19:00,107.07,107.08,107.07,107.08,300.0
2017-10-23 12:20:00,107.11,107.11,107.06,107.08,1416.0
2017-10-23 12:21:00,107.09,107.12,107.09,107.095,3100.0
2017-10-23 12:22:00,107.06,107.09,107.06,107.09,992.0
2017-10-23 12:23:00,107.05,107.065,107.05,107.065,400.0
2017-10-23 12:24:00,107.03,107.055,107.03,107.055,300.0
2017-10-23 12:25:00,107.07,107.11,107.07,107.08,2200.0
2017-10-23 12:26:00,107.07,107.07,107.07,107.07,400.0
2017-10-23 12:27:00,107.07,107.07,107.07,107.07,400.0
2017-10-23 12:28:00,107.11,107.11,107.089,107.089,600.0
2017-10-23 12:29:00,107.04,107.1,107.02,107.1,1900.0
2017-10-23 12:30:00,107.02,107.05,107.01,107.05,1596.0
2017-10-23 12:33:00,107.02,107.02,107.02,107.02,100.0
2017-10-23 12:34:00,107.0402,107.0402,107.0402,107.0402,100.0
2017-10-23 12:35:00,106.94,107.03,106.89,107.02,7915.0
2017-10-23 12:36:00,106.89,106.93,106.89,106.93,1000.0
2017-10-23 12:38:00,106.955,107.0,106.955,106.97,2900.0
2017-10-23 12:39:00,106.95,106.95,106.95,106.95,100.0
2017-10-23 12:40:00,107.0,107.0,106.96,106.97,1800.0
2017-10-23 12:41:00,106.985,106.985,106.985,106.985,100.0
2017-10-23 12:43:00,106.95,106.96,106.95,106.96,900.0
2017-10-23 12:44:00,107.01,107.01,106.97,106.97,800.0
2017-10-23 12:45:00,107.04,107.04,106.9732,106.9732,900.0
2017-10-23 12:46:00,107.025,107.06,107.02,107.045,1700.0
2017-10-23 12:47:00,107.01,107.025,107.01,107.025,200.0
2017-10-23 12:48:00,107.01,107.025,107.01,107.025,700.0
2017-10-23 12:49:00,107.025,107.025,107.025,107.025,100.0
2017-10-23 12:50:00,106.95,107.025,106.93,107.025,3300.0
2017-10-23 12:51:00,106.97,106.97,106.96,106.96,300.0
2017-10-23 12:52:00,106.95,106.98,106.95,106.96,2500.0
2017-10-23 12:53:00,106.94,106.95,106.94,106.95,500.0
2017-10-23 12:54:00,106.92,106.9421,106.92,106.9421,1485.0
2017-10-23 12:55:00,106.9525,106.98,106.94,106.96,2601.0
2017-10-23 12:56:00,106.96,106.965,106.95,106.955,1200.0
2017-10-23 12:57:00,106.95,106.95,106.95,106.95,200.0
2017-10-23 12:58:00,106.97,106.98,106.95,106.965,2200.0
2017-10-23 12:59:00,106.94,106.95,106.94,106.95,600.0
2017-10-23 13:00:00,106.98,106.98,106.93,106.93,800.0
2017-10-23 13:01:00,106.97,106.99,106.94,106.98,1500.0
2017-10-23 13:02:00,106.945,106.945,106.93,106.945,13700.0
2017-10-23 13:03:00,106.96,106.96,106.94,106.94,1300.0
2017-10-23 13:04:00,106.93,106.95,106.93,106.95,200.0
2017-10-23 13:05:00,106.94,106.96,106.92,106.96,1500.0
2017-10-23 13:06:00,106.925,106.925,106.925,106.925,400.0
2017-10-23 13:07:00,106.88,106.94,106.88,106.9,2209.0
2017-10-23 13:08:00,106.88,106.9,106.88,106.89,500.0
2017-10-23 13:09:00,106.83,106.89,106.83,106.88,3300.0
2017-10-23 13:10:00,106.77,106.82,106.77,106.82,3400.0
2017-10-23 13:11:00,106.68,106.75,106.66,106.75,3205.0
2017-10-23 13:12:00,106.675,106.68,106.66,106.68,400.0
2017-10-23 13:13:00,106.365,106.675,106.31,106.66,3100.0
2017-10-23 13:14:00,106.35,106.4,106.32,106.36,4534.0
2017-10-23 13:15:00,106.365,106.365,106.365,106.365,100.0
2017-10-23 13:16:00,106.185,106.4,106.185,106.4,5150.0
2017-10-23 13:17:00,106.33,106.37,106.19,106.19,4301.0
2017-10-23 13:18:00,106.43,106.43,106.31,106.36,2900.0
2017-10-23 13:19:00,106.39,106.43,106.38,106.4,1400.0
2017-10-23 13:20:00,106.44,106.44,106.29,106.3763,3627.0
2017-10-23 13:21:00,106.37,106.515,106.28,106.5,3200.0
2017-10-23 13:22:00,106.35,106.36,106.325,106.325,600.0
2017-10-23 13:23:00,106.37,106.39,106.35,106.39,1338.0
2017-10-23 13:24:00,106.44,106.44,106.28,106.385,3100.0
2017-10-23 13:25:00,106.45,106.5,106.45,106.45,3250.0
2017-10-23 13:26:00,106.51,106.51,106.43,106.43,2100.0
2017-10-23 13:27:00,106.48,106.48,106.47,106.48,1100.0
2017-10-23 13:28:00,106.4967,106.4967,106.43,106.44,1780.0
2017-10-23 13:29:00,106.4727,106.499,106.4233,106.455,1773.0
2017-10-23 13:30:00,106.53,106.535,106.5,106.5,2600.0
2017-10-23 13:31:00,106.53,106.53,106.52,106.52,600.0
2017-10-23 13:32:00,106.48,106.55,106.48,106.52,1494.0
2017-10-23 13:33:00,106.53,106.53,106.505,106.505,400.0
2017-10-23 13:34:00,106.47,106.54,106.46,106.51,12500.0
2017-10-23 13:35:00,106.44,106.46,106.44,106.46,700.0
2017-10-23 13:36:00,106.45,106.45,106.4,106.4,1000.0
2017-10-23 13:37:00,106.5,106.5,106.44,106.45,800.0
2017-10-23 13:38:00,106.52,106.56,106.51,106.51,2600.0
2017-10-23 13:39:00,106.54,106.54,106.48,106.48,678.0
2017-10-23 13:40:00,106.51,106.5304,106.51,106.5304,1600.0
2017-10-23 13:41:00,106.505,106.505,106.505,106.505,100.0
2017-10-23 13:42:00,106.53,106.53,106.53,106.53,200.0
2017-10-23 13:43:00,106.55,106.56,106.53,106.53,500.0
2017-10-23 13:44:00,106.61,106.63,106.565,106.57,2328.0
2017-10-23 13:45:00,106.57,106.615,106.57,106.615,1400.0
2017-10-23 13:46:00,106.545,106.575,106.52,106.57,1800.0
2017-10-23 13:47:00,106.56,106.58,106.54,106.56,3414.0
2017-10-23 13:48:00,106.555,106.555,106.555,106.555,100.0
2017-10-23 13:49:00,106.58,106.58,106.54,106.56,500.0
2017-10-23 13:50:00,106.6,106.6,106.58,106.58,325.0
2017-10-23 13:51:00,106.61,106.615,106.61,106.61,500.0
2017-10-23 13:52:00,106.61,106.61,106.58,106.61,1500.0
2017-10-23 13:53:00,106.58,106.58,106.58,106.58,100.0
2017-10-23 13:54:00,106.61,106.61,106.57,106.58,1263.0
2017-10-23 13:55:00,106.595,106.595,106.59,106.59,900.0
2017-10-23 13:56:00,106.595,106.595,106.595,106.595,100.0
2017-10-23 13:57:00,106.595,106.595,106.58,106.595,300.0
2017-10-23 13:58:00,106.61,106.63,106.6,106.61,2350.0
2017-10-23 13:59:00,106.67,106.67,106.59,106.59,1825.0
2017-10-23 14:00:00,106.69,106.69,106.67,106.67,875.0
2017-10-23 14:01:00,106.64,106.67,106.62,106.67,5065.0
2017-10-23 14:02:00,106.62,106.64,106.62,106.62,300.0
2017-10-23 14:03:00,106.63,106.66,106.63,106.66,600.0
2017-10-23 14:04:00,106.71,106.71,106.66,106.66,1600.0
2017-10-23 14:05:00,106.68,106.69,106.68,106.68,700.0
2017-10-23 14:06:00,106.68,106.68,106.68,106.68,400.0
2017-10-23 14:07:00,106.68,106.715,106.68,106.7,2300.0
2017-10-23 14:08:00,106.6474,106.68,106.62,106.68,2350.0
2017-10-23 14:09:00,106.63,106.65,106.62,106.62,1400.0
2017-10-23 14:11:00,106.66,106.66,106.63,106.65,1019.0
2017-10-23 14:12:00,106.66,106.71,106.66,106.69,2360.0
2017-10-23 14:14:00,106.62,106.68,106.62,106.665,2278.0
2017-10-23 14:15:00,106.66,106.66,106.62,106.62,400.0
2017-10-23 14:16:00,106.67,106.67,106.645,106.645,200.0
2017-10-23 14:17:00,106.6625,106.7,106.6304,106.6304,2626.0
2017-10-23 14:18:00,106.6,106.68,106.6,106.67,1900.0
2017-10-23 14:19:00,106.61,106.61,106.6,106.6,900.0
2017-10-23 14:20:00,106.58,106.59,106.56,106.58,800.0
2017-10-23 14:21:00,106.63,106.63,106.57,106.57,2157.0
2017-10-23 14:22:00,106.67,106.67,106.64,106.64,500.0
2017-10-23 14:23:00,106.645,106.66,106.63,106.66,500.0
2017-10-23 14:24:00,106.72,106.72,106.645,106.645,2190.0
2017-10-23 14:25:00,106.715,106.73,106.7,106.73,1416.0
2017-10-23 14:26:00,106.681,106.73,106.68,106.71,1685.0
2017-10-23 14:27:00,106.66,106.66,106.66,106.66,200.0
2017-10-23 14:28:00,106.71,106.71,106.7,106.7,700.0
2017-10-23 14:29:00,106.71,106.71,106.71,106.71,400.0
2017-10-23 14:30:00,106.81,106.81,106.76,106.76,2700.0
2017-10-23 14:31:00,106.82,106.82,106.79,106.82,700.0
2017-10-23 14:32:00,106.83,106.83,106.81,106.81,800.0
2017-10-23 14:33:00,106.815,106.815,106.8,106.8,200.0
2017-10-23 14:34:00,106.85,106.85,106.815,106.83,1801.0
2017-10-23 14:35:00,106.86,106.9,106.82,106.86,4814.0
2017-10-23 14:36:00,106.88,106.88,106.84,106.87,2125.0
2017-10-23 14:37:00,106.835,106.88,106.83,106.88,6773.0
2017-10-23 14:38:00,106.69,106.85,106.69,106.835,1876.0
2017-10-23 14:39:00,106.7583,106.77,106.72,106.72,900.0
2017-10-23 14:40:00,106.72,106.795,106.72,106.78,1171.0
2017-10-23 14:41:00,106.75,106.75,106.73,106.74,1100.0
2017-10-23 14:42:00,106.77,106.77,106.76,106.76,300.0
2017-10-23 14:43:00,106.72,106.78,106.72,106.78,2143.0
2017-10-23 14:44:00,106.76,106.76,106.71,106.71,200.0
2017-10-23 14:46:00,106.63,106.69,106.63,106.68,1900.0
2017-10-23 14:47:00,106.66,106.67,106.66,106.66,1300.0
2017-10-23 14:48:00,106.655,106.69,106.62,106.69,1000.0
2017-10-23 14:49:00,106.62,106.64,106.62,106.64,200.0
2017-10-23 14:50:00,106.62,106.64,106.62,106.64,200.0
2017-10-23 14:51:00,106.59,106.64,106.59,106.64,2509.0
2017-10-23 14:52:00,106.58,106.59,106.58,106.59,517.0
2017-10-23 14:53:00,106.57,106.57,106.53,106.55,3393.0
2017-10-23 14:54:00,106.61,106.63,106.55,106.555,5837.0
2017-10-23 14:55:00,106.6,106.6,106.6,106.6,100.0
2017-10-23 14:56:00,106.68,106.7,106.64,106.64,1000.0
2017-10-23 14:57:00,106.74,106.74,106.695,106.695,376.0
2017-10-23 14:58:00,106.67,106.71,106.67,106.71,3079.0
2017-10-23 14:59:00,106.72,106.72,106.66,106.66,1500.0
2017-10-23 15:00:00,106.75,106.795,106.74,106.74,4099.0
2017-10-23 15:01:00,106.75,106.755,106.73,106.74,3604.0
2017-10-23 15:02:00,106.79,106.79,106.7425,106.76,1900.0
2017-10-23 15:03:00,106.8,106.82,106.8,106.82,300.0
2017-10-23 15:04:00,106.77,106.81,106.76,106.81,3248.0
2017-10-23 15:05:00,106.79,106.79,106.76,106.76,768.0
2017-10-23 15:06:00,106.78,106.8,106.76,106.785,2999.0
2017-10-23 15:07:00,106.76,106.7749,106.76,106.76,2500.0
2017-10-23 15:08:00,106.71,106.7225,106.71,106.72,787.0
2017-10-23 15:10:00,106.67,106.74,106.67,106.72,3400.0
2017-10-23 15:11:00,106.705,106.74,106.705,106.74,300.0
2017-10-23 15:12:00,106.6925,106.73,106.68,106.71,900.0
2017-10-23 15:13:00,106.7,106.7,106.67,106.69,3780.0
2017-10-23 15:14:00,106.7,106.7,106.69,106.69,300.0
2017-10-23 15:15:00,106.59,106.69,106.59,106.68,3804.0
2017-10-23 15:16:00,106.65,106.65,106.6,106.6,2200.0
2017-10-23 15:17:00,106.655,106.68,106.655,106.68,400.0
2017-10-23 15:18:00,106.59,106.68,106.59,106.67,2600.0
2017-10-23 15:19:00,106.57,106.575,106.55,106.56,1000.0
2017-10-23 15:20:00,106.59,106.59,106.57,106.59,600.0
2017-10-23 15:21:00,106.54,106.59,106.54,106.55,2275.0
2017-10-23 15:22:00,106.49,106.54,106.48,106.54,3522.0
2017-10-23 15:23:00,106.505,106.53,106.49,106.49,3800.0
2017-10-23 15:24:00,106.46,106.49,106.46,106.49,1034.0
2017-10-23 15:25:00,106.51,106.51,106.49,106.49,1239.0
2017-10-23 15:26:00,106.57,106.59,106.51,106.51,4500.0
2017-10-23 15:27:00,106.55,106.58,106.55,106.57,2700.0
2017-10-23 15:28:00,106.5,106.535,106.5,106.535,600.0
2017-10-23 15:29:00,106.52,106.54,106.505,106.505,1781.0
2017-10-23 15:30:00,106.56,106.56,106.52,106.54,3659.0
2017-10-23 15:31:00,106.57,106.57,106.55,106.57,1850.0
2017-10-23 15:32:00,106.58,106.58,106.54,106.54,1500.0
2017-10-23 15:33:00,106.575,106.6,106.57,106.57,7278.0
2017-10-23 15:34:00,106.46,106.58,106.44,106.575,5110.0
2017-10-23 15:35:00,106.52,106.54,106.49,106.49,7439.0
2017-10-23 15:36:00,106.52,106.55,106.52,106.53,1300.0
2017-10-23 15:37:00,106.39,106.52,106.37,106.52,4642.0
2017-10-23 15:38:00,106.35,106.39,106.28,106.39,10050.0
2017-10-23 15:39:00,106.49,106.49,106.37,106.37,1300.0
2017-10-23 15:40:00,106.41,106.4675,106.4,106.46,4272.0
2017-10-23 15:41:00,106.43,106.43,106.39,106.4,3190.0
2017-10-23 15:42:00,106.41,106.46,106.41,106.425,5141.0
2017-10-23 15:43:00,106.46,106.46,106.43,106.44,3750.0
2017-10-23 15:44:00,106.485,106.485,106.45,106.46,5950.0
2017-10-23 15:45:00,106.32,106.52,106.32,106.5,13132.0
2017-10-23 15:46:00,106.43,106.465,106.33,106.345,7472.0
2017-10-23 15:47:00,106.49,106.49,106.44,106.44,12400.0
2017-10-23 15:48:00,106.46,106.53,106.445,106.5187,4100.0
2017-10-23 15:49:00,106.35,106.46,106.34,106.46,3122.0
2017-10-23 15:50:00,106.37,106.38,106.3425,106.3425,7077.0
2017-10-23 15:51:00,106.3,106.37,106.29,106.36,7950.0
2017-10-23 15:52:00,106.245,106.315,106.23,106.3,5400.0
2017-10-23 15:53:00,106.2,106.26,106.19,106.245,18455.0
2017-10-23 15:54:00,106.195,106.2,106.16,106.2,15902.0
2017-10-23 15:55:00,106.18,106.205,106.15,106.185,10644.0
2017-10-23 15:56:00,106.1,106.19,106.09,106.18,14994.0
2017-10-23 15:57:00,106.04,106.11,106.04,106.1,10567.0
2017-10-23 15:58:00,106.0399,106.045,105.99,106.04,16860.0
2017-10-23 15:59:00,106.02,106.07,106.005,106.04,13351.0
2017-10-23 16:00:00,106.01,106.06,105.95,106.03,38231.0
2017-10-24 09:30:00,106.28,106.28,106.28,106.28,5039.0
2017-10-24 09:32:00,106.08,106.08,106.08,106.08,100.0
2017-10-24 09:33:00,106.305,106.305,106.295,106.295,200.0
2017-10-24 09:34:00,106.76,106.76,106.155,106.25,2750.0
2017-10-24 09:35:00,106.75,106.75,106.75,106.75,100.0
2017-10-24 09:36:00,106.6583,106.6583,106.6583,106.6583,150.0
2017-10-24 09:37:00,106.75,106.75,106.7,106.7,700.0
2017-10-24 09:38:00,106.6657,106.67,106.6657,106.67,663.0
2017-10-24 09:39:00,106.53,106.68,106.45,106.68,2100.0
2017-10-24 09:40:00,106.6,106.6,106.475,106.4779,3218.0
2017-10-24 09:41:00,106.51,106.595,106.415,106.53,1500.0
2017-10-24 09:42:00,106.47,106.48,106.46,106.48,700.0
2017-10-24 09:43:00,106.43,106.43,106.37,106.38,300.0
2017-10-24 09:44:00,106.43,106.47,106.41,106.43,600.0
2017-10-24 09:45:00,106.3936,106.54,106.3936,106.48,1935.0
2017-10-24 09:46:00,106.41,106.54,106.41,106.5,3000.0
2017-10-24 09:47:00,106.3,106.52,106.27,106.41,3363.0
2017-10-24 09:48:00,106.29,106.3,106.23,106.29,1654.0
2017-10-24 09:49:00,106.3616,106.49,106.3616,106.41,2206.0
2017-10-24 09:51:00,106.41,106.4457,106.28,106.38,3518.0
2017-10-24 09:52:00,106.39,106.39,106.39,106.39,100.0
2017-10-24 09:53:00,106.335,106.45,106.335,106.445,1622.0
2017-10-24 09:54:00,106.455,106.46,106.31,106.32,5130.0
2017-10-24 09:55:00,106.38,106.5,106.38,106.44,1600.0
2017-10-24 09:56:00,106.385,106.395,106.37,106.395,400.0
2017-10-24 09:57:00,106.51,106.51,106.37,106.37,900.0
2017-10-24 09:58:00,106.41,106.475,106.38,106.475,1800.0
2017-10-24 09:59:00,106.44,106.44,106.44,106.44,100.0
2017-10-24 10:00:00,106.475,106.49,106.475,106.48,500.0
2017-10-24 10:01:00,106.49,106.53,106.49,106.53,400.0
2017-10-24 10:02:00,106.61,106.61,106.5,106.5,1400.0
2017-10-24 10:03:00,106.5,106.6075,106.46,106.595,3602.0
2017-10-24 10:04:00,106.39,106.49,106.39,106.49,1100.0
2017-10-24 10:05:00,106.4,106.43,106.39,106.41,1864.0
2017-10-24 10:06:00,106.48,106.48,106.36,106.37,2600.0
2017-10-24 10:09:00,106.43,106.52,106.42,106.45,3100.0
2017-10-24 10:10:00,106.35,106.38,106.35,106.37,1700.0
2017-10-24 10:11:00,106.21,106.3401,106.21,106.3401,5600.0
2017-10-24 10:12:00,106.12,106.19,106.12,106.19,1200.0
2017-10-24 10:13:00,106.11,106.14,106.09,106.10799999999999,3470.0
2017-10-24 10:14:00,106.08,106.13,106.08,106.13,3422.0
2017-10-24 10:15:00,106.13,106.15,106.12,106.12,3200.0
2017-10-24 10:16:00,106.07,106.14,106.07,106.14,2100.0
2017-10-24 10:17:00,106.06,106.07,106.025,106.06,3400.0
2017-10-24 10:18:00,105.98,106.05,105.98,106.05,1500.0
2017-10-24 10:19:00,106.01,106.02,105.97,105.97,1900.0
2017-10-24 10:20:00,105.97,105.98,105.97,105.98,600.0
2017-10-24 10:21:00,106.045,106.045,105.92,105.92,2800.0
2017-10-24 10:22:00,106.11,106.11,106.0,106.01,2108.0
2017-10-24 10:23:00,106.14,106.24,106.14,106.18,2900.0
2017-10-24 10:24:00,106.145,106.145,106.145,106.145,100.0
2017-10-24 10:25:00,106.155,106.155,106.155,106.155,300.0
2017-10-24 10:26:00,106.19,106.22,106.16,106.16,1200.0
2017-10-24 10:27:00,106.16,106.24,106.16,106.2,3000.0
2017-10-24 10:28:00,106.24,106.24,106.16,106.16,1796.0
2017-10-24 10:29:00,106.225,106.25,106.225,106.24,500.0
2017-10-24 10:30:00,106.2575,106.27,106.225,106.225,1006.0
2017-10-24 10:31:00,106.19,106.2575,106.19,106.2575,2033.0
2017-10-24 10:32:00,106.2,106.23,106.16,106.23,3601.0
2017-10-24 10:33:00,106.175,106.2,106.175,106.2,1329.0
2017-10-24 10:34:00,106.12,106.16,106.12,106.15,1800.0
2017-10-24 10:35:00,106.045,106.1,106.045,106.1,1733.0
2017-10-24 10:36:00,106.12,106.12,106.02,106.03,1507.0
2017-10-24 10:37:00,106.18,106.18,106.11,106.11,1650.0
2017-10-24 10:39:00,106.205,106.23,106.18,106.23,400.0
2017-10-24 10:40:00,106.06,106.18,106.06,106.18,2200.0
2017-10-24 10:41:00,106.13,106.13,106.09,106.09,3100.0
2017-10-24 10:42:00,106.02,106.14,106.02,106.14,3210.0
2017-10-24 10:43:00,106.04,106.06,106.04,106.04,1399.0
2017-10-24 10:44:00,105.99,106.1,105.99,106.03,2500.0
2017-10-24 10:45:00,106.025,106.05,106.02,106.04,700.0
2017-10-24 10:46:00,106.02799999999999,106.03,106.025,106.0264,1620.0
2017-10-24 10:47:00,105.82,106.01,105.8,106.01,4680.0
2017-10-24 10:48:00,105.76,105.87,105.76,105.82,2500.0
2017-10-24 10:49:00,105.68,105.8,105.68,105.78,3100.0
2017-10-24 10:50:00,105.62100000000001,105.72,105.62100000000001,105.72,310.0
2017-10-24 10:51:00,105.675,105.68,105.63,105.66,3500.0
2017-10-24 10:52:00,105.78,105.78,105.68,105.69,1852.0
2017-10-24 10:53:00,105.84,105.85,105.78,105.78,400.0
2017-10-24 10:54:00,105.81,105.85,105.81,105.82,400.0
2017-10-24 10:55:00,105.83,105.83,105.71,105.81,4036.0
2017-10-24 10:56:00,105.86,105.88,105.82,105.83,1427.0
2017-10-24 10:57:00,105.7,105.91,105.7,105.9,3277.0
2017-10-24 10:58:00,105.7,105.77,105.7,105.76,1000.0
2017-10-24 10:59:00,105.74,105.74,105.71,105.74,2400.0
2017-10-24 11:00:00,105.81,105.82,105.77,105.77,1425.0
2017-10-24 11:01:00,105.8,105.83,105.78,105.8,3080.0
2017-10-24 11:02:00,105.74,105.81,105.74,105.8,1800.0
2017-10-24 11:03:00,105.83,105.85,105.77,105.77,3400.0
2017-10-24 11:04:00,105.89,105.89,105.81,105.81,1505.0
2017-10-24 11:05:00,105.83,105.91,105.83,105.91,1300.0
2017-10-24 11:06:00,105.835,105.84,105.81,105.81,1100.0
2017-10-24 11:07:00,105.61,105.82,105.61,105.81,4400.0
2017-10-24 11:08:00,105.66,105.71,105.65,105.65,1900.0
2017-10-24 11:09:00,105.65,105.66,105.58,105.66,1100.0
2017-10-24 11:10:00,105.56,105.58,105.56,105.58,663.0
2017-10-24 11:11:00,105.58,105.6,105.56,105.56,1100.0
2017-10-24 11:12:00,105.39,105.58,105.39,105.56,2050.0
2017-10-24 11:13:00,105.49,105.53,105.44,105.44,1900.0
2017-10-24 11:14:00,105.46,105.5,105.46,105.5,1100.0
2017-10-24 11:15:00,105.4,105.46,105.4,105.46,800.0
2017-10-24 11:16:00,105.4,105.4,105.33,105.36,1400.0
2017-10-24 11:17:00,105.48,105.48,105.37,105.37,2900.0
2017-10-24 11:18:00,105.09,105.43,105.0,105.43,17988.0
2017-10-24 11:19:00,105.335,105.335,105.11,105.15,2962.0
2017-10-24 11:21:00,105.315,105.39,105.28,105.39,12200.0
2017-10-24 11:22:00,105.16,105.32,105.16,105.32,1100.0
2017-10-24 11:23:00,105.15,105.25,105.15,105.22,2500.0
2017-10-24 11:24:00,105.125,105.15,105.08,105.115,6100.0
2017-10-24 11:25:00,105.1,105.11,105.08,105.09,1400.0
2017-10-24 11:26:00,105.08,105.13,105.07,105.105,1013.0
2017-10-24 11:27:00,105.23,105.23,105.13,105.13,1858.0
2017-10-24 11:28:00,105.262,105.2698,105.26,105.26,1100.0
2017-10-24 11:29:00,105.3376,105.34,105.29,105.29,2008.0
2017-10-24 11:30:00,105.35,105.37,105.35,105.36,750.0
2017-10-24 11:31:00,105.29,105.34,105.29,105.34,2609.0
2017-10-24 11:32:00,105.24,105.29,105.23,105.29,1288.0
2017-10-24 11:33:00,105.18,105.23,105.18,105.23,1236.0
2017-10-24 11:34:00,105.2819,105.31,105.16,105.16,2721.0
2017-10-24 11:35:00,105.29,105.29,105.29,105.29,100.0
2017-10-24 11:36:00,105.16,105.25,105.16,105.25,3987.0
2017-10-24 11:37:00,105.12,105.15,105.1,105.15,1500.0
2017-10-24 11:38:00,105.11,105.12,105.09,105.09,500.0
2017-10-24 11:39:00,105.1,105.19,105.1,105.14,3500.0
2017-10-24 11:40:00,105.12,105.1647,105.12,105.12,2600.0
2017-10-24 11:41:00,105.18,105.18,105.12,105.12,550.0
2017-10-24 11:42:00,105.2,105.2,105.165,105.18,1028.0
2017-10-24 11:43:00,105.2,105.22,105.18,105.19,1900.0
2017-10-24 11:44:00,105.16,105.19,105.16,105.19,1602.0
2017-10-24 11:45:00,105.15,105.17,105.13,105.17,900.0
2017-10-24 11:46:00,105.16,105.17,105.13,105.14,3400.0
2017-10-24 11:47:00,105.1304,105.155,105.1304,105.15,1504.0
2017-10-24 11:48:00,105.21,105.21,105.17,105.17,800.0
2017-10-24 11:49:00,105.21,105.2448,105.19,105.24,3080.0
2017-10-24 11:50:00,105.2385,105.24,105.23,105.23,1310.0
2017-10-24 11:51:00,105.23,105.25,105.22,105.25,1300.0
2017-10-24 11:52:00,105.2,105.23,105.2,105.23,800.0
2017-10-24 11:53:00,105.21,105.21,105.18,105.19,2000.0
2017-10-24 11:54:00,105.14,105.19,105.14,105.19,2800.0
2017-10-24 11:55:00,105.14,105.18,105.1375,105.1375,700.0
2017-10-24 11:56:00,105.17,105.18,105.17,105.17,512.0
2017-10-24 11:57:00,105.24,105.26,105.18,105.18,1501.0
2017-10-24 11:59:00,105.21,105.26,105.21,105.26,2200.0
2017-10-24 12:00:00,105.22,105.24,105.21,105.23,1223.0
2017-10-24 12:01:00,105.255,105.28,105.2403,105.2403,1200.0
2017-10-24 12:02:00,105.2525,105.28,105.24,105.27,3451.0
2017-10-24 12:03:00,105.26,105.27,105.26,105.27,381.0
2017-10-24 12:04:00,105.26,105.26,105.26,105.26,100.0
2017-10-24 12:05:00,105.15,105.24,105.15,105.24,2200.0
2017-10-24 12:06:00,105.12,105.12,105.12,105.12,100.0
2017-10-24 12:07:00,105.17,105.17,105.145,105.145,700.0
2017-10-24 12:08:00,105.2,105.2,105.17,105.19,700.0
2017-10-24 12:09:00,105.22,105.22,105.16,105.16,1854.0
2017-10-24 12:10:00,105.24,105.24,105.21,105.21,500.0
2017-10-24 12:11:00,105.23,105.29,105.23,105.28,2400.0
2017-10-24 12:12:00,105.19,105.21,105.19,105.21,300.0
2017-10-24 12:13:00,105.32,105.34,105.22,105.22,3704.0
2017-10-24 12:15:00,105.335,105.335,105.335,105.335,100.0
2017-10-24 12:16:00,105.24,105.32,105.2,105.32,4083.0
2017-10-24 12:17:00,105.25,105.26,105.24,105.24,900.0
2017-10-24 12:18:00,105.26,105.28,105.26,105.28,901.0
2017-10-24 12:19:00,105.27,105.2899,105.25,105.275,6005.0
2017-10-24 12:20:00,105.22399999999999,105.26,105.22399999999999,105.25,1237.0
2017-10-24 12:21:00,105.23,105.23,105.22,105.22,500.0
2017-10-24 12:22:00,105.23,105.23,105.23,105.23,300.0
2017-10-24 12:23:00,105.26,105.26,105.26,105.26,367.0
2017-10-24 12:24:00,105.2,105.26,105.2,105.26,3513.0
2017-10-24 12:25:00,105.24,105.24,105.22,105.22,1100.0
2017-10-24 12:26:00,105.245,105.245,105.245,105.245,100.0
2017-10-24 12:27:00,105.26,105.27,105.25,105.27,900.0
2017-10-24 12:28:00,105.28,105.28,105.28,105.28,100.0
2017-10-24 12:29:00,105.25,105.3,105.25,105.3,1649.0
2017-10-24 12:30:00,105.17,105.24,105.17,105.24,1100.0
2017-10-24 12:31:00,105.175,105.1833,105.175,105.175,1100.0
2017-10-24 12:32:00,105.1701,105.1701,105.1701,105.1701,184.0
2017-10-24 12:33:00,105.175,105.19,105.17,105.1897,2058.0
2017-10-24 12:34:00,105.19,105.19,105.17,105.17,300.0
2017-10-24 12:35:00,105.18,105.2,105.18,105.19,1449.0
2017-10-24 12:36:00,105.18,105.22,105.13,105.22,7201.0
2017-10-24 12:37:00,105.13,105.155,105.13,105.155,900.0
2017-10-24 12:39:00,105.16,105.16,105.14,105.14,800.0
2017-10-24 12:40:00,105.14,105.16,105.14,105.145,300.0
2017-10-24 12:41:00,105.17,105.18,105.14,105.14,1600.0
2017-10-24 12:42:00,105.08,105.16,105.08,105.16,3668.0
2017-10-24 12:43:00,105.137,105.137,105.08,105.08,1450.0
2017-10-24 12:44:00,105.12,105.125,105.11,105.125,1226.0
2017-10-24 12:45:00,105.12,105.15,105.12,105.13,1400.0
2017-10-24 12:46:00,105.16,105.16,105.13,105.14,1200.0
2017-10-24 12:47:00,105.17,105.17,105.17,105.17,100.0
2017-10-24 12:48:00,105.19,105.2,105.17,105.17,800.0
2017-10-24 12:49:00,105.19,105.22,105.19,105.19,2001.0
2017-10-24 12:50:00,105.19,105.19,105.18,105.19,901.0
2017-10-24 12:51:00,105.13,105.18,105.13,105.18,1100.0
2017-10-24 12:52:00,105.15,105.17,105.14,105.16,1200.0
2017-10-24 12:54:00,105.12,105.12,105.1,105.12,3400.0
2017-10-24 12:55:00,105.09,105.11,105.09,105.11,1300.0
2017-10-24 12:56:00,105.035,105.09,105.03,105.09,2701.0
2017-10-24 12:57:00,105.015,105.02,105.015,105.02,300.0
2017-10-24 12:58:00,105.035,105.04,105.015,105.015,3000.0
2017-10-24 13:00:00,105.05,105.06,105.035,105.0436,3302.0
2017-10-24 13:01:00,105.0401,105.05,105.0401,105.05,930.0
2017-10-24 13:02:00,105.04,105.065,105.02,105.06,2265.0
2017-10-24 13:03:00,105.04,105.04,105.0,105.0,2203.0
2017-10-24 13:04:00,105.02,105.025,105.0,105.01,1500.0
2017-10-24 13:05:00,105.03,105.03,105.01,105.01,1000.0
2017-10-24 13:06:00,105.04,105.05,105.03,105.04,1792.0
2017-10-24 13:07:00,105.0,105.03,105.0,105.03,900.0
2017-10-24 13:08:00,105.01,105.02,105.0,105.0,1000.0
2017-10-24 13:09:00,105.02,105.02,105.0,105.0,1107.0
2017-10-24 13:10:00,104.95,105.01,104.95,105.0,1800.0
2017-10-24 13:11:00,104.94,104.98,104.94,104.95,3300.0
2017-10-24 13:12:00,104.93,104.96,104.93,104.96,450.0
2017-10-24 13:13:00,104.94,104.94,104.94,104.94,500.0
2017-10-24 13:14:00,104.93,104.93,104.92,104.93,1000.0
2017-10-24 13:15:00,104.91,104.94,104.91,104.94,1200.0
2017-10-24 13:17:00,104.92,104.95,104.91,104.93,1700.0
2017-10-24 13:18:00,104.91,104.93,104.91,104.93,1348.0
2017-10-24 13:19:00,104.82,104.9,104.7801,104.9,2800.0
2017-10-24 13:20:00,104.82,104.83,104.79,104.82,2250.0
2017-10-24 13:21:00,104.805,104.805,104.805,104.805,100.0
2017-10-24 13:22:00,104.81,104.81,104.81,104.81,100.0
2017-10-24 13:23:00,104.78,104.82,104.78,104.82,2200.0
2017-10-24 13:24:00,104.79,104.79,104.7732,104.7732,355.0
2017-10-24 13:25:00,104.65,104.79,104.65,104.79,3471.0
2017-10-24 13:26:00,104.67,104.71,104.66,104.69,2700.0
2017-10-24 13:27:00,104.62,104.67,104.59,104.67,900.0
2017-10-24 13:28:00,104.6,104.6,104.6,104.6,100.0
2017-10-24 13:29:00,104.62,104.62,104.62,104.62,100.0
2017-10-24 13:30:00,104.645,104.645,104.5901,104.5901,2127.0
2017-10-24 13:31:00,104.61,104.61,104.61,104.61,409.0
2017-10-24 13:32:00,104.59,104.61,104.59,104.59,1100.0
2017-10-24 13:33:00,104.5798,104.5798,104.575,104.575,1500.0
2017-10-24 13:34:00,104.575,104.5798,104.56,104.56,850.0
2017-10-24 13:35:00,104.55,104.62,104.55,104.59,2680.0
2017-10-24 13:36:00,104.52,104.56,104.5175,104.56,1700.0
2017-10-24 13:37:00,104.5,104.55,104.47,104.53,11917.0
2017-10-24 13:38:00,104.54,104.54,104.48,104.48,3190.0
2017-10-24 13:39:00,104.52,104.53,104.52,104.53,500.0
2017-10-24 13:40:00,104.53,104.53,104.5,104.53,22162.0
2017-10-24 13:41:00,104.48,104.52,104.48,104.485,4500.0
2017-10-24 13:43:00,104.52,104.52,104.48,104.48,2200.0
2017-10-24 13:44:00,104.54,104.54,104.54,104.54,100.0
2017-10-24 13:45:00,104.49,104.53,104.49,104.5,1300.0
2017-10-24 13:46:00,104.49,104.5,104.49,104.5,4400.0
2017-10-24 13:47:00,104.47,104.49,104.47,104.49,1042.0
2017-10-24 13:48:00,104.47,104.5,104.47,104.47,2531.0
2017-10-24 13:49:00,104.44,104.51,104.41,104.51,7241.0
2017-10-24 13:50:00,104.43,104.46,104.43,104.44,700.0
2017-10-24 13:51:00,104.48,104.48,104.47,104.47,3580.0
2017-10-24 13:53:00,104.35,104.46,104.35,104.46,6951.0
2017-10-24 13:54:00,104.37,104.37,104.36,104.36,200.0
2017-10-24 13:55:00,104.11,104.42,103.87,104.37,28676.0
2017-10-24 13:56:00,104.22,104.22,104.165,104.21,2175.0
2017-10-24 13:59:00,104.33,104.33,104.28,104.29899999999999,5189.0
2017-10-24 14:00:00,104.28,104.29,104.255,104.29,1300.0
2017-10-24 14:01:00,104.24,104.26,104.24,104.26,2800.0
2017-10-24 14:02:00,104.19,104.24,104.15,104.24,3400.0
2017-10-24 14:03:00,104.12,104.18,104.12,104.15,2801.0
2017-10-24 14:04:00,104.14,104.14,104.14,104.14,100.0
2017-10-24 14:05:00,104.18,104.18,104.16,104.17,1900.0
2017-10-24 14:06:00,104.05,104.18,104.05,104.18,4527.0
2017-10-24 14:07:00,104.1,104.11,104.07,104.07,700.0
2017-10-24 14:08:00,104.13,104.13,104.1021,104.1021,1299.0
2017-10-24 14:09:00,104.14,104.15,104.14,104.14,883.0
2017-10-24 14:10:00,104.07,104.14,104.07,104.14,2076.0
2017-10-24 14:11:00,104.0975,104.11,104.0975,104.11,1112.0
2017-10-24 14:12:00,104.05,104.08,104.03,104.08,1194.0
2017-10-24 14:15:00,104.17,104.17,104.1,104.1,2200.0
2017-10-24 14:16:00,104.19,104.22,104.19,104.2,2001.0
2017-10-24 14:17:00,104.19,104.19,104.19,104.19,1660.0
2017-10-24 14:18:00,104.17,104.2,104.16,104.2,2828.0
2017-10-24 14:19:00,104.13,104.16,104.13,104.16,900.0
2017-10-24 14:20:00,104.23,104.23,104.105,104.105,3394.0
2017-10-24 14:21:00,104.18,104.2164,104.17,104.2164,2144.0
2017-10-24 14:22:00,104.23,104.23,104.15,104.15,1638.0
2017-10-24 14:23:00,104.209,104.25,104.209,104.25,900.0
2017-10-24 14:24:00,104.14,104.24,104.14,104.215,1861.0
2017-10-24 14:25:00,104.2,104.24,104.11,104.11,4479.0
2017-10-24 14:26:00,104.225,104.25,104.215,104.215,400.0
2017-10-24 14:27:00,104.12,104.24,104.12,104.24,1582.0
2017-10-24 14:28:00,104.145,104.17,104.145,104.17,200.0
2017-10-24 14:29:00,104.16,104.17,104.15,104.17,2564.0
2017-10-24 14:30:00,104.14,104.14,104.14,104.14,100.0
2017-10-24 14:31:00,104.16,104.17,104.12,104.145,2900.0
2017-10-24 14:32:00,104.17,104.17,104.17,104.17,725.0
2017-10-24 14:33:00,104.2,104.2,104.2,104.2,605.0
2017-10-24 14:34:00,104.17,104.23,104.17,104.23,1700.0
2017-10-24 14:35:00,104.15,104.17,104.12,104.17,2900.0
2017-10-24 14:36:00,104.18,104.18,104.17,104.17,200.0
2017-10-24 14:37:00,104.12,104.16,104.12,104.15,2700.0
2017-10-24 14:38:00,104.13,104.1336,104.13,104.1336,202.0
2017-10-24 14:39:00,104.13,104.13,104.13,104.13,300.0
2017-10-24 14:40:00,104.1,104.15,104.1,104.13,2267.0
2017-10-24 14:41:00,104.09,104.09,104.04,104.09,3043.0
2017-10-24 14:42:00,104.06,104.06,104.06,104.06,1000.0
2017-10-24 14:43:00,104.0,104.08,104.0,104.07,4022.0
2017-10-24 14:44:00,103.89,104.02,103.89,104.02,3593.0
2017-10-24 14:45:00,104.0,104.0,103.93,103.93,4107.0
2017-10-24 14:46:00,104.0005,104.02,104.0,104.0,750.0
2017-10-24 14:47:00,103.96,104.0,103.96,104.0,2280.0
2017-10-24 14:48:00,104.0,104.0,103.97,103.99,2537.0
2017-10-24 14:49:00,103.83,103.98,103.83,103.98,4395.0
2017-10-24 14:50:00,103.90799999999999,103.90799999999999,103.86,103.86,2580.0
2017-10-24 14:51:00,103.94,104.02,103.88,103.88,2644.0
2017-10-24 14:52:00,103.88,103.9422,103.88,103.9422,900.0
2017-10-24 14:53:00,103.86,103.91,103.86,103.91,1300.0
2017-10-24 14:54:00,103.92,103.92,103.87,103.88,1150.0
2017-10-24 14:55:00,103.91,103.92,103.91,103.92,1497.0
2017-10-24 14:56:00,103.885,103.91,103.86,103.9,2501.0
2017-10-24 14:57:00,103.885,103.9,103.885,103.9,300.0
2017-10-24 14:58:00,103.77,103.86,103.77,103.86,4027.0
2017-10-24 14:59:00,103.82,103.84,103.77,103.806,3886.0
2017-10-24 15:01:00,103.83,103.83,103.79,103.79,800.0
2017-10-24 15:02:00,103.81,103.81,103.79,103.8,1390.0
2017-10-24 15:03:00,103.82,103.83,103.79,103.8,1401.0
2017-10-24 15:04:00,103.83,103.84,103.8,103.82,5925.0
2017-10-24 15:05:00,103.815,103.83,103.815,103.83,200.0
2017-10-24 15:06:00,103.79,103.85,103.79,103.815,5799.0
2017-10-24 15:07:00,103.62,103.8,103.62,103.8,7004.0
2017-10-24 15:08:00,103.745,103.76,103.59,103.59,12760.0
2017-10-24 15:09:00,103.8,103.82,103.73100000000001,103.74,3005.0
2017-10-24 15:10:00,103.88,103.99,103.83,103.83,30306.0
2017-10-24 15:11:00,103.98,103.99,103.87,103.87,8300.0
2017-10-24 15:12:00,104.08,104.08,104.0,104.0,3045.0
2017-10-24 15:13:00,104.09,104.1,104.07,104.08,700.0
2017-10-24 15:14:00,104.1,104.16,104.1,104.1,4294.0
2017-10-24 15:15:00,104.13,104.14,104.11,104.12,4699.0
2017-10-24 15:16:00,104.2,104.2,104.12,104.135,5385.0
2017-10-24 15:17:00,104.35,104.35,104.2,104.2,5900.0
2017-10-24 15:18:00,104.321,104.37,104.3,104.35,3282.0
2017-10-24 15:19:00,104.42,104.43,104.33,104.33,3203.0
2017-10-24 15:20:00,104.31,104.4,104.3,104.4,2846.0
2017-10-24 15:21:00,104.34,104.36,104.34,104.35,2999.0
2017-10-24 15:22:00,104.23,104.32,104.23,104.32,1300.0
2017-10-24 15:23:00,104.23,104.25,104.23,104.23,400.0
2017-10-24 15:24:00,104.22,104.23,104.21,104.23,1200.0
2017-10-24 15:25:00,104.22,104.26,104.22,104.23,6204.0
2017-10-24 15:26:00,104.22,104.25,104.22,104.24,2404.0
2017-10-24 15:27:00,104.04,104.21,104.014,104.21,8723.0
2017-10-24 15:28:00,104.04,104.06,104.0,104.03,7405.0
2017-10-24 15:29:00,104.01,104.04,103.98,104.03,23216.0
2017-10-24 15:30:00,104.07,104.07,104.065,104.0699,2181.0
2017-10-24 15:31:00,104.15,104.16,104.08,104.09,3659.0
2017-10-24 15:32:00,104.08,104.16,104.08,104.16,6171.0
2017-10-24 15:33:00,104.08,104.08,104.06,104.07,2406.0
2017-10-24 15:34:00,104.13,104.13,104.07,104.07,2958.0
2017-10-24 15:35:00,104.13,104.16,104.1,104.13,6209.0
2017-10-24 15:36:00,104.1,104.14,104.09,104.13,4705.0
2017-10-24 15:37:00,104.06,104.1,104.06,104.1,5154.0
2017-10-24 15:38:00,104.045,104.07,104.021,104.05,9329.0
2017-10-24 15:39:00,104.05,104.05,104.05,104.05,1300.0
2017-10-24 15:40:00,104.04,104.08,104.04,104.06,9311.0
2017-10-24 15:41:00,104.065,104.07,104.03,104.04,6164.0
2017-10-24 15:42:00,104.07,104.07,104.05,104.06,4400.0
2017-10-24 15:43:00,104.01,104.06,103.99,104.06,14308.0
2017-10-24 15:44:00,104.0,104.01,103.985,104.01,10705.0
2017-10-24 15:45:00,104.02,104.02,103.99,104.0,10833.0
2017-10-24 15:46:00,104.07,104.07,103.98,104.015,15040.0
2017-10-24 15:47:00,104.12,104.12,104.045,104.07,6186.0
2017-10-24 15:48:00,104.16,104.17,104.12,104.12,3990.0
2017-10-24 15:49:00,104.1,104.17,104.1,104.16,11333.0
2017-10-24 15:50:00,104.14,104.18,104.1,104.1,8515.0
2017-10-24 15:51:00,104.2,104.21,104.16,104.16,6288.0
2017-10-24 15:52:00,104.17,104.2,104.16,104.2,6501.0
2017-10-24 15:53:00,104.21,104.22,104.17,104.17,8851.0
2017-10-24 15:54:00,104.22,104.22,104.19,104.21,10030.0
2017-10-24 15:55:00,104.155,104.22,104.15,104.22,38808.0
2017-10-24 15:56:00,104.06,104.155,104.06,104.155,14296.0
2017-10-24 15:57:00,104.06,104.105,104.04,104.06,11173.0
2017-10-24 15:58:00,104.1,104.12,104.07,104.08,10908.0
2017-10-24 15:59:00,104.08,104.12,104.08,104.1,7676.0
2017-10-24 16:00:00,104.11,104.11,104.07,104.09,20434.0
2017-10-25 09:30:00,104.73,104.73,104.73,104.73,9319.0
2017-10-25 09:31:00,104.7,104.7,104.7,104.7,100.0
2017-10-25 09:33:00,103.96,104.538,103.94,104.538,2000.0
2017-10-25 09:34:00,103.545,103.93,103.53,103.92,1700.0
2017-10-25 09:35:00,103.41,103.53,103.3,103.53,3750.0
2017-10-25 09:36:00,103.35,103.44,103.32,103.345,2450.0
2017-10-25 09:37:00,103.49,103.49,103.38,103.38,1250.0
2017-10-25 09:38:00,103.625,103.82,103.45,103.57,16810.0
2017-10-25 09:39:00,103.645,103.76,103.645,103.76,282.0
2017-10-25 09:40:00,103.49,103.49,103.49,103.49,100.0
2017-10-25 09:41:00,103.58,103.625,103.58,103.625,300.0
2017-10-25 09:42:00,103.78,103.78,103.69,103.69,200.0
2017-10-25 09:43:00,103.99,103.99,103.7,103.75,5500.0
2017-10-25 09:44:00,103.59,103.77,103.59,103.77,2892.0
2017-10-25 09:45:00,103.5501,103.5501,103.5501,103.5501,100.0
2017-10-25 09:46:00,103.62,103.67,103.54,103.615,5202.0
2017-10-25 09:47:00,103.64,103.64,103.59,103.62,6547.0
2017-10-25 09:48:00,103.82,103.82,103.67,103.67,1500.0
2017-10-25 09:50:00,103.7,103.7,103.68,103.7,1623.0
2017-10-25 09:51:00,103.89,103.9,103.66,103.68,8480.0
2017-10-25 09:52:00,103.795,103.88,103.75,103.88,4372.0
2017-10-25 09:53:00,103.92,103.92,103.78399999999999,103.78399999999999,1200.0
2017-10-25 09:54:00,103.87,103.87,103.87,103.87,100.0
2017-10-25 09:55:00,103.965,103.99,103.89,103.96,1100.0
2017-10-25 09:56:00,103.96,104.0,103.89,104.0,3016.0
2017-10-25 09:57:00,103.92,104.045,103.89,103.97,4252.0
2017-10-25 09:58:00,103.8,103.98,103.8,103.91,3400.0
2017-10-25 10:00:00,103.71,103.76,103.57,103.76,4100.0
2017-10-25 10:01:00,103.68,103.77,103.62,103.765,1775.0
2017-10-25 10:02:00,103.69,103.845,103.6,103.6,2298.0
2017-10-25 10:03:00,103.54,103.69,103.49,103.69,2914.0
2017-10-25 10:04:00,103.66,103.66,103.565,103.61,600.0
2017-10-25 10:05:00,103.61,103.68,103.61,103.66,3568.0
2017-10-25 10:06:00,103.57,103.59,103.5,103.59,672.0
2017-10-25 10:07:00,103.45,103.52,103.45,103.52,1000.0
2017-10-25 10:08:00,103.49,103.49,103.41,103.42,1600.0
2017-10-25 10:09:00,103.59,103.59,103.54,103.54,200.0
2017-10-25 10:10:00,103.67,103.67,103.56,103.63,2025.0
2017-10-25 10:11:00,103.705,103.84,103.59,103.59,4700.0
2017-10-25 10:12:00,103.84,103.84,103.695,103.695,2204.0
2017-10-25 10:13:00,103.77,103.77,103.69,103.75,11750.0
2017-10-25 10:14:00,103.68,103.78,103.56,103.78,12237.0
2017-10-25 10:15:00,103.675,103.68,103.675,103.68,200.0
2017-10-25 10:16:00,103.72,103.72,103.62,103.675,1400.0
2017-10-25 10:17:00,103.76,103.76,103.63,103.72,24277.0
2017-10-25 10:18:00,103.75,103.76,103.7475,103.76,2250.0
2017-10-25 10:19:00,103.78,103.78,103.72,103.78,2781.0
2017-10-25 10:20:00,103.8108,103.95,103.765,103.765,2434.0
2017-10-25 10:21:00,103.74,103.825,103.74,103.81,1600.0
2017-10-25 10:22:00,103.8,103.81,103.72,103.78,2000.0
2017-10-25 10:23:00,103.95,103.95,103.83,103.85,2000.0
2017-10-25 10:24:00,104.14,104.14,104.01,104.07,870.0
2017-10-25 10:25:00,104.17,104.22,104.05,104.11,3346.0
2017-10-25 10:26:00,104.005,104.1,103.95,104.09,1500.0
2017-10-25 10:27:00,103.78,103.98,103.78,103.98,1142.0
2017-10-25 10:28:00,103.855,103.855,103.79,103.79,1593.0
2017-10-25 10:29:00,103.81,103.82,103.78,103.81,905.0
2017-10-25 10:30:00,103.9,103.9,103.75,103.82,1285.0
2017-10-25 10:31:00,103.88,103.91,103.86,103.9,933.0
2017-10-25 10:32:00,103.87,103.87,103.87,103.87,700.0
2017-10-25 10:33:00,103.85,103.86,103.85,103.86,700.0
2017-10-25 10:34:00,103.91,104.05,103.9,103.9,1900.0
2017-10-25 10:35:00,103.92,103.92,103.86,103.88,300.0
2017-10-25 10:36:00,103.96,103.96,103.93,103.96,800.0
2017-10-25 10:37:00,103.98,103.98,103.93,103.95,1700.0
2017-10-25 10:38:00,103.92,103.93,103.87,103.93,2000.0
2017-10-25 10:39:00,104.0,104.0,103.96,103.96,1200.0
2017-10-25 10:41:00,104.05,104.05,104.04,104.04,200.0
2017-10-25 10:42:00,103.95,104.0676,103.88,104.01,4278.0
2017-10-25 10:43:00,103.99,104.01,103.99,104.0,1136.0
2017-10-25 10:44:00,103.95,103.96,103.89,103.95,1000.0
2017-10-25 10:45:00,103.78,103.91,103.78,103.84,2300.0
2017-10-25 10:47:00,103.79,103.79,103.67,103.69,2000.0
2017-10-25 10:48:00,103.86,103.86,103.86,103.86,100.0
2017-10-25 10:49:00,103.74,103.9,103.74,103.89,2543.0
2017-10-25 10:50:00,103.77,103.83,103.75,103.75,1200.0
2017-10-25 10:51:00,103.67,103.86,103.67,103.84,2751.0
2017-10-25 10:52:00,103.72,103.72,103.72,103.72,100.0
2017-10-25 10:53:00,103.7,103.7,103.7,103.7,100.0
2017-10-25 10:54:00,103.78,103.885,103.765,103.765,3955.0
2017-10-25 10:55:00,103.77,103.78,103.72,103.78,1594.0
2017-10-25 10:56:00,103.785,103.79,103.75,103.75,2200.0
2017-10-25 10:57:00,103.7,103.775,103.7,103.775,1600.0
2017-10-25 10:58:00,103.62,103.7,103.62,103.7,1700.0
2017-10-25 10:59:00,103.56,103.58,103.47,103.57,2881.0
2017-10-25 11:00:00,103.63,103.63,103.43,103.57,3523.0
2017-10-25 11:01:00,103.54,103.65,103.54,103.6,4240.0
2017-10-25 11:02:00,103.44,103.5,103.44,103.5,828.0
2017-10-25 11:03:00,103.5,103.5,103.34,103.42,2101.0
2017-10-25 11:04:00,103.49,103.52,103.49,103.52,200.0
2017-10-25 11:05:00,103.41,103.4999,103.41,103.45,4462.0
2017-10-25 11:06:00,103.54,103.54,103.41,103.41,2688.0
2017-10-25 11:07:00,103.55,103.57,103.55,103.55,800.0
2017-10-25 11:08:00,103.69,103.69,103.54,103.56,1484.0
2017-10-25 11:10:00,103.66,103.665,103.52,103.65,3000.0
2017-10-25 11:12:00,103.76,103.76,103.6,103.68,1258.0
2017-10-25 11:13:00,103.61,103.77,103.61,103.77,1400.0
2017-10-25 11:14:00,103.54,103.6,103.54,103.6,700.0
2017-10-25 11:15:00,103.48,103.55,103.4,103.55,1900.0
2017-10-25 11:16:00,103.46,103.55,103.46,103.5,1733.0
2017-10-25 11:17:00,103.44,103.51,103.44,103.47,900.0
2017-10-25 11:18:00,103.5,103.5,103.42,103.42,400.0
2017-10-25 11:19:00,103.24,103.42,103.23,103.42,1500.0
2017-10-25 11:20:00,103.31,103.31,103.25,103.25,300.0
2017-10-25 11:21:00,103.34,103.34,103.26,103.26,1700.0
2017-10-25 11:22:00,103.5,103.5,103.31,103.35,2600.0
2017-10-25 11:23:00,103.55,103.55,103.51,103.51,400.0
2017-10-25 11:24:00,103.4674,103.56,103.46,103.56,2500.0
2017-10-25 11:25:00,103.4738,103.4738,103.4738,103.4738,150.0
2017-10-25 11:26:00,103.53,103.53,103.43,103.45,800.0
2017-10-25 11:27:00,103.55,103.55,103.47,103.505,4200.0
2017-10-25 11:28:00,103.72,103.72,103.53,103.53,1200.0
2017-10-25 11:29:00,103.76,103.77,103.69,103.77,500.0
2017-10-25 11:30:00,103.65,103.84,103.64,103.76,5891.0
2017-10-25 11:31:00,103.67,103.7,103.67,103.7,200.0
2017-10-25 11:32:00,103.76,103.76,103.71,103.71,2500.0
2017-10-25 11:33:00,103.9,103.9,103.75,103.78,3300.0
2017-10-25 11:34:00,103.885,103.89,103.87,103.89,400.0
2017-10-25 11:35:00,104.07,104.07,103.82,103.875,7535.0
2017-10-25 11:37:00,103.93,103.97,103.93,103.97,2299.0
2017-10-25 11:38:00,103.95,103.95,103.95,103.95,100.0
2017-10-25 11:39:00,103.85,103.95,103.85,103.95,1717.0
2017-10-25 11:40:00,104.01,104.01,103.85,103.85,2101.0
2017-10-25 11:42:00,103.87,103.94,103.87,103.94,900.0
2017-10-25 11:43:00,103.76,103.85,103.76,103.85,700.0
2017-10-25 11:44:00,103.93,103.93,103.82,103.82,1200.0
2017-10-25 11:45:00,103.87,103.87,103.87,103.87,100.0
2017-10-25 11:46:00,103.75,103.89,103.71,103.89,2500.0
2017-10-25 11:47:00,103.8,103.8,103.75,103.75,1102.0
2017-10-25 11:48:00,103.79,103.8,103.79,103.8,200.0
2017-10-25 11:49:00,103.52,103.74,103.52,103.74,1000.0
2017-10-25 11:50:00,103.63,103.63,103.63,103.63,100.0
2017-10-25 11:51:00,103.87,103.9,103.64,103.64,3126.0
2017-10-25 11:52:00,103.78,103.83,103.69,103.78,1517.0
2017-10-25 11:53:00,103.61,103.69,103.6,103.69,1200.0
2017-10-25 11:54:00,103.63,103.69,103.62,103.67,1400.0
2017-10-25 11:55:00,103.7,103.74,103.7,103.7,1031.0
2017-10-25 11:56:00,103.84,103.87,103.67,103.71,5297.0
2017-10-25 11:57:00,103.77,103.78,103.73,103.78,600.0
2017-10-25 11:58:00,103.69,103.69,103.69,103.69,200.0
2017-10-25 11:59:00,103.69,103.7,103.64,103.69,1700.0
2017-10-25 12:00:00,103.68,103.74,103.68,103.74,200.0
2017-10-25 12:01:00,103.63,103.67,103.63,103.67,1100.0
2017-10-25 12:02:00,103.56,103.64,103.56,103.64,1400.0
2017-10-25 12:03:00,103.6,103.6,103.51,103.51,700.0
2017-10-25 12:04:00,103.58,103.61,103.54,103.54,3600.0
2017-10-25 12:06:00,103.54,103.55,103.4961,103.55,1800.0
2017-10-25 12:07:00,103.57,103.57,103.52,103.52,2200.0
2017-10-25 12:08:00,103.54,103.565,103.5,103.54,2000.0
2017-10-25 12:09:00,103.5,103.5,103.5,103.5,100.0
2017-10-25 12:10:00,103.45,103.56,103.45,103.535,2628.0
2017-10-25 12:11:00,103.5,103.5,103.37,103.47,3538.0
2017-10-25 12:12:00,103.4825,103.4825,103.48,103.48,200.0
2017-10-25 12:13:00,103.48,103.4825,103.45,103.46,900.0
2017-10-25 12:14:00,103.51,103.57,103.5,103.51,2300.0
2017-10-25 12:15:00,103.47,103.4798,103.47,103.4798,250.0
2017-10-25 12:17:00,103.46,103.465,103.4,103.45,3867.0
2017-10-25 12:18:00,103.45,103.45,103.43,103.45,967.0
2017-10-25 12:19:00,103.565,103.565,103.46,103.46,2300.0
2017-10-25 12:20:00,103.42,103.5275,103.42,103.52,2129.0
2017-10-25 12:21:00,103.36,103.38,103.36,103.38,200.0
2017-10-25 12:22:00,103.47,103.47,103.45,103.45,800.0
2017-10-25 12:24:00,103.38,103.5,103.32,103.5,2495.0
2017-10-25 12:25:00,103.39,103.39,103.39,103.39,100.0
2017-10-25 12:26:00,103.44,103.44,103.4,103.4,800.0
2017-10-25 12:27:00,103.55,103.62,103.38,103.38,7600.0
2017-10-25 12:28:00,103.87,103.87,103.62,103.62,5196.0
2017-10-25 12:29:00,103.58,103.72,103.58,103.72,1100.0
2017-10-25 12:30:00,103.51,103.51,103.51,103.51,100.0
2017-10-25 12:31:00,103.35,103.5,103.35,103.5,2700.0
2017-10-25 12:32:00,103.37,103.45,103.37,103.41,1200.0
2017-10-25 12:33:00,103.36,103.37,103.36,103.37,200.0
2017-10-25 12:34:00,103.34,103.36,103.34,103.36,300.0
2017-10-25 12:35:00,103.29,103.35,103.29,103.34,600.0
2017-10-25 12:36:00,103.29,103.355,103.29,103.355,800.0
2017-10-25 12:37:00,103.37,103.37,103.27,103.27,1504.0
2017-10-25 12:38:00,103.43,103.43,103.38,103.38,1000.0
2017-10-25 12:39:00,103.35,103.43,103.34,103.41,1300.0
2017-10-25 12:40:00,103.35,103.35,103.35,103.35,100.0
2017-10-25 12:41:00,103.4,103.41,103.4,103.4,500.0
2017-10-25 12:42:00,103.39,103.415,103.38,103.415,1400.0
2017-10-25 12:43:00,103.4,103.44,103.38,103.38,650.0
2017-10-25 12:44:00,103.45,103.47,103.45,103.45,500.0
2017-10-25 12:45:00,103.37,103.5085,103.33,103.5085,2400.0
2017-10-25 12:46:00,103.4,103.45,103.4,103.42,1710.0
2017-10-25 12:47:00,103.34,103.4699,103.34,103.39,1450.0
2017-10-25 12:48:00,103.4,103.4,103.39,103.39,300.0
2017-10-25 12:49:00,103.36,103.4,103.36,103.38,500.0
2017-10-25 12:50:00,103.31,103.35,103.31,103.35,200.0
2017-10-25 12:51:00,103.34,103.38,103.33,103.33,1900.0
2017-10-25 12:52:00,103.36,103.36,103.23,103.32,1600.0
2017-10-25 12:53:00,103.37,103.37,103.37,103.37,200.0
2017-10-25 12:54:00,103.38,103.38,103.36,103.36,200.0
2017-10-25 12:55:00,103.41,103.41,103.34,103.34,543.0
2017-10-25 12:56:00,103.28,103.38,103.28,103.38,800.0
2017-10-25 12:57:00,103.32,103.37,103.31,103.36,1155.0
2017-10-25 12:58:00,103.37,103.37,103.37,103.37,100.0
2017-10-25 12:59:00,103.33,103.33,103.27,103.3208,2230.0
2017-10-25 13:01:00,103.34,103.34,103.34,103.34,200.0
2017-10-25 13:02:00,103.32,103.32,103.32,103.32,100.0
2017-10-25 13:04:00,103.31,103.32,103.31,103.32,1000.0
2017-10-25 13:05:00,103.28,103.29,103.28,103.29,200.0
2017-10-25 13:06:00,103.44,103.45,103.33,103.33,3300.0
2017-10-25 13:07:00,103.47,103.47,103.42,103.465,923.0
2017-10-25 13:08:00,103.44,103.44,103.44,103.44,100.0
2017-10-25 13:09:00,103.66,103.66,103.42,103.42,2100.0
2017-10-25 13:10:00,103.58,103.61,103.55,103.6,1400.0
2017-10-25 13:11:00,103.58,103.64,103.58,103.62,500.0
2017-10-25 13:12:00,103.6469,103.6469,103.5824,103.5824,200.0
2017-10-25 13:13:00,103.57,103.6168,103.57,103.6168,268.0
2017-10-25 13:15:00,103.68,103.68,103.62,103.63,1589.0
2017-10-25 13:16:00,103.61,103.65,103.61,103.65,600.0
2017-10-25 13:17:00,103.6172,103.6172,103.6,103.61,330.0
2017-10-25 13:18:00,103.5774,103.6565,103.5774,103.6565,2600.0
2017-10-25 13:19:00,103.64,103.64,103.62,103.62,300.0
2017-10-25 13:20:00,103.66,103.66,103.66,103.66,300.0
2017-10-25 13:21:00,103.59,103.66,103.59,103.66,1800.0
2017-10-25 13:22:00,103.61,103.61,103.58,103.58,500.0
2017-10-25 13:23:00,103.61,103.61,103.61,103.61,700.0
2017-10-25 13:24:00,103.57,103.65,103.57,103.64,3700.0
2017-10-25 13:25:00,103.55,103.55,103.54,103.54,400.0
2017-10-25 13:26:00,103.53,103.56,103.52,103.56,500.0
2017-10-25 13:27:00,103.44,103.54,103.44,103.54,200.0
2017-10-25 13:29:00,103.57,103.57,103.53,103.53,1000.0
2017-10-25 13:30:00,103.42,103.52,103.42,103.52,1600.0
2017-10-25 13:31:00,103.38,103.38,103.38,103.38,100.0
2017-10-25 13:32:00,103.48,103.53,103.43,103.44,2100.0
2017-10-25 13:33:00,103.59,103.59,103.56,103.56,400.0
2017-10-25 13:34:00,103.53,103.53,103.53,103.53,100.0
2017-10-25 13:35:00,103.55,103.57,103.54,103.56,1200.0
2017-10-25 13:36:00,103.51,103.62,103.45,103.58,2800.0
2017-10-25 13:37:00,103.42,103.42,103.42,103.42,100.0
2017-10-25 13:38:00,103.495,103.53,103.465,103.53,800.0
2017-10-25 13:40:00,103.53,103.53,103.53,103.53,100.0
2017-10-25 13:41:00,103.46,103.47,103.46,103.47,600.0
2017-10-25 13:42:00,103.44,103.44,103.44,103.44,100.0
2017-10-25 13:43:00,103.44,103.44,103.44,103.44,300.0
2017-10-25 13:44:00,103.5,103.51,103.45,103.45,2100.0
2017-10-25 13:45:00,103.53,103.54,103.515,103.54,306.0
2017-10-25 13:46:00,103.53,103.55,103.53,103.54,1087.0
2017-10-25 13:47:00,103.51,103.55,103.48,103.51,2399.0
2017-10-25 13:48:00,103.5,103.5,103.5,103.5,100.0
2017-10-25 13:49:00,103.5383,103.5383,103.5,103.53,407.0
2017-10-25 13:50:00,103.49,103.56,103.49,103.56,1000.0
2017-10-25 13:52:00,103.56,103.56,103.56,103.56,100.0
2017-10-25 13:53:00,103.54,103.57,103.54,103.55,1650.0
2017-10-25 13:54:00,103.48,103.57,103.48,103.57,2300.0
2017-10-25 13:55:00,103.46,103.46,103.46,103.46,100.0
2017-10-25 13:56:00,103.45,103.4668,103.45,103.46,800.0
2017-10-25 13:57:00,103.41,103.45,103.41,103.45,914.0
2017-10-25 13:59:00,103.55,103.55,103.43,103.44,3812.0
2017-10-25 14:00:00,103.52,103.58,103.52,103.54,4150.0
2017-10-25 14:01:00,103.48,103.5583,103.46,103.5583,1100.0
2017-10-25 14:04:00,103.41,103.48,103.41,103.47,1152.0
2017-10-25 14:05:00,103.44,103.47,103.4,103.42,2700.0
2017-10-25 14:06:00,103.38,103.4,103.38,103.4,1200.0
2017-10-25 14:07:00,103.42,103.42,103.42,103.42,1000.0
2017-10-25 14:08:00,103.44,103.4504,103.41,103.45,900.0
2017-10-25 14:09:00,103.42,103.42,103.42,103.42,100.0
2017-10-25 14:10:00,103.38,103.45,103.38,103.45,500.0
2017-10-25 14:11:00,103.31,103.36,103.31,103.36,900.0
2017-10-25 14:12:00,103.35,103.35,103.33,103.33,1200.0
2017-10-25 14:13:00,103.31,103.35,103.31,103.35,7827.0
2017-10-25 14:14:00,103.28,103.36,103.28,103.31,3022.0
2017-10-25 14:15:00,103.27,103.28,103.27,103.28,200.0
2017-10-25 14:16:00,103.33,103.35,103.25,103.25,2800.0
2017-10-25 14:17:00,103.35,103.35,103.34,103.34,331.0
2017-10-25 14:18:00,103.3,103.33,103.3,103.33,700.0
2017-10-25 14:19:00,103.29,103.29,103.29,103.29,300.0
2017-10-25 14:20:00,103.3378,103.3378,103.32,103.32,906.0
2017-10-25 14:21:00,103.29,103.29,103.29,103.29,100.0
2017-10-25 14:22:00,103.365,103.37,103.31,103.32,1757.0
2017-10-25 14:23:00,103.43,103.43,103.43,103.43,100.0
2017-10-25 14:24:00,103.36,103.4,103.26,103.4,1921.0
2017-10-25 14:25:00,103.26,103.33,103.26,103.33,200.0
2017-10-25 14:26:00,103.345,103.35,103.28,103.3,1700.0
2017-10-25 14:27:00,103.39,103.39,103.36,103.36,300.0
2017-10-25 14:28:00,103.36,103.39,103.33,103.35,8036.0
2017-10-25 14:29:00,103.35,103.37,103.34,103.37,3100.0
2017-10-25 14:30:00,103.36,103.43,103.36,103.36,4629.0
2017-10-25 14:31:00,103.36,103.36,103.28,103.32,5711.0
2017-10-25 14:32:00,103.36,103.36,103.36,103.36,100.0
2017-10-25 14:33:00,103.34,103.38,103.34,103.37,5800.0
2017-10-25 14:34:00,103.33,103.3903,103.28,103.38,5077.0
2017-10-25 14:35:00,103.22,103.34,103.22,103.27,4000.0
2017-10-25 14:36:00,103.24,103.34,103.215,103.215,2021.0
2017-10-25 14:37:00,103.25,103.35,103.18,103.29,16300.0
2017-10-25 14:38:00,103.2,103.25,103.2,103.25,1100.0
2017-10-25 14:39:00,103.21,103.32,103.21,103.21,2595.0
2017-10-25 14:40:00,103.18,103.18,103.18,103.18,100.0
2017-10-25 14:41:00,103.19,103.23,103.19,103.23,200.0
2017-10-25 14:42:00,103.2,103.2,103.2,103.2,400.0
2017-10-25 14:43:00,103.18,103.23,103.18,103.2,1100.0
2017-10-25 14:44:00,103.22,103.22,103.22,103.22,100.0
2017-10-25 14:45:00,103.16,103.17,103.16,103.17,200.0
2017-10-25 14:46:00,103.15,103.15,103.14,103.14,500.0
2017-10-25 14:47:00,103.07,103.12,103.07,103.12,800.0
2017-10-25 14:48:00,103.08,103.1,103.02,103.06,2700.0
2017-10-25 14:49:00,103.08,103.11,103.07,103.11,900.0
2017-10-25 14:51:00,103.12,103.12,103.06,103.0869,700.0
2017-10-25 14:52:00,103.01,103.09,102.88,103.04,2396.0
2017-10-25 14:53:00,102.97,102.99,102.89,102.95,2918.0
2017-10-25 14:54:00,102.97,103.06,102.94,103.0199,2850.0
2017-10-25 14:55:00,103.0,103.0,102.89,102.94,7750.0
2017-10-25 14:56:00,103.02,103.02,102.965,102.965,900.0
2017-10-25 14:57:00,102.97,102.97,102.97,102.97,100.0
2017-10-25 14:58:00,102.95,103.01899999999999,102.92,102.97,2700.0
2017-10-25 14:59:00,102.91,102.95,102.91,102.95,200.0
2017-10-25 15:00:00,102.91,102.97,102.91,102.91,300.0
2017-10-25 15:01:00,102.98,103.01,102.94,102.94,1836.0
2017-10-25 15:02:00,103.03,103.03,102.92,103.005,4136.0
2017-10-25 15:04:00,103.0,103.01,102.99,103.01,1700.0
2017-10-25 15:05:00,102.98,103.02,102.98,102.99,2200.0
2017-10-25 15:06:00,103.02,103.03,102.98,102.98,1800.0
2017-10-25 15:07:00,103.04,103.05,103.02,103.02,900.0
2017-10-25 15:08:00,102.96,103.05,102.96,103.04,5085.0
2017-10-25 15:09:00,102.95,102.97,102.93,102.95,644.0
2017-10-25 15:10:00,102.96,102.96,102.93,102.93,200.0
2017-10-25 15:11:00,102.9525,102.96,102.93,102.93,3161.0
2017-10-25 15:12:00,102.91,102.93,102.91,102.93,2226.0
2017-10-25 15:13:00,102.92,102.94,102.9,102.9,2600.0
2017-10-25 15:14:00,102.8964,102.92,102.87,102.92,3308.0
2017-10-25 15:15:00,102.86,102.9,102.85,102.885,4145.0
2017-10-25 15:16:00,102.815,102.8582,102.8,102.85,1841.0
2017-10-25 15:17:00,102.76,102.81,102.76,102.805,4770.0
2017-10-25 15:18:00,102.73,102.79,102.72,102.785,9505.0
2017-10-25 15:19:00,102.7,102.75,102.69,102.75,8158.0
2017-10-25 15:20:00,102.63,102.7,102.62,102.7,3751.0
2017-10-25 15:21:00,102.66,102.66,102.62,102.625,10260.0
2017-10-25 15:22:00,102.63,102.66,102.63,102.66,3884.0
2017-10-25 15:23:00,102.64,102.66,102.62,102.62,2200.0
2017-10-25 15:24:00,102.55,102.61,102.53,102.61,5566.0
2017-10-25 15:25:00,102.63,102.63,102.54,102.54,4300.0
2017-10-25 15:26:00,102.61,102.64,102.55,102.6292,6969.0
2017-10-25 15:27:00,102.67,102.67,102.62,102.62,900.0
2017-10-25 15:28:00,102.64,102.669,102.64,102.669,4755.0
2017-10-25 15:29:00,102.62,102.64,102.59,102.63,3009.0
2017-10-25 15:30:00,102.61,102.61,102.58,102.6,2691.0
2017-10-25 15:31:00,102.49,102.57,102.49,102.57,7355.0
2017-10-25 15:32:00,102.44,102.5,102.44,102.485,7630.0
2017-10-25 15:33:00,102.44,102.45,102.44,102.44,3490.0
2017-10-25 15:34:00,102.4,102.44,102.4,102.44,7732.0
2017-10-25 15:35:00,102.33,102.41,102.3,102.41,6808.0
2017-10-25 15:36:00,102.33,102.36,102.325,102.325,5875.0
2017-10-25 15:37:00,102.27,102.33,102.27,102.33,6041.0
2017-10-25 15:38:00,102.33,102.34,102.29,102.29,4632.0
2017-10-25 15:39:00,102.31,102.36,102.31,102.3201,7360.0
2017-10-25 15:40:00,102.32,102.3368,102.3,102.3,2325.0
2017-10-25 15:41:00,102.3,102.33,102.29,102.325,3665.0
2017-10-25 15:42:00,102.3,102.33,102.3,102.3,6202.0
2017-10-25 15:43:00,102.325,102.33,102.3,102.33,6277.0
2017-10-25 15:44:00,102.2,102.32,102.2,102.31,4528.0
2017-10-25 15:45:00,102.22,102.25,102.2,102.22,10331.0
2017-10-25 15:46:00,102.11,102.22,102.09,102.21,9456.0
2017-10-25 15:47:00,102.05,102.13,102.05,102.09,9675.0
2017-10-25 15:48:00,102.08,102.11,102.03,102.05,12780.0
2017-10-25 15:49:00,102.14,102.16,102.0797,102.08,4961.0
2017-10-25 15:50:00,102.06,102.18,102.05,102.15,8656.0
2017-10-25 15:51:00,102.15,102.17,102.1,102.1,9349.0
2017-10-25 15:52:00,102.13,102.15,102.1,102.12,5896.0
2017-10-25 15:53:00,102.13,102.16,102.12,102.13,8197.0
2017-10-25 15:54:00,102.12,102.16,102.1,102.14,12586.0
2017-10-25 15:55:00,102.06,102.13,102.03,102.115,14817.0
2017-10-25 15:56:00,102.08,102.13,102.07,102.08,12751.0
2017-10-25 15:57:00,102.145,102.16,102.08,102.095,17998.0
2017-10-25 15:58:00,102.14,102.17,102.12,102.135,14388.0
2017-10-25 15:59:00,102.17,102.18,102.12,102.15,15900.0
2017-10-25 16:00:00,102.2,102.205,102.15,102.1501,22038.0
2017-10-26 09:30:00,102.67,102.67,102.67,102.67,4282.0
2017-10-26 09:31:00,102.92,103.04,102.0,102.0,2400.0
2017-10-26 09:32:00,102.97,103.0,102.75,102.93,4200.0
2017-10-26 09:33:00,102.7,103.1236,102.7,103.0,2529.0
2017-10-26 09:34:00,102.7,102.8147,102.7,102.7,300.0
2017-10-26 09:35:00,103.03,103.03,102.69,102.69,1500.0
2017-10-26 09:36:00,103.16,103.18,103.08,103.15,1100.0
2017-10-26 09:37:00,103.04,103.04,103.01,103.01,500.0
2017-10-26 09:38:00,103.17,103.26,103.15,103.15,2313.0
2017-10-26 09:39:00,103.06,103.17,103.02,103.17,5888.0
2017-10-26 09:40:00,103.13,103.13,102.96,102.96,702.0
2017-10-26 09:41:00,103.37,103.37,102.99,102.99,1400.0
2017-10-26 09:42:00,103.44,103.46,103.344,103.46,550.0
2017-10-26 09:43:00,103.52,103.63,103.39,103.45,4258.0
2017-10-26 09:44:00,103.89,103.89,103.6,103.61,5400.0
2017-10-26 09:45:00,103.9,103.9,103.8,103.85,1234.0
2017-10-26 09:46:00,103.81,104.0,103.81,104.0,1450.0
2017-10-26 09:47:00,103.8,103.85,103.7478,103.7478,1744.0
2017-10-26 09:48:00,103.67,103.865,103.67,103.86,1184.0
2017-10-26 09:49:00,103.69,103.7462,103.67,103.67,985.0
2017-10-26 09:50:00,103.71,103.71,103.71,103.71,100.0
2017-10-26 09:51:00,103.84,103.84,103.775,103.775,300.0
2017-10-26 09:52:00,103.82,103.82,103.76,103.76,400.0
2017-10-26 09:53:00,103.88,103.88,103.77,103.77,500.0
2017-10-26 09:54:00,103.93,103.93,103.93,103.93,100.0
2017-10-26 09:55:00,104.095,104.18,103.94,103.94,4871.0
2017-10-26 09:56:00,104.06,104.18,104.001,104.09,6539.0
2017-10-26 09:57:00,104.1834,104.1834,104.155,104.16,1300.0
2017-10-26 09:58:00,104.255,104.31,104.22,104.22,400.0
2017-10-26 09:59:00,104.33,104.33,104.27,104.27,200.0
2017-10-26 10:00:00,104.43,104.43,104.29,104.29,1400.0
2017-10-26 10:01:00,104.24,104.33,104.14,104.33,4500.0
2017-10-26 10:02:00,104.41,104.45,104.28,104.28,2400.0
2017-10-26 10:03:00,104.325,104.435,104.32,104.4167,3909.0
2017-10-26 10:04:00,104.34,104.44,104.305,104.42,2513.0
2017-10-26 10:05:00,104.315,104.33,104.1873,104.1873,4203.0
2017-10-26 10:06:00,104.2,104.31,104.18,104.31,2800.0
2017-10-26 10:07:00,104.24,104.31,104.22,104.31,4725.0
2017-10-26 10:08:00,104.29,104.29,104.23,104.23,1100.0
2017-10-26 10:09:00,104.355,104.355,104.29,104.345,700.0
2017-10-26 10:10:00,104.26,104.3,104.13,104.3,3200.0
2017-10-26 10:11:00,104.2,104.27,104.2,104.23,1500.0
2017-10-26 10:12:00,104.42,104.43,104.28,104.32,2400.0
2017-10-26 10:13:00,104.33,104.385,104.33,104.385,2400.0
2017-10-26 10:14:00,104.395,104.395,104.395,104.395,100.0
2017-10-26 10:15:00,104.51,104.51,104.43,104.43,997.0
2017-10-26 10:16:00,104.73,104.73,104.51,104.51,2155.0
2017-10-26 10:17:00,104.64,104.73,104.64,104.66,2700.0
2017-10-26 10:18:00,104.815,104.815,104.68,104.68,2136.0
2017-10-26 10:19:00,104.7285,104.82,104.71,104.81,3850.0
2017-10-26 10:20:00,104.76,104.76,104.75,104.75,446.0
2017-10-26 10:21:00,104.82,104.88,104.81,104.81,1300.0
2017-10-26 10:22:00,104.75,104.88,104.75,104.8699,4909.0
2017-10-26 10:23:00,104.81,104.83,104.7408,104.7408,2200.0
2017-10-26 10:24:00,104.98,104.98,104.86,104.86,1000.0
2017-10-26 10:25:00,104.89,104.91,104.76,104.91,3275.0
2017-10-26 10:26:00,104.79,104.915,104.79,104.915,3100.0
2017-10-26 10:27:00,104.87,104.94,104.795,104.795,2588.0
2017-10-26 10:28:00,104.83,104.94,104.83,104.94,1100.0
2017-10-26 10:29:00,104.815,104.8188,104.796,104.796,2400.0
2017-10-26 10:30:00,104.74,104.81,104.72,104.81,2000.0
2017-10-26 10:31:00,104.74,104.74,104.735,104.74,800.0
2017-10-26 10:32:00,104.74,104.79,104.74,104.74,2100.0
2017-10-26 10:33:00,104.65,104.79,104.65,104.705,5551.0
2017-10-26 10:34:00,104.68,104.68,104.65,104.65,200.0
2017-10-26 10:35:00,104.76,104.79,104.65,104.68,4464.0
2017-10-26 10:36:00,104.93,104.93,104.77,104.78,1500.0
2017-10-26 10:37:00,105.13,105.13,104.93,104.93,3870.0
2017-10-26 10:38:00,105.04,105.18,104.9791,105.18,3658.0
2017-10-26 10:39:00,105.0,105.0,105.0,105.0,100.0
2017-10-26 10:40:00,105.02,105.06,104.95,105.0,4487.0
2017-10-26 10:41:00,105.085,105.085,105.085,105.085,100.0
2017-10-26 10:42:00,105.05,105.05,104.98,105.03,950.0
2017-10-26 10:43:00,104.97,105.1,104.87,105.08,3122.0
2017-10-26 10:44:00,104.95,104.95,104.95,104.95,100.0
2017-10-26 10:45:00,104.79,104.95,104.75,104.95,1507.0
2017-10-26 10:46:00,104.9,104.9,104.78,104.78,1450.0
2017-10-26 10:47:00,104.87,104.87,104.78,104.78,1100.0
2017-10-26 10:48:00,104.875,104.875,104.875,104.875,100.0
2017-10-26 10:49:00,104.84,104.89,104.82,104.87,1100.0
2017-10-26 10:50:00,104.815,104.815,104.815,104.815,100.0
2017-10-26 10:51:00,104.89,104.89,104.8,104.815,1500.0
2017-10-26 10:52:00,104.84,104.85,104.82,104.84,1100.0
2017-10-26 10:53:00,104.79,104.79,104.79,104.79,100.0
2017-10-26 10:54:00,104.76,104.76,104.76,104.76,200.0
2017-10-26 10:55:00,104.815,104.815,104.79,104.79,1472.0
2017-10-26 10:56:00,105.01,105.01,104.85,104.85,2201.0
2017-10-26 10:57:00,104.99,105.05,104.97,105.0035,1381.0
2017-10-26 10:58:00,104.89,104.98,104.89,104.98,2987.0
2017-10-26 10:59:00,104.835,104.9,104.79,104.79,300.0
2017-10-26 11:00:00,105.11,105.11,104.9,104.9,1471.0
2017-10-26 11:02:00,105.175,105.175,105.05,105.05,901.0
2017-10-26 11:03:00,105.07,105.16,105.04,105.08,2800.0
2017-10-26 11:04:00,105.16,105.16,105.16,105.16,200.0
2017-10-26 11:05:00,105.2,105.24,105.17,105.18299999999999,1826.0
2017-10-26 11:06:00,105.125,105.19,105.12,105.17,1416.0
2017-10-26 11:07:00,105.06,105.17,105.06,105.17,1600.0
2017-10-26 11:08:00,104.99,105.04,104.99,105.04,500.0
2017-10-26 11:09:00,104.97,104.99,104.94,104.94,700.0
2017-10-26 11:10:00,104.96,104.96,104.96,104.96,100.0
2017-10-26 11:11:00,104.97,104.99,104.96,104.96,472.0
2017-10-26 11:12:00,104.94,104.97,104.93,104.97,1200.0
2017-10-26 11:13:00,104.8803,104.89,104.8803,104.89,307.0
2017-10-26 11:14:00,105.05,105.09,104.89,104.89,4149.0
2017-10-26 11:15:00,104.91,105.0,104.91,105.0,1200.0
2017-10-26 11:16:00,104.87,104.9,104.8,104.86,1400.0
2017-10-26 11:17:00,104.79,104.92,104.79,104.84,4900.0
2017-10-26 11:19:00,104.79,104.815,104.75,104.815,1200.0
2017-10-26 11:20:00,104.75,104.78,104.75,104.75,700.0
2017-10-26 11:21:00,104.775,104.78,104.775,104.78,1260.0
2017-10-26 11:22:00,104.84,104.89,104.795,104.81,1900.0
2017-10-26 11:23:00,104.8,104.845,104.8,104.845,500.0
2017-10-26 11:25:00,104.835,104.85,104.82,104.82,780.0
2017-10-26 11:26:00,104.89,104.89,104.8,104.8,1800.0
2017-10-26 11:27:00,104.78,104.83,104.78,104.83,1100.0
2017-10-26 11:28:00,104.815,104.85,104.79,104.79,1100.0
2017-10-26 11:30:00,104.86,104.88,104.84,104.88,1600.0
2017-10-26 11:31:00,104.87,104.89,104.87,104.88,800.0
2017-10-26 11:33:00,104.79,104.84,104.79,104.84,1800.0
2017-10-26 11:34:00,104.83,104.83,104.7,104.7,1500.0
2017-10-26 11:35:00,104.97,105.025,104.85,104.85,2117.0
2017-10-26 11:36:00,105.02,105.02,105.02,105.02,200.0
2017-10-26 11:38:00,105.03,105.03,105.0,105.0,600.0
2017-10-26 11:39:00,104.995,105.03,104.98,105.02,700.0
2017-10-26 11:40:00,104.9,104.98,104.9,104.97,800.0
2017-10-26 11:41:00,104.97,104.99,104.92,104.92,1100.0
2017-10-26 11:42:00,104.96,104.97,104.94,104.97,1000.0
2017-10-26 11:43:00,104.91,104.91,104.91,104.91,100.0
2017-10-26 11:44:00,104.8,104.8,104.8,104.8,200.0
2017-10-26 11:45:00,104.81,104.81,104.77,104.77,500.0
2017-10-26 11:46:00,104.85,104.93,104.84,104.84,3036.0
2017-10-26 11:47:00,104.99,104.99,104.885,104.92,500.0
2017-10-26 11:48:00,104.91,104.99,104.9,104.99,1900.0
2017-10-26 11:50:00,104.81,104.88,104.75,104.88,2695.0
2017-10-26 11:52:00,104.77,104.825,104.77,104.825,400.0
2017-10-26 11:53:00,104.86,104.87,104.78,104.78,2000.0
2017-10-26 11:54:00,104.845,104.89,104.82,104.89,1200.0
2017-10-26 11:55:00,104.68,104.82,104.67,104.82,2700.0
2017-10-26 11:56:00,104.69,104.75,104.64,104.65,4270.0
2017-10-26 11:57:00,104.76,104.77,104.68,104.68,2556.0
2017-10-26 11:59:00,104.8399,104.8399,104.8,104.8,995.0
2017-10-26 12:00:00,104.83,104.92,104.76,104.85,4740.0
2017-10-26 12:01:00,104.83,104.83,104.72,104.82,1400.0
2017-10-26 12:02:00,104.84,104.84,104.795,104.82,700.0
2017-10-26 12:04:00,104.82,104.85,104.79,104.85,400.0
2017-10-26 12:05:00,104.805,104.855,104.79,104.84,2355.0
2017-10-26 12:07:00,104.75,104.77,104.75,104.77,300.0
2017-10-26 12:08:00,104.75,104.78,104.75,104.755,1300.0
2017-10-26 12:09:00,104.78,104.79,104.73,104.73,1000.0
2017-10-26 12:10:00,104.78,104.78,104.75,104.774,350.0
2017-10-26 12:11:00,104.77,104.78,104.77,104.78,200.0
2017-10-26 12:12:00,104.86,104.86,104.8,104.81,1400.0
2017-10-26 12:13:00,104.86,104.88,104.82,104.86,4683.0
2017-10-26 12:14:00,104.91,104.94,104.85,104.8558,5150.0
2017-10-26 12:16:00,104.91,104.95,104.89,104.904,3510.0
2017-10-26 12:17:00,104.88,104.89,104.88,104.89,200.0
2017-10-26 12:18:00,104.92,104.97,104.9,104.92,3234.0
2017-10-26 12:19:00,104.94,104.94,104.92,104.92,679.0
2017-10-26 12:20:00,104.96,104.99,104.95,104.96,1600.0
2017-10-26 12:21:00,104.925,104.97,104.92,104.96,2500.0
2017-10-26 12:22:00,104.92,104.95,104.87,104.91,2901.0
2017-10-26 12:23:00,104.98,105.0,104.95,104.95,1100.0
2017-10-26 12:24:00,104.86,104.95,104.86,104.95,2100.0
2017-10-26 12:25:00,104.8,104.83,104.78,104.83,1900.0
2017-10-26 12:26:00,104.74,104.8,104.68,104.8,2700.0
2017-10-26 12:27:00,104.79,104.79,104.75,104.75,700.0
2017-10-26 12:28:00,104.66,104.8,104.66,104.8,2014.0
2017-10-26 12:29:00,104.7,104.7,104.7,104.7,400.0
2017-10-26 12:31:00,104.68,104.7136,104.68,104.68,448.0
2017-10-26 12:32:00,104.74,104.74,104.74,104.74,100.0
2017-10-26 12:33:00,104.64,104.71,104.64,104.71,1050.0
2017-10-26 12:34:00,104.61,104.62,104.521,104.62,1050.0
2017-10-26 12:35:00,104.65,104.65,104.63,104.64,400.0
2017-10-26 12:36:00,104.61,104.61,104.61,104.61,100.0
2017-10-26 12:37:00,104.62,104.73,104.62,104.65,3178.0
2017-10-26 12:38:00,104.6201,104.66,104.62,104.66,500.0
2017-10-26 12:39:00,104.67,104.67,104.67,104.67,100.0
2017-10-26 12:40:00,104.58,104.62,104.58,104.62,1261.0
2017-10-26 12:41:00,104.62,104.62,104.57,104.61,1600.0
2017-10-26 12:42:00,104.66,104.66,104.64,104.64,300.0
2017-10-26 12:43:00,104.67,104.67,104.67,104.67,400.0
2017-10-26 12:44:00,104.66,104.6716,104.66,104.6716,260.0
2017-10-26 12:45:00,104.65,104.66,104.65,104.66,1100.0
2017-10-26 12:46:00,104.71,104.71,104.637,104.65,800.0
2017-10-26 12:47:00,104.73,104.74,104.71,104.71,500.0
2017-10-26 12:48:00,104.68,104.76,104.68,104.76,2159.0
2017-10-26 12:49:00,104.72,104.78,104.72,104.73,2545.0
2017-10-26 12:50:00,104.72,104.72,104.64,104.68,800.0
2017-10-26 12:51:00,104.62,104.7025,104.62,104.67,1238.0
2017-10-26 12:52:00,104.65,104.65,104.65,104.65,100.0
2017-10-26 12:54:00,104.68,104.71,104.67,104.68,1200.0
2017-10-26 12:55:00,104.69,104.69,104.69,104.69,600.0
2017-10-26 12:56:00,104.565,104.71,104.48,104.69,6267.0
2017-10-26 12:57:00,104.59,104.59,104.54,104.54,600.0
2017-10-26 12:58:00,104.63,104.63,104.59,104.59,300.0
2017-10-26 12:59:00,104.41,104.6167,104.41,104.6,3200.0
2017-10-26 13:00:00,104.38,104.38,104.36,104.36,500.0
2017-10-26 13:01:00,104.4025,104.42,104.4,104.41,700.0
2017-10-26 13:02:00,104.34,104.43,104.34,104.41,1800.0
2017-10-26 13:03:00,104.3,104.3,104.28,104.29,1150.0
2017-10-26 13:04:00,104.23,104.32,104.22,104.32,800.0
2017-10-26 13:05:00,104.22,104.3,104.22,104.27,2700.0
2017-10-26 13:06:00,104.3,104.3,104.29,104.29,700.0
2017-10-26 13:07:00,104.35,104.35,104.29,104.31,1300.0
2017-10-26 13:08:00,104.35,104.37,104.35,104.36,400.0
2017-10-26 13:09:00,104.35,104.35,104.33,104.35,400.0
2017-10-26 13:10:00,104.27,104.41,104.27,104.37,4100.0
2017-10-26 13:11:00,104.36,104.36,104.34,104.34,300.0
2017-10-26 13:12:00,104.26,104.32,104.26,104.27,914.0
2017-10-26 13:13:00,104.33,104.33,104.33,104.33,100.0
2017-10-26 13:14:00,104.19,104.28,104.19,104.28,700.0
2017-10-26 13:15:00,104.215,104.215,104.215,104.215,100.0
2017-10-26 13:16:00,104.2,104.2,104.2,104.2,100.0
2017-10-26 13:17:00,104.18,104.31,104.18,104.28,2000.0
2017-10-26 13:18:00,104.21,104.21,104.21,104.21,100.0
2017-10-26 13:19:00,104.29,104.32,104.27,104.27,1400.0
2017-10-26 13:20:00,104.27,104.31,104.27,104.31,800.0
2017-10-26 13:21:00,104.27,104.3,104.27,104.29,500.0
2017-10-26 13:22:00,104.34,104.35,104.33,104.33,400.0
2017-10-26 13:23:00,104.25,104.35,104.25,104.35,1957.0
2017-10-26 13:24:00,104.285,104.31,104.285,104.31,600.0
2017-10-26 13:25:00,104.28,104.33,104.28,104.31,1800.0
2017-10-26 13:26:00,104.3,104.32,104.27,104.31,3100.0
2017-10-26 13:27:00,104.32,104.32,104.32,104.32,100.0
2017-10-26 13:28:00,104.34,104.34,104.28,104.32,900.0
2017-10-26 13:29:00,104.34,104.34,104.34,104.34,340.0
2017-10-26 13:30:00,104.32,104.38,104.32,104.38,1100.0
2017-10-26 13:31:00,104.28,104.3,104.28,104.3,200.0
2017-10-26 13:32:00,104.28,104.323,104.28,104.323,500.0
2017-10-26 13:33:00,104.3,104.37,104.3,104.33,3010.0
2017-10-26 13:34:00,104.3225,104.33,104.29,104.29,900.0
2017-10-26 13:35:00,104.37,104.37,104.32,104.32,1400.0
2017-10-26 13:36:00,104.42,104.42,104.41,104.41,200.0
2017-10-26 13:37:00,104.46,104.46,104.4,104.4,500.0
2017-10-26 13:38:00,104.5,104.53,104.5,104.53,200.0
2017-10-26 13:39:00,104.52,104.53,104.52,104.53,200.0
2017-10-26 13:40:00,104.4,104.53,104.4,104.53,1600.0
2017-10-26 13:41:00,104.46,104.46,104.3972,104.3972,200.0
2017-10-26 13:42:00,104.429,104.429,104.38,104.38,995.0
2017-10-26 13:43:00,104.4257,104.44,104.4257,104.43,642.0
2017-10-26 13:44:00,104.41,104.44,104.41,104.44,1027.0
2017-10-26 13:46:00,104.38,104.38,104.34,104.38,1268.0
2017-10-26 13:47:00,104.42,104.42,104.42,104.42,100.0
2017-10-26 13:48:00,104.31,104.42,104.31,104.42,1400.0
2017-10-26 13:49:00,104.3872,104.3872,104.3872,104.3872,200.0
2017-10-26 13:50:00,104.36,104.36,104.36,104.36,300.0
2017-10-26 13:51:00,104.4,104.4,104.38,104.38,400.0
2017-10-26 13:52:00,104.42,104.42,104.385,104.385,200.0
2017-10-26 13:53:00,104.46,104.46,104.46,104.46,100.0
2017-10-26 13:54:00,104.47,104.47,104.45,104.45,200.0
2017-10-26 13:55:00,104.54,104.54,104.5,104.5,400.0
2017-10-26 13:56:00,104.51,104.6,104.51,104.54,2409.0
2017-10-26 13:57:00,104.53,104.53,104.53,104.53,100.0
2017-10-26 13:58:00,104.56,104.58,104.55,104.55,840.0
2017-10-26 13:59:00,104.52,104.5942,104.52,104.5942,1372.0
2017-10-26 14:00:00,104.54,104.6,104.46,104.56,3057.0
2017-10-26 14:01:00,104.51,104.555,104.51,104.555,300.0
2017-10-26 14:02:00,104.53,104.53,104.53,104.53,100.0
2017-10-26 14:03:00,104.48,104.53,104.48,104.53,200.0
2017-10-26 14:05:00,104.57,104.61,104.52,104.52,2700.0
2017-10-26 14:06:00,104.55,104.55,104.55,104.55,100.0
2017-10-26 14:08:00,104.54,104.565,104.53,104.565,1000.0
2017-10-26 14:09:00,104.53,104.53,104.49,104.52,800.0
2017-10-26 14:10:00,104.505,104.505,104.49,104.49,200.0
2017-10-26 14:11:00,104.58,104.58,104.52,104.52,1007.0
2017-10-26 14:12:00,104.59,104.59,104.57,104.57,500.0
2017-10-26 14:13:00,104.485,104.55,104.47,104.55,2500.0
2017-10-26 14:14:00,104.58,104.58,104.5,104.5,2000.0
2017-10-26 14:15:00,104.5654,104.5654,104.55,104.55,200.0
2017-10-26 14:16:00,104.49,104.52,104.49,104.52,410.0
2017-10-26 14:17:00,104.59,104.6,104.49,104.49,2629.0
2017-10-26 14:20:00,104.52,104.59,104.52,104.59,1200.0
2017-10-26 14:21:00,104.52,104.57,104.52,104.545,500.0
2017-10-26 14:22:00,104.55,104.55,104.51,104.52,2124.0
2017-10-26 14:23:00,104.5399,104.6,104.5,104.58,5200.0
2017-10-26 14:24:00,104.49,104.49,104.49,104.49,100.0
2017-10-26 14:25:00,104.51,104.53,104.51,104.51,700.0
2017-10-26 14:26:00,104.56,104.56,104.53,104.53,600.0
2017-10-26 14:27:00,104.61,104.61,104.56,104.57,1700.0
2017-10-26 14:28:00,104.57,104.58,104.56,104.58,1200.0
2017-10-26 14:29:00,104.57,104.59,104.57,104.59,600.0
2017-10-26 14:30:00,104.52,104.59,104.52,104.59,1966.0
2017-10-26 14:31:00,104.58,104.58,104.54,104.54,400.0
2017-10-26 14:33:00,104.6171,104.6171,104.6,104.6,1100.0
2017-10-26 14:34:00,104.63,104.63,104.5951,104.5951,300.0
2017-10-26 14:35:00,104.69,104.71,104.62,104.62,3100.0
2017-10-26 14:36:00,104.76,104.76,104.67,104.69,3100.0
2017-10-26 14:37:00,104.74,104.77,104.72,104.75,5363.0
2017-10-26 14:38:00,104.76,104.77,104.69,104.76,4397.0
2017-10-26 14:39:00,104.68,104.76,104.67,104.75,2100.0
2017-10-26 14:41:00,104.75,104.76,104.71,104.71,1000.0
2017-10-26 14:42:00,104.785,104.785,104.755,104.755,2200.0
2017-10-26 14:43:00,104.72,104.75,104.72,104.73,600.0
2017-10-26 14:44:00,104.76,104.76,104.66,104.71,2700.0
2017-10-26 14:45:00,104.65,104.7,104.65,104.7,200.0
2017-10-26 14:46:00,104.69,104.69,104.69,104.69,300.0
2017-10-26 14:47:00,104.73,104.73,104.7,104.7,716.0
2017-10-26 14:48:00,104.68,104.71,104.68,104.69,1100.0
2017-10-26 14:49:00,104.71,104.72,104.7,104.7,800.0
2017-10-26 14:50:00,104.73,104.73,104.73,104.73,100.0
2017-10-26 14:52:00,104.53,104.73,104.53,104.73,4600.0
2017-10-26 14:53:00,104.65,104.7211,104.54,104.54,2398.0
2017-10-26 14:54:00,104.67,104.7302,104.67,104.71,700.0
2017-10-26 14:55:00,104.63,104.64,104.63,104.64,200.0
2017-10-26 14:56:00,104.7,104.74,104.66,104.67,2700.0
2017-10-26 14:57:00,104.735,104.74,104.71,104.73,500.0
2017-10-26 14:58:00,104.56,104.72,104.56,104.72,1500.0
2017-10-26 14:59:00,104.66,104.67,104.57,104.57,1505.0
2017-10-26 15:00:00,104.68,104.68,104.64,104.64,400.0
2017-10-26 15:01:00,104.64,104.68,104.64,104.66,1200.0
2017-10-26 15:03:00,104.73,104.76,104.6875,104.6875,2200.0
2017-10-26 15:04:00,104.71,104.71,104.71,104.71,200.0
2017-10-26 15:05:00,104.76,104.76,104.73,104.7587,1300.0
2017-10-26 15:06:00,104.74,104.74,104.74,104.74,200.0
2017-10-26 15:07:00,104.75,104.76,104.73,104.73,1643.0
2017-10-26 15:08:00,104.64,104.73,104.61,104.73,4400.0
2017-10-26 15:09:00,104.67,104.68,104.66,104.66,1400.0
2017-10-26 15:10:00,104.6,104.65,104.52,104.65,4661.0
2017-10-26 15:11:00,104.61,104.61,104.6,104.6,400.0
2017-10-26 15:12:00,104.64,104.65,104.62,104.62,2078.0
2017-10-26 15:13:00,104.6,104.655,104.6,104.64,2500.0
2017-10-26 15:14:00,104.61,104.61,104.58,104.59,800.0
2017-10-26 15:15:00,104.56,104.58,104.56,104.58,200.0
2017-10-26 15:16:00,104.53,104.59,104.51,104.56,3553.0
2017-10-26 15:17:00,104.51,104.54,104.51,104.51,1000.0
2017-10-26 15:18:00,104.54,104.54,104.5,104.5,1800.0
2017-10-26 15:19:00,104.55,104.55,104.54,104.54,300.0
2017-10-26 15:20:00,104.49,104.535,104.48,104.52,5331.0
2017-10-26 15:21:00,104.535,104.54,104.49,104.51,3276.0
2017-10-26 15:22:00,104.53,104.55,104.52,104.55,1658.0
2017-10-26 15:23:00,104.51,104.53,104.51,104.53,2704.0
2017-10-26 15:24:00,104.48,104.52,104.459,104.52,5182.0
2017-10-26 15:25:00,104.5,104.5,104.45,104.47,2730.0
2017-10-26 15:26:00,104.55,104.55,104.5,104.5,1300.0
2017-10-26 15:27:00,104.61,104.62,104.55,104.56,2444.0
2017-10-26 15:28:00,104.68,104.68,104.59,104.59,3863.0
2017-10-26 15:29:00,104.69,104.69,104.62,104.64,1500.0
2017-10-26 15:30:00,104.67,104.68,104.65,104.65,1000.0
2017-10-26 15:31:00,104.64,104.68,104.61,104.68,2202.0
2017-10-26 15:32:00,104.65,104.67,104.63,104.65,1650.0
2017-10-26 15:33:00,104.59,104.66,104.59,104.66,2724.0
2017-10-26 15:34:00,104.68,104.68,104.6,104.61,3641.0
2017-10-26 15:35:00,104.6699,104.68,104.65,104.67,1517.0
2017-10-26 15:36:00,104.6799,104.68,104.66,104.67,1701.0
2017-10-26 15:37:00,104.67,104.67,104.63,104.66,3929.0
2017-10-26 15:38:00,104.69,104.69,104.67,104.67,800.0
2017-10-26 15:39:00,104.72,104.76,104.67,104.67,5853.0
2017-10-26 15:40:00,104.69,104.74,104.69,104.74,1654.0
2017-10-26 15:41:00,104.69,104.7199,104.68,104.7,3411.0
2017-10-26 15:42:00,104.81,104.81,104.71,104.71,2753.0
2017-10-26 15:43:00,104.7225,104.775,104.72,104.77,3706.0
2017-10-26 15:44:00,104.73,104.73,104.72,104.72,1935.0
2017-10-26 15:45:00,104.72,104.76,104.72,104.74,10560.0
2017-10-26 15:46:00,104.74,104.75,104.725,104.74,4270.0
2017-10-26 15:47:00,104.74,104.76,104.72,104.73,6658.0
2017-10-26 15:48:00,104.69,104.74,104.675,104.74,6236.0
2017-10-26 15:49:00,104.67,104.6999,104.67,104.69,3410.0
2017-10-26 15:50:00,104.6899,104.69,104.66,104.67,3462.0
2017-10-26 15:51:00,104.63,104.66,104.61,104.66,6290.0
2017-10-26 15:52:00,104.635,104.64,104.62,104.63,2861.0
2017-10-26 15:53:00,104.69,104.69,104.64,104.64,8704.0
2017-10-26 15:54:00,104.67,104.7,104.6699,104.68,5589.0
2017-10-26 15:55:00,104.69,104.69,104.66,104.67,6836.0
2017-10-26 15:56:00,104.73,104.73,104.68,104.68,6221.0
2017-10-26 15:57:00,104.76,104.77,104.72,104.74,9522.0
2017-10-26 15:58:00,104.75,104.76,104.71,104.75,9844.0
2017-10-26 15:59:00,104.7299,104.75,104.7,104.72,11578.0
2017-10-26 16:00:00,104.67,104.75,104.67,104.73,19379.0
2017-10-27 09:30:00,104.68,104.68,104.68,104.68,5152.0
2017-10-27 09:31:00,104.63,104.69,104.63,104.68,3910.0
2017-10-27 09:32:00,104.71,104.71,104.47,104.48,1632.0
2017-10-27 09:33:00,104.47,104.47,104.47,104.47,200.0
2017-10-27 09:35:00,104.86,104.86,104.79,104.79,1100.0
2017-10-27 09:36:00,104.75,104.965,104.74,104.87,1707.0
2017-10-27 09:37:00,104.85,104.86,104.755,104.755,1250.0
2017-10-27 09:38:00,104.78,104.91,104.78,104.91,988.0
2017-10-27 09:39:00,105.03,105.03,104.93,104.93,1501.0
2017-10-27 09:40:00,104.94,105.01,104.94,105.01,900.0
2017-10-27 09:41:00,104.995,105.09,104.995,105.09,300.0
2017-10-27 09:43:00,105.09,105.09,105.06,105.06,1500.0
2017-10-27 09:44:00,105.16,105.16,105.07,105.12,1440.0
2017-10-27 09:45:00,105.155,105.18,105.14,105.14,600.0
2017-10-27 09:46:00,105.24,105.24,105.2,105.2,600.0
2017-10-27 09:47:00,105.11,105.205,105.09,105.17,2760.0
2017-10-27 09:48:00,104.99,105.08,104.99,105.08,1156.0
2017-10-27 09:49:00,104.78,104.85,104.74,104.85,500.0
2017-10-27 09:50:00,104.8,104.9,104.79,104.79,2100.0
2017-10-27 09:51:00,104.65,104.79,104.65,104.79,1343.0
2017-10-27 09:52:00,104.695,104.77,104.6,104.6,1800.0
2017-10-27 09:53:00,104.66,104.66,104.66,104.66,100.0
2017-10-27 09:54:00,104.71,104.75,104.69,104.69,1500.0
2017-10-27 09:55:00,104.765,104.765,104.765,104.765,100.0
2017-10-27 09:56:00,104.81,104.81,104.81,104.81,100.0
2017-10-27 09:57:00,104.81,104.86,104.81,104.86,821.0
2017-10-27 09:58:00,104.715,104.74,104.69,104.74,1219.0
2017-10-27 09:59:00,104.71,104.775,104.68,104.68,2349.0
2017-10-27 10:00:00,104.67,104.67,104.67,104.67,100.0
2017-10-27 10:01:00,104.69,104.69,104.69,104.69,100.0
2017-10-27 10:02:00,104.81,104.865,104.64,104.69,3952.0
2017-10-27 10:03:00,104.58,104.75,104.58,104.75,3604.0
2017-10-27 10:04:00,104.71,104.76,104.65,104.65,1600.0
2017-10-27 10:05:00,104.64,104.68,104.64,104.68,1702.0
2017-10-27 10:06:00,104.555,104.62,104.55,104.61,1301.0
2017-10-27 10:07:00,104.56,104.56,104.51,104.52,2600.0
2017-10-27 10:08:00,104.535,104.63,104.535,104.56,1700.0
2017-10-27 10:09:00,104.53,104.5325,104.49,104.52,500.0
2017-10-27 10:10:00,104.465,104.465,104.465,104.465,100.0
2017-10-27 10:11:00,104.57,104.57,104.48,104.5,2400.0
2017-10-27 10:13:00,104.55,104.57,104.47,104.5,2203.0
2017-10-27 10:14:00,104.57,104.57,104.57,104.57,100.0
2017-10-27 10:15:00,104.3939,104.54,104.37,104.53,3203.0
2017-10-27 10:16:00,104.34,104.39,104.34,104.39,847.0
2017-10-27 10:17:00,104.1888,104.34,104.1888,104.3,850.0
2017-10-27 10:18:00,104.135,104.16,104.13,104.16,400.0
2017-10-27 10:19:00,104.0,104.12,104.0,104.11,6222.0
2017-10-27 10:20:00,103.97,104.05,103.97,104.05,950.0
2017-10-27 10:21:00,104.03,104.08,104.03,104.03,2950.0
2017-10-27 10:22:00,103.89,103.99,103.89,103.99,1512.0
2017-10-27 10:24:00,103.875,103.875,103.87,103.87,200.0
2017-10-27 10:25:00,103.82,103.96,103.82,103.93,2300.0
2017-10-27 10:26:00,103.89,103.89,103.88,103.88,200.0
2017-10-27 10:27:00,103.865,103.865,103.865,103.865,300.0
2017-10-27 10:28:00,103.84,103.9,103.84,103.9,200.0
2017-10-27 10:29:00,103.9,103.97,103.845,103.845,3463.0
2017-10-27 10:30:00,103.93,103.93,103.93,103.93,100.0
2017-10-27 10:31:00,103.96,103.96,103.96,103.96,300.0
2017-10-27 10:34:00,104.05,104.1,104.05,104.1,1303.0
2017-10-27 10:35:00,104.12,104.12,104.08,104.08,400.0
2017-10-27 10:37:00,104.23,104.23,104.1464,104.1464,2702.0
2017-10-27 10:38:00,104.21,104.21,104.16,104.16,1008.0
2017-10-27 10:39:00,104.23,104.24,104.23,104.24,500.0
2017-10-27 10:40:00,104.26,104.26,104.26,104.26,100.0
2017-10-27 10:41:00,104.19,104.27,104.16,104.26,2846.0
2017-10-27 10:43:00,104.055,104.08,104.055,104.08,1064.0
2017-10-27 10:44:00,104.06,104.06,104.06,104.06,100.0
2017-10-27 10:45:00,104.03,104.03,103.945,104.02,3100.0
2017-10-27 10:47:00,104.03,104.03,104.03,104.03,433.0
2017-10-27 10:48:00,103.99,103.99,103.98,103.99,432.0
2017-10-27 10:49:00,103.99,103.99,103.97,103.97,401.0
2017-10-27 10:50:00,103.98,103.99,103.96,103.99,1477.0
2017-10-27 10:51:00,103.9358,103.99,103.93,103.99,1700.0
2017-10-27 10:52:00,103.95,103.96,103.95,103.96,500.0
2017-10-27 10:53:00,103.95,103.95,103.94,103.94,200.0
2017-10-27 10:54:00,103.96,103.97,103.9589,103.9589,1422.0
2017-10-27 10:56:00,103.88,103.97,103.88,103.96,1951.0
2017-10-27 10:57:00,103.91,103.93,103.91,103.93,200.0
2017-10-27 10:58:00,104.04,104.04,103.92,103.94,2819.0
2017-10-27 10:59:00,104.07,104.08,104.07,104.07,300.0
2017-10-27 11:00:00,104.05,104.05,104.02,104.05,1700.0
2017-10-27 11:02:00,104.02,104.045,103.99,104.03,2176.0
2017-10-27 11:03:00,104.0,104.03,103.96,104.0,1711.0
2017-10-27 11:04:00,103.93,103.965,103.93,103.95,501.0
2017-10-27 11:05:00,103.91,103.92,103.91,103.9101,444.0
2017-10-27 11:06:00,103.915,103.915,103.87,103.9053,500.0
2017-10-27 11:07:00,103.97,103.98,103.945,103.96,1100.0
2017-10-27 11:08:00,103.75,103.97,103.75,103.97,2353.0
2017-10-27 11:09:00,103.795,103.81,103.77,103.81,300.0
2017-10-27 11:10:00,103.76,103.76,103.76,103.76,400.0
2017-10-27 11:11:00,103.77,103.81,103.77,103.81,300.0
2017-10-27 11:12:00,103.745,103.8,103.74,103.78,1798.0
2017-10-27 11:13:00,103.8,103.8,103.77,103.77,1298.0
2017-10-27 11:14:00,103.89,103.95,103.85,103.85,1000.0
2017-10-27 11:15:00,103.9823,104.04,103.9823,104.04,204.0
2017-10-27 11:16:00,104.0,104.0,104.0,104.0,200.0
2017-10-27 11:17:00,103.98,103.98,103.98,103.98,100.0
2017-10-27 11:18:00,104.03,104.03,103.99,103.99,400.0
2017-10-27 11:19:00,104.0,104.03,104.0,104.02,700.0
2017-10-27 11:20:00,104.015,104.015,104.015,104.015,100.0
2017-10-27 11:22:00,104.14,104.14,104.04,104.04,1669.0
2017-10-27 11:23:00,104.19,104.19,104.1438,104.1438,325.0
2017-10-27 11:24:00,104.08,104.16,104.08,104.16,2301.0
2017-10-27 11:26:00,104.105,104.12,104.08,104.09,951.0
2017-10-27 11:27:00,104.07,104.07,104.07,104.07,100.0
2017-10-27 11:28:00,104.1,104.15,104.1,104.14,1263.0
2017-10-27 11:29:00,103.99,104.08,103.99,104.08,1400.0
2017-10-27 11:30:00,104.02,104.02,104.0,104.0,400.0
2017-10-27 11:31:00,104.07,104.07,104.07,104.07,100.0
2017-10-27 11:32:00,104.05,104.1,104.04,104.07,1202.0
2017-10-27 11:33:00,104.01,104.05,104.01,104.05,501.0
2017-10-27 11:34:00,104.08,104.08,104.03,104.03,1300.0
2017-10-27 11:35:00,104.1,104.1,104.1,104.1,100.0
2017-10-27 11:36:00,104.17,104.17,104.12,104.12,1200.0
2017-10-27 11:37:00,104.19,104.19,104.19,104.19,300.0
2017-10-27 11:38:00,104.1,104.21,104.1,104.21,2117.0
2017-10-27 11:40:00,104.18,104.19,104.13,104.13,1504.0
2017-10-27 11:41:00,104.2,104.21,104.2,104.21,400.0
2017-10-27 11:42:00,104.26,104.26,104.21,104.21,400.0
2017-10-27 11:43:00,104.27,104.27,104.27,104.27,100.0
2017-10-27 11:44:00,104.17,104.22,104.15,104.22,1400.0
2017-10-27 11:46:00,104.17,104.17,104.17,104.17,100.0
2017-10-27 11:47:00,104.14,104.14,104.14,104.14,100.0
2017-10-27 11:48:00,103.96,104.12,103.96,104.12,2102.0
2017-10-27 11:49:00,103.99,104.04,103.975,103.995,4190.0
2017-10-27 11:50:00,103.895,103.97,103.83,103.97,3000.0
2017-10-27 11:51:00,103.96,103.96,103.88,103.89,2720.0
2017-10-27 11:52:00,103.89,103.91,103.89,103.91,300.0
2017-10-27 11:53:00,103.89,103.9,103.87,103.9,800.0
2017-10-27 11:54:00,103.89,103.9,103.85,103.9,1317.0
2017-10-27 11:55:00,103.915,103.95,103.9,103.93,800.0
2017-10-27 11:57:00,103.87,103.945,103.87,103.945,1600.0
2017-10-27 11:58:00,103.89,103.89,103.85,103.85,800.0
2017-10-27 11:59:00,103.93,103.95,103.9,103.9,600.0
2017-10-27 12:00:00,103.93,103.955,103.91,103.95,2900.0
2017-10-27 12:01:00,103.95,103.95,103.95,103.95,581.0
2017-10-27 12:02:00,104.0,104.0,103.98,103.98,500.0
2017-10-27 12:03:00,103.86,103.99,103.86,103.97,2450.0
2017-10-27 12:04:00,103.865,103.9,103.83,103.89,2752.0
2017-10-27 12:05:00,103.82,103.91,103.82,103.865,2149.0
2017-10-27 12:06:00,103.85,103.87,103.85,103.86,1200.0
2017-10-27 12:07:00,103.92,103.92,103.89,103.89,400.0
2017-10-27 12:08:00,103.92,103.92,103.885,103.885,200.0
2017-10-27 12:10:00,103.95,103.95,103.92,103.92,500.0
2017-10-27 12:11:00,103.935,103.97,103.91,103.97,703.0
2017-10-27 12:12:00,104.01,104.01,103.935,103.935,400.0
2017-10-27 12:13:00,103.9277,103.9277,103.9277,103.9277,100.0
2017-10-27 12:14:00,104.03,104.03,104.03,104.03,100.0
2017-10-27 12:15:00,104.14,104.14,104.03,104.03,1214.0
2017-10-27 12:17:00,104.15,104.17,104.13,104.16,1200.0
2017-10-27 12:18:00,104.11,104.14,104.07,104.14,1307.0
2017-10-27 12:20:00,104.09,104.12,104.06,104.12,1301.0
2017-10-27 12:21:00,104.1,104.1,104.09,104.1,400.0
2017-10-27 12:22:00,104.09,104.09,104.07,104.09,700.0
2017-10-27 12:23:00,104.07,104.08,104.07,104.08,300.0
2017-10-27 12:24:00,104.07,104.07,104.07,104.07,100.0
2017-10-27 12:25:00,104.07,104.09,104.07,104.09,200.0
2017-10-27 12:26:00,104.13,104.13,104.06,104.09,900.0
2017-10-27 12:27:00,104.07,104.08,104.07,104.08,800.0
2017-10-27 12:28:00,104.03,104.09,104.03,104.07,1300.0
2017-10-27 12:31:00,104.155,104.155,104.09,104.09,1551.0
2017-10-27 12:32:00,104.1,104.125,104.1,104.125,502.0
2017-10-27 12:33:00,104.125,104.13,104.12,104.12,700.0
2017-10-27 12:34:00,104.19,104.19,104.15,104.15,400.0
2017-10-27 12:35:00,104.19,104.19,104.15,104.15,300.0
2017-10-27 12:36:00,104.18,104.225,104.18,104.2,600.0
2017-10-27 12:38:00,104.23,104.24,104.18,104.22,900.0
2017-10-27 12:39:00,104.28,104.28,104.28,104.28,100.0
2017-10-27 12:40:00,104.33,104.33,104.28,104.28,400.0
2017-10-27 12:41:00,104.34,104.34,104.34,104.34,100.0
2017-10-27 12:42:00,104.35,104.35,104.35,104.35,100.0
2017-10-27 12:43:00,104.325,104.35,104.325,104.35,400.0
2017-10-27 12:44:00,104.36,104.39,104.36,104.36,600.0
2017-10-27 12:45:00,104.395,104.41,104.37,104.37,400.0
2017-10-27 12:46:00,104.2009,104.38,104.2009,104.38,3256.0
2017-10-27 12:47:00,104.19,104.225,104.19,104.21,550.0
2017-10-27 12:48:00,104.29,104.29,104.26,104.26,1300.0
2017-10-27 12:49:00,104.31,104.31,104.31,104.31,100.0
2017-10-27 12:50:00,104.35,104.35,104.35,104.35,100.0
2017-10-27 12:51:00,104.35,104.35,104.34,104.34,397.0
2017-10-27 12:52:00,104.39,104.39,104.37,104.38,400.0
2017-10-27 12:53:00,104.34,104.37,104.33,104.37,1204.0
2017-10-27 12:54:00,104.31,104.33,104.31,104.33,700.0
2017-10-27 12:55:00,104.33,104.33,104.33,104.33,200.0
2017-10-27 12:56:00,104.41,104.41,104.34,104.34,1529.0
2017-10-27 12:57:00,104.46,104.46,104.43,104.43,480.0
2017-10-27 12:58:00,104.38,104.41,104.38,104.41,973.0
2017-10-27 12:59:00,104.41,104.41,104.41,104.41,200.0
2017-10-27 13:00:00,104.47,104.48,104.41,104.43,700.0
2017-10-27 13:01:00,104.475,104.475,104.456,104.456,200.0
2017-10-27 13:02:00,104.46,104.5,104.45,104.48,940.0
2017-10-27 13:03:00,104.42,104.42,104.42,104.42,100.0
2017-10-27 13:04:00,104.45,104.45,104.38,104.445,2027.0
2017-10-27 13:05:00,104.38,104.46,104.38,104.46,1900.0
2017-10-27 13:06:00,104.22,104.35,104.19,104.35,2600.0
2017-10-27 13:07:00,104.28,104.28,104.14,104.17,4046.0
2017-10-27 13:09:00,104.23,104.23,104.23,104.23,200.0
2017-10-27 13:10:00,104.27,104.27,104.27,104.27,100.0
2017-10-27 13:11:00,104.3195,104.3195,104.29,104.29,300.0
2017-10-27 13:13:00,104.28,104.28,104.28,104.28,100.0
2017-10-27 13:14:00,104.295,104.295,104.295,104.295,100.0
2017-10-27 13:15:00,104.33,104.33,104.32,104.32,600.0
2017-10-27 13:16:00,104.3567,104.3567,104.34,104.34,900.0
2017-10-27 13:17:00,104.32,104.33,104.31,104.33,900.0
2017-10-27 13:18:00,104.3,104.34,104.27,104.34,3500.0
2017-10-27 13:22:00,104.329,104.329,104.295,104.295,400.0
2017-10-27 13:23:00,104.25,104.29,104.23,104.29,1603.0
2017-10-27 13:24:00,104.21,104.22,104.21,104.22,300.0
2017-10-27 13:25:00,104.18,104.18,104.18,104.18,100.0
2017-10-27 13:27:00,104.26,104.26,104.2,104.2,608.0
2017-10-27 13:29:00,104.21,104.21,104.18,104.21,600.0
2017-10-27 13:30:00,104.22,104.22,104.22,104.22,100.0
2017-10-27 13:31:00,104.18,104.22,104.18,104.22,600.0
2017-10-27 13:33:00,104.16,104.16,104.16,104.16,500.0
2017-10-27 13:34:00,104.16,104.19,104.14,104.14,1109.0
2017-10-27 13:35:00,104.2,104.2,104.19,104.19,800.0
2017-10-27 13:36:00,104.2,104.2,104.2,104.2,100.0
2017-10-27 13:37:00,104.21,104.21,104.17,104.21,300.0
2017-10-27 13:38:00,104.17,104.17,104.16,104.17,693.0
2017-10-27 13:39:00,104.04,104.18,104.04,104.155,2300.0
2017-10-27 13:40:00,104.02,104.02,104.02,104.02,100.0
2017-10-27 13:42:00,104.07,104.07,104.06,104.06,1000.0
2017-10-27 13:43:00,104.055,104.08,104.055,104.08,200.0
2017-10-27 13:44:00,104.02,104.08,104.02,104.08,700.0
2017-10-27 13:45:00,103.97,104.04,103.97,104.04,1100.0
2017-10-27 13:47:00,104.005,104.005,104.005,104.005,100.0
2017-10-27 13:48:00,103.955,103.99,103.95,103.95,1401.0
2017-10-27 13:49:00,103.83,103.99,103.83,103.99,7385.0
2017-10-27 13:50:00,103.88,103.91,103.8275,103.86,1817.0
2017-10-27 13:51:00,103.9,103.9,103.9,103.9,100.0
2017-10-27 13:52:00,103.84,103.9,103.84,103.9,200.0
2017-10-27 13:53:00,103.82,103.89,103.82,103.89,1000.0
2017-10-27 13:54:00,103.78,103.81,103.78,103.8,1000.0
2017-10-27 13:55:00,103.7,103.78,103.7,103.78,1355.0
2017-10-27 13:56:00,103.77,103.77,103.71,103.71,1922.0
2017-10-27 13:57:00,103.765,103.765,103.765,103.765,100.0
2017-10-27 13:58:00,103.67,103.765,103.585,103.765,1700.0
2017-10-27 13:59:00,103.655,103.66,103.655,103.655,800.0
2017-10-27 14:00:00,103.69,103.73,103.655,103.655,2500.0
2017-10-27 14:01:00,103.69,103.69,103.69,103.69,100.0
2017-10-27 14:02:00,103.69,103.69,103.69,103.69,100.0
2017-10-27 14:03:00,103.65,103.7,103.64,103.7,700.0
2017-10-27 14:04:00,103.58,103.63,103.58,103.63,2001.0
2017-10-27 14:05:00,103.6,103.6,103.6,103.6,100.0
2017-10-27 14:06:00,103.63,103.63,103.6,103.6,200.0
2017-10-27 14:07:00,103.61,103.61,103.58,103.58,200.0
2017-10-27 14:08:00,103.49,103.56,103.44,103.56,4030.0
2017-10-27 14:09:00,103.52,103.52,103.42,103.52,6419.0
2017-10-27 14:10:00,103.52,103.52,103.52,103.52,120.0
2017-10-27 14:11:00,103.72,103.72,103.52,103.53,2200.0
2017-10-27 14:14:00,103.75,103.78,103.735,103.7626,1300.0
2017-10-27 14:15:00,103.79,103.79,103.745,103.745,800.0
2017-10-27 14:16:00,103.77,103.81,103.77,103.81,429.0
2017-10-27 14:17:00,103.85,103.85,103.79899999999999,103.8,1700.0
2017-10-27 14:18:00,103.89,103.89,103.89,103.89,200.0
2017-10-27 14:19:00,103.8486,103.89,103.8486,103.89,200.0
2017-10-27 14:20:00,103.91,103.91,103.89,103.89,600.0
2017-10-27 14:21:00,103.92,103.96,103.92,103.93,500.0
2017-10-27 14:22:00,103.805,103.97,103.805,103.97,2475.0
2017-10-27 14:24:00,103.66,103.79,103.65,103.79,2970.0
2017-10-27 14:25:00,103.65,103.65,103.65,103.65,1089.0
2017-10-27 14:26:00,103.68,103.7,103.66,103.7,800.0
2017-10-27 14:27:00,103.67,103.68,103.67,103.68,200.0
2017-10-27 14:28:00,103.71,103.71,103.64,103.68,500.0
2017-10-27 14:29:00,103.78,103.78,103.71,103.71,900.0
2017-10-27 14:30:00,103.69,103.8,103.68,103.8,1905.0
2017-10-27 14:31:00,103.75,103.75,103.7,103.7,943.0
2017-10-27 14:32:00,103.77,103.78,103.76,103.76,700.0
2017-10-27 14:33:00,103.82,103.86,103.78,103.78,1100.0
2017-10-27 14:34:00,103.87,103.87,103.86,103.86,300.0
2017-10-27 14:35:00,103.86,103.895,103.84,103.895,1620.0
2017-10-27 14:36:00,103.8505,103.88,103.85,103.86,1149.0
2017-10-27 14:37:00,103.86,103.86,103.86,103.86,100.0
2017-10-27 14:38:00,103.81,103.86,103.805,103.86,2300.0
2017-10-27 14:39:00,103.82,103.82,103.8148,103.8148,624.0
2017-10-27 14:40:00,103.86,103.86,103.8301,103.855,2602.0
2017-10-27 14:41:00,103.89,103.89,103.88,103.88,600.0
2017-10-27 14:42:00,103.87,103.89,103.8539,103.89,550.0
2017-10-27 14:43:00,103.85,103.89,103.83,103.89,803.0
2017-10-27 14:44:00,103.8,103.835,103.8,103.835,500.0
2017-10-27 14:45:00,103.81,103.81,103.795,103.795,500.0
2017-10-27 14:46:00,103.79,103.86,103.785,103.81,1900.0
2017-10-27 14:48:00,103.8,103.84,103.8,103.84,200.0
2017-10-27 14:49:00,103.82,103.83,103.81,103.81,300.0
2017-10-27 14:50:00,103.79,103.79,103.79,103.79,736.0
2017-10-27 14:51:00,103.81,103.81,103.78,103.78,800.0
2017-10-27 14:52:00,103.83,103.83,103.815,103.815,300.0
2017-10-27 14:53:00,103.81,103.85,103.81,103.85,1590.0
2017-10-27 14:54:00,103.81,103.82,103.81,103.81,800.0
2017-10-27 14:55:00,103.85,103.85,103.82,103.82,800.0
2017-10-27 14:56:00,103.89,103.9,103.86,103.86,1100.0
2017-10-27 14:57:00,103.88,103.91,103.88,103.89,1042.0
2017-10-27 14:59:00,103.89,103.89,103.87,103.87,1100.0
2017-10-27 15:00:00,103.91,103.91,103.89,103.89,200.0
2017-10-27 15:02:00,103.89,103.89,103.89,103.89,516.0
2017-10-27 15:03:00,103.9,103.92,103.8845,103.8845,1874.0
2017-10-27 15:04:00,103.9,103.91,103.88,103.91,2156.0
2017-10-27 15:05:00,103.87,103.91,103.87,103.9,1303.0
2017-10-27 15:06:00,103.88,103.9,103.87,103.89,1829.0
2017-10-27 15:07:00,103.87,103.9,103.87,103.88,1301.0
2017-10-27 15:08:00,103.89,103.89,103.89,103.89,400.0
2017-10-27 15:09:00,103.84,103.9,103.84,103.87,2501.0
2017-10-27 15:10:00,103.8,103.83,103.79,103.83,699.0
2017-10-27 15:11:00,103.805,103.81,103.78,103.78,1100.0
2017-10-27 15:13:00,103.81,103.81,103.81,103.81,200.0
2017-10-27 15:14:00,103.81,103.81,103.81,103.81,200.0
2017-10-27 15:15:00,103.83,103.84,103.82,103.82,1290.0
2017-10-27 15:17:00,103.86,103.87,103.84,103.84,1200.0
2017-10-27 15:18:00,103.87799999999999,103.88,103.86,103.86,300.0
2017-10-27 15:19:00,103.9,103.9,103.88,103.88,1100.0
2017-10-27 15:20:00,103.89,103.91,103.89,103.9,1795.0
2017-10-27 15:21:00,103.86,103.89,103.86,103.89,1500.0
2017-10-27 15:22:00,103.84,103.9,103.84,103.88,2996.0
2017-10-27 15:23:00,103.88,103.88,103.84,103.84,1400.0
2017-10-27 15:24:00,103.88,103.9,103.8701,103.8701,765.0
2017-10-27 15:25:00,103.88,103.92,103.85,103.89,4443.0
2017-10-27 15:26:00,103.88,103.88,103.85,103.85,1743.0
2017-10-27 15:27:00,103.89,103.89,103.88,103.88,600.0
2017-10-27 15:28:00,103.89,103.9,103.88,103.9,2003.0
2017-10-27 15:29:00,103.89,103.8963,103.885,103.8963,2606.0
2017-10-27 15:30:00,103.88,103.895,103.87,103.895,2803.0
2017-10-27 15:31:00,103.88,103.91,103.87,103.87,3304.0
2017-10-27 15:32:00,103.87,103.88,103.86,103.88,1016.0
2017-10-27 15:33:00,103.85,103.88,103.85,103.8724,1586.0
2017-10-27 15:34:00,103.89,103.92,103.85,103.86,3666.0
2017-10-27 15:35:00,103.925,103.925,103.9,103.91,900.0
2017-10-27 15:36:00,103.9,103.94,103.875,103.925,6310.0
2017-10-27 15:37:00,103.89,103.92,103.89,103.9,1210.0
2017-10-27 15:38:00,103.89,103.91,103.88,103.9,1608.0
2017-10-27 15:39:00,103.91,103.91,103.89,103.89,750.0
2017-10-27 15:40:00,103.98,103.98,103.91,103.91,3008.0
2017-10-27 15:41:00,103.93,103.97,103.93,103.97,3777.0
2017-10-27 15:42:00,103.98,103.98,103.95,103.95,1824.0
2017-10-27 15:43:00,103.99,103.99,103.95,103.98,3620.0
2017-10-27 15:44:00,104.04,104.07,103.99,103.99,3235.0
2017-10-27 15:45:00,104.03,104.05,104.01,104.05,3914.0
2017-10-27 15:46:00,104.02,104.05,104.02,104.04,6000.0
2017-10-27 15:47:00,104.03,104.05,104.03,104.03,2058.0
2017-10-27 15:48:00,104.05,104.06,104.03,104.03,3377.0
2017-10-27 15:49:00,104.1,104.1,104.06,104.06,2726.0
2017-10-27 15:50:00,104.19,104.24,104.09,104.09,6129.0
2017-10-27 15:51:00,104.13,104.245,104.12,104.2,9332.0
2017-10-27 15:52:00,104.1232,104.14,104.1232,104.14,215.0
2017-10-27 15:53:00,104.11,104.11,104.07,104.11,4813.0
2017-10-27 15:54:00,104.09,104.1,104.06,104.09,4965.0
2017-10-27 15:55:00,104.1,104.1,104.06,104.09,3489.0
2017-10-27 15:56:00,104.1,104.12,104.06,104.1,4835.0
2017-10-27 15:57:00,104.05,104.11,104.02,104.11,6047.0
2017-10-27 15:58:00,104.08,104.08,104.0,104.05,8146.0
2017-10-27 15:59:00,104.11,104.11,104.05,104.08,7903.0
2017-10-27 16:00:00,104.26,104.26,104.1,104.1099,29305.0
2017-10-30 09:30:00,103.93,103.93,103.93,103.93,2920.0
2017-10-30 09:31:00,103.91,103.93,103.9,103.93,700.0
2017-10-30 09:32:00,103.91,104.16,103.9,104.025,4548.0
2017-10-30 09:33:00,103.95,103.99,103.85,103.91,2599.0
2017-10-30 09:34:00,103.82,103.97,103.81,103.89,1909.0
2017-10-30 09:35:00,103.85,104.07,103.85,103.94,2050.0
2017-10-30 09:36:00,104.14,104.14,103.83,103.9,7912.0
2017-10-30 09:37:00,104.07,104.13,104.0,104.13,3748.0
2017-10-30 09:39:00,104.16,104.16,104.16,104.16,338.0
2017-10-30 09:40:00,104.07,104.07,104.07,104.07,100.0
2017-10-30 09:41:00,104.06,104.08,103.94,104.08,3030.0
2017-10-30 09:42:00,104.06,104.06,104.06,104.06,100.0
2017-10-30 09:43:00,104.14,104.14,104.08,104.08,400.0
2017-10-30 09:44:00,104.195,104.195,104.08,104.08,905.0
2017-10-30 09:46:00,104.23,104.23,104.17,104.2,2400.0
2017-10-30 09:47:00,104.19,104.19,104.15,104.17,2600.0
2017-10-30 09:49:00,104.23,104.23,104.2,104.21,900.0
2017-10-30 09:50:00,104.24,104.24,104.23,104.23,300.0
2017-10-30 09:51:00,104.13,104.16,104.08,104.16,2900.0
2017-10-30 09:52:00,104.15,104.19,104.1,104.1,1800.0
2017-10-30 09:54:00,104.19,104.19,104.15,104.15,500.0
2017-10-30 09:57:00,104.07,104.17,104.04,104.17,3300.0
2017-10-30 09:58:00,104.2,104.2,104.1,104.11,400.0
2017-10-30 10:01:00,104.16,104.21,104.16,104.21,200.0
2017-10-30 10:02:00,104.24,104.25,104.12,104.15,3494.0
2017-10-30 10:04:00,104.27,104.27,104.18,104.21,3000.0
2017-10-30 10:05:00,104.28,104.28,104.28,104.28,100.0
2017-10-30 10:06:00,104.34,104.34,104.27,104.29,900.0
2017-10-30 10:07:00,104.38,104.4,104.34,104.36,2500.0
2017-10-30 10:08:00,104.35,104.37,104.34,104.37,500.0
2017-10-30 10:09:00,104.38,104.38,104.38,104.38,139.0
2017-10-30 10:10:00,104.41,104.43,104.41,104.42,300.0
2017-10-30 10:11:00,104.45,104.45,104.39,104.41,1400.0
2017-10-30 10:12:00,104.41,104.5,104.41,104.46,1700.0
2017-10-30 10:13:00,104.34,104.47,104.34,104.41,1115.0
2017-10-30 10:14:00,104.46,104.47,104.39,104.39,800.0
2017-10-30 10:15:00,104.5,104.5,104.3931,104.49,400.0
2017-10-30 10:16:00,104.6,104.6,104.52,104.52,1126.0
2017-10-30 10:18:00,104.6,104.6,104.6,104.6,100.0
2017-10-30 10:19:00,104.58,104.6,104.53,104.56,2848.0
2017-10-30 10:20:00,104.75,104.77,104.56,104.58,4722.0
2017-10-30 10:21:00,104.87,104.87,104.75,104.75,700.0
2017-10-30 10:22:00,104.9,104.9,104.87,104.87,400.0
2017-10-30 10:23:00,104.77,104.86,104.77,104.86,2264.0
2017-10-30 10:24:00,104.77,104.77,104.66,104.76,2128.0
2017-10-30 10:25:00,104.73,104.73,104.73,104.73,100.0
2017-10-30 10:26:00,104.69,104.74,104.69,104.725,899.0
2017-10-30 10:27:00,104.66,104.68,104.6,104.68,1700.0
2017-10-30 10:28:00,104.62799999999999,104.62799999999999,104.62799999999999,104.62799999999999,100.0
2017-10-30 10:29:00,104.65,104.65,104.58,104.625,1020.0
2017-10-30 10:30:00,104.61,104.64,104.61,104.64,400.0
2017-10-30 10:31:00,104.73,104.73,104.65,104.65,1200.0
2017-10-30 10:32:00,104.67,104.72,104.64,104.72,1946.0
2017-10-30 10:33:00,104.66,104.66,104.66,104.66,100.0
2017-10-30 10:35:00,104.64,104.82,104.62,104.635,3238.0
2017-10-30 10:36:00,104.8,104.8,104.69,104.69,1600.0
2017-10-30 10:37:00,104.81,104.81,104.81,104.81,200.0
2017-10-30 10:38:00,104.81,104.82,104.81,104.81,400.0
2017-10-30 10:39:00,104.91,104.91,104.82,104.82,1400.0
2017-10-30 10:40:00,104.89,104.89,104.82,104.86,2533.0
2017-10-30 10:41:00,104.77,104.82,104.74,104.82,2100.0
2017-10-30 10:42:00,104.74,104.77,104.74,104.76,800.0
2017-10-30 10:43:00,104.81,104.81,104.77,104.77,1179.0
2017-10-30 10:44:00,104.86,104.86,104.82,104.82,600.0
2017-10-30 10:45:00,104.84,104.85,104.84,104.84,500.0
2017-10-30 10:46:00,104.88,104.9,104.82,104.83,4406.0
2017-10-30 10:47:00,104.94,104.94,104.87,104.87,800.0
2017-10-30 10:48:00,104.87,104.9,104.87,104.89,1699.0
2017-10-30 10:49:00,104.94,104.97,104.91,104.91,3000.0
2017-10-30 10:50:00,104.88,104.97,104.86,104.97,5100.0
2017-10-30 10:51:00,104.89,104.93,104.88,104.88,428.0
2017-10-30 10:52:00,104.85,104.88,104.84,104.88,1400.0
2017-10-30 10:53:00,104.79,104.79,104.79,104.79,100.0
2017-10-30 10:54:00,104.91,104.92,104.84,104.84,1050.0
2017-10-30 10:55:00,104.83,104.91,104.82,104.91,2500.0
2017-10-30 10:56:00,104.9,104.9,104.83,104.83,745.0
2017-10-30 10:57:00,104.96,104.96,104.92,104.92,200.0
2017-10-30 10:58:00,104.93,104.97,104.88,104.91,1900.0
2017-10-30 10:59:00,104.92,104.97,104.92,104.94,948.0
2017-10-30 11:00:00,104.93,104.94,104.93,104.93,500.0
2017-10-30 11:01:00,104.88,104.91,104.88,104.9,634.0
2017-10-30 11:02:00,104.876,104.895,104.876,104.88,770.0
2017-10-30 11:03:00,104.93,104.94,104.85,104.86,1500.0
2017-10-30 11:04:00,105.07,105.07,104.98,104.98,3102.0
2017-10-30 11:05:00,105.07,105.07,105.07,105.07,600.0
2017-10-30 11:06:00,105.05,105.08,105.02,105.08,2100.0
2017-10-30 11:07:00,105.08,105.08,105.05,105.05,700.0
2017-10-30 11:08:00,105.16,105.16,105.11,105.11,507.0
2017-10-30 11:09:00,105.19,105.19,105.19,105.19,300.0
2017-10-30 11:10:00,105.16,105.185,105.15,105.16,2049.0
2017-10-30 11:11:00,105.2,105.2,105.175,105.175,200.0
2017-10-30 11:12:00,105.21,105.21,105.2,105.2,812.0
2017-10-30 11:13:00,105.22,105.22,105.18,105.18,3194.0
2017-10-30 11:14:00,105.27,105.27,105.23,105.23,700.0
2017-10-30 11:15:00,105.36,105.36,105.255,105.255,4300.0
2017-10-30 11:16:00,105.26,105.355,105.25,105.34,6750.0
2017-10-30 11:17:00,105.31,105.31,105.255,105.26,2422.0
2017-10-30 11:18:00,105.31,105.35,105.28,105.32,2280.0
2017-10-30 11:19:00,105.37,105.4,105.32,105.32,1101.0
2017-10-30 11:20:00,105.31,105.42,105.31,105.39,4145.0
2017-10-30 11:21:00,105.34,105.34,105.29,105.29,600.0
2017-10-30 11:22:00,105.32,105.32,105.27,105.28,2630.0
2017-10-30 11:23:00,105.2,105.28,105.16,105.28,1700.0
2017-10-30 11:24:00,105.21,105.23,105.18,105.23,1100.0
2017-10-30 11:25:00,105.24,105.24,105.19,105.19,1521.0
2017-10-30 11:26:00,105.2,105.26,105.17,105.2301,6010.0
2017-10-30 11:27:00,105.25,105.25,105.18,105.18,200.0
2017-10-30 11:28:00,105.21,105.21,105.2,105.21,300.0
2017-10-30 11:29:00,105.23,105.235,105.22,105.23,800.0
2017-10-30 11:30:00,105.3,105.3,105.24,105.24,1650.0
2017-10-30 11:31:00,105.28,105.3,105.26,105.3,4648.0
2017-10-30 11:32:00,105.2,105.275,105.2,105.275,4233.0
2017-10-30 11:33:00,105.08,105.2,105.07,105.2,2607.0
2017-10-30 11:34:00,105.05,105.05,105.05,105.05,100.0
2017-10-30 11:35:00,105.05,105.07,105.03,105.04,1950.0
2017-10-30 11:36:00,105.02,105.045,104.97,105.03,4332.0
2017-10-30 11:37:00,105.04,105.04,105.03,105.03,550.0
2017-10-30 11:38:00,104.96,105.04,104.96,105.04,5000.0
2017-10-30 11:39:00,104.98,104.98,104.95,104.95,2422.0
2017-10-30 11:40:00,105.03,105.03,104.975,104.975,1100.0
2017-10-30 11:41:00,105.12,105.12,104.975,104.98,6216.0
2017-10-30 11:42:00,105.18,105.18,105.12,105.12,1000.0
2017-10-30 11:43:00,105.12,105.165,105.11,105.13,1582.0
2017-10-30 11:44:00,105.38,105.385,105.16,105.16,3758.0
2017-10-30 11:45:00,105.29,105.335,105.25,105.3,2499.0
2017-10-30 11:46:00,105.24,105.25,105.2,105.25,1500.0
2017-10-30 11:47:00,105.27,105.27,105.21,105.23,600.0
2017-10-30 11:48:00,105.22,105.22,105.17,105.17,300.0
2017-10-30 11:49:00,105.16,105.19,105.16,105.19,800.0
2017-10-30 11:50:00,105.19,105.19,105.16,105.16,1136.0
2017-10-30 11:51:00,105.17,105.21,105.15,105.21,1400.0
2017-10-30 11:52:00,105.22,105.22,105.19,105.19,700.0
2017-10-30 11:53:00,105.23,105.24,105.16,105.17,7277.0
2017-10-30 11:54:00,105.19,105.34,105.19,105.24,2700.0
2017-10-30 11:55:00,105.16,105.215,105.16,105.21,1100.0
2017-10-30 11:56:00,105.23,105.23,105.19,105.19,500.0
2017-10-30 11:57:00,105.27,105.27,105.26,105.26,400.0
2017-10-30 11:58:00,105.26,105.29,105.26,105.29,300.0
2017-10-30 11:59:00,105.245,105.245,105.245,105.245,100.0
2017-10-30 12:01:00,105.29,105.315,105.27,105.31,2075.0
2017-10-30 12:02:00,105.34,105.34,105.3027,105.32,900.0
2017-10-30 12:03:00,105.37,105.37,105.34,105.34,400.0
2017-10-30 12:04:00,105.37,105.37,105.37,105.37,100.0
2017-10-30 12:05:00,105.27,105.37,105.27,105.37,5360.0
2017-10-30 12:06:00,105.26,105.28,105.2,105.28,2290.0
2017-10-30 12:07:00,105.16,105.24,105.16,105.24,2436.0
2017-10-30 12:08:00,105.06,105.13,105.06,105.13,1100.0
2017-10-30 12:09:00,105.12,105.15,105.09,105.09,2063.0
2017-10-30 12:11:00,104.96,105.149,104.96,105.149,1600.0
2017-10-30 12:12:00,104.985,105.01,104.97,104.97,300.0
2017-10-30 12:13:00,104.93,104.985,104.83,104.97,3916.0
2017-10-30 12:14:00,104.9,104.91,104.88,104.91,800.0
2017-10-30 12:15:00,104.84,104.9,104.83,104.865,600.0
2017-10-30 12:16:00,104.71,104.84,104.71,104.84,2450.0
2017-10-30 12:17:00,104.66,104.72,104.66,104.71,2200.0
2017-10-30 12:18:00,104.43,104.65,104.43,104.65,1400.0
2017-10-30 12:19:00,104.475,104.5,104.43,104.43,600.0
2017-10-30 12:20:00,104.64,104.64,104.46,104.47,4400.0
2017-10-30 12:21:00,104.71,104.71,104.66,104.66,949.0
2017-10-30 12:22:00,104.61,104.7,104.55,104.7,1900.0
2017-10-30 12:25:00,104.52,104.65,104.52,104.65,1582.0
2017-10-30 12:26:00,104.505,104.51,104.505,104.51,800.0
2017-10-30 12:27:00,104.53,104.53,104.47,104.47,1493.0
2017-10-30 12:28:00,104.48,104.5,104.48,104.5,1716.0
2017-10-30 12:29:00,104.5,104.51,104.45,104.47,1600.0
2017-10-30 12:30:00,104.48,104.52,104.48,104.5,696.0
2017-10-30 12:31:00,104.45,104.47,104.45,104.46,1302.0
2017-10-30 12:33:00,104.35,104.39,104.26,104.39,3600.0
2017-10-30 12:35:00,104.14,104.28,104.115,104.28,1500.0
2017-10-30 12:36:00,104.16,104.21,104.14,104.14,460.0
2017-10-30 12:37:00,104.22,104.22,104.14,104.15,1600.0
2017-10-30 12:38:00,104.18,104.22,104.15,104.21,1100.0
2017-10-30 12:39:00,104.25,104.25,104.25,104.25,100.0
2017-10-30 12:40:00,104.12,104.21,104.12,104.21,1000.0
2017-10-30 12:41:00,104.07,104.14,104.07,104.08,300.0
2017-10-30 12:42:00,104.09,104.12,104.06,104.1,3144.0
2017-10-30 12:43:00,104.08,104.105,104.08,104.105,200.0
2017-10-30 12:44:00,104.11,104.13,104.1,104.13,1351.0
2017-10-30 12:45:00,104.11,104.11,104.11,104.11,100.0
2017-10-30 12:46:00,104.09,104.16,104.09,104.15,2000.0
2017-10-30 12:47:00,104.06,104.09,104.06,104.09,734.0
2017-10-30 12:48:00,104.09,104.14,104.09,104.105,500.0
2017-10-30 12:49:00,104.15,104.15,104.08,104.08,300.0
2017-10-30 12:50:00,104.19,104.19,104.135,104.135,2724.0
2017-10-30 12:51:00,104.2175,104.2175,104.2,104.2,750.0
2017-10-30 12:52:00,104.22,104.22,104.22,104.22,100.0
2017-10-30 12:53:00,104.25,104.25,104.22,104.24,900.0
2017-10-30 12:54:00,104.26,104.27,104.25,104.27,1800.0
2017-10-30 12:55:00,104.32,104.32,104.28,104.28,600.0
2017-10-30 12:56:00,104.31,104.33,104.31,104.33,714.0
2017-10-30 12:57:00,104.3,104.3,104.3,104.3,800.0
2017-10-30 12:58:00,104.29,104.32,104.29,104.32,350.0
2017-10-30 12:59:00,104.31,104.335,104.31,104.31,2071.0
2017-10-30 13:00:00,104.34,104.34,104.315,104.315,400.0
2017-10-30 13:01:00,104.36,104.38,104.35,104.35,1000.0
2017-10-30 13:02:00,104.42,104.42,104.37,104.37,900.0
2017-10-30 13:04:00,104.48,104.48,104.48,104.48,100.0
2017-10-30 13:05:00,104.5,104.52,104.5,104.52,300.0
2017-10-30 13:06:00,104.52,104.52,104.49,104.5,1700.0
2017-10-30 13:07:00,104.55,104.55,104.53,104.53,300.0
2017-10-30 13:08:00,104.505,104.53,104.5,104.52,1100.0
2017-10-30 13:09:00,104.54,104.54,104.54,104.54,300.0
2017-10-30 13:10:00,104.55,104.55,104.5,104.53,1900.0
2017-10-30 13:11:00,104.56,104.56,104.55,104.55,700.0
2017-10-30 13:12:00,104.56,104.58,104.56,104.57,800.0
2017-10-30 13:14:00,104.58,104.58,104.57,104.57,800.0
2017-10-30 13:15:00,104.59,104.59,104.56,104.56,1300.0
2017-10-30 13:16:00,104.59,104.59,104.59,104.59,100.0
2017-10-30 13:17:00,104.62,104.63,104.6,104.6,1800.0
2017-10-30 13:18:00,104.66,104.67,104.64,104.64,3176.0
2017-10-30 13:19:00,104.62,104.66,104.62,104.66,883.0
2017-10-30 13:20:00,104.7,104.7,104.65,104.65,500.0
2017-10-30 13:21:00,104.66,104.69,104.63,104.69,1800.0
2017-10-30 13:23:00,104.545,104.64,104.545,104.62,2951.0
2017-10-30 13:24:00,104.64,104.64,104.59,104.59,845.0
2017-10-30 13:25:00,104.67,104.67,104.655,104.655,300.0
2017-10-30 13:26:00,104.63,104.67,104.63,104.67,500.0
2017-10-30 13:27:00,104.59,104.59,104.59,104.59,100.0
2017-10-30 13:29:00,104.62,104.64,104.61,104.64,1400.0
2017-10-30 13:30:00,104.615,104.65,104.61,104.62,1007.0
2017-10-30 13:31:00,104.67,104.67,104.66,104.66,300.0
2017-10-30 13:32:00,104.6699,104.6699,104.6699,104.6699,299.0
2017-10-30 13:33:00,104.65,104.65,104.65,104.65,100.0
2017-10-30 13:34:00,104.71,104.71,104.67,104.67,1413.0
2017-10-30 13:35:00,104.685,104.685,104.685,104.685,100.0
2017-10-30 13:36:00,104.55,104.685,104.55,104.66,2800.0
2017-10-30 13:37:00,104.55,104.58,104.55,104.57,1100.0
2017-10-30 13:39:00,104.61,104.61,104.61,104.61,100.0
2017-10-30 13:40:00,104.55,104.55,104.5,104.55,1100.0
2017-10-30 13:41:00,104.5536,104.5536,104.5536,104.5536,100.0
2017-10-30 13:42:00,104.56,104.57,104.54,104.54,1461.0
2017-10-30 13:43:00,104.6,104.6,104.57,104.57,2369.0
2017-10-30 13:44:00,104.55,104.62,104.55,104.61,1300.0
2017-10-30 13:45:00,104.54,104.54,104.54,104.54,100.0
2017-10-30 13:46:00,104.5543,104.5544,104.55,104.55,400.0
2017-10-30 13:47:00,104.6,104.6,104.57,104.57,800.0
2017-10-30 13:48:00,104.61,104.61,104.61,104.61,200.0
2017-10-30 13:49:00,104.65,104.65,104.62,104.62,600.0
2017-10-30 13:50:00,104.65,104.65,104.625,104.625,500.0
2017-10-30 13:51:00,104.67,104.67,104.67,104.67,100.0
2017-10-30 13:52:00,104.62,104.67,104.62,104.6471,1825.0
2017-10-30 13:53:00,104.61,104.61,104.58,104.59,400.0
2017-10-30 13:54:00,104.59,104.63,104.59,104.62,911.0
2017-10-30 13:55:00,104.54,104.62,104.52,104.62,1400.0
2017-10-30 13:56:00,104.55,104.55,104.55,104.55,100.0
2017-10-30 13:57:00,104.51,104.54,104.51,104.54,726.0
2017-10-30 13:58:00,104.46,104.52,104.46,104.52,1000.0
2017-10-30 13:59:00,104.435,104.46,104.4,104.46,1185.0
2017-10-30 14:00:00,104.42,104.46,104.4,104.42,1500.0
2017-10-30 14:02:00,104.39,104.41,104.39,104.41,900.0
2017-10-30 14:03:00,104.4,104.41,104.39,104.39,801.0
2017-10-30 14:04:00,104.41,104.42,104.41,104.41,573.0
2017-10-30 14:05:00,104.45,104.45,104.43,104.43,300.0
2017-10-30 14:06:00,104.58,104.91,104.47,104.47,35312.0
2017-10-30 14:07:00,104.52,104.58,104.52,104.58,600.0
2017-10-30 14:08:00,104.56,104.57,104.52,104.53,3900.0
2017-10-30 14:09:00,104.58,104.61,104.56,104.56,1590.0
2017-10-30 14:10:00,104.69,104.69,104.5886,104.5886,314.0
2017-10-30 14:11:00,104.895,104.895,104.74,104.74,1148.0
2017-10-30 14:12:00,104.82,104.89,104.78,104.89,2300.0
2017-10-30 14:13:00,104.82,104.82,104.8,104.8,500.0
2017-10-30 14:14:00,104.83,104.83,104.83,104.83,1557.0
2017-10-30 14:16:00,104.88,104.88,104.805,104.805,600.0
2017-10-30 14:17:00,104.88,104.89,104.88,104.89,300.0
2017-10-30 14:18:00,104.9,104.9,104.8802,104.8802,200.0
2017-10-30 14:19:00,104.85,104.885,104.8101,104.86,3750.0
2017-10-30 14:20:00,104.87,104.87,104.85,104.85,864.0
2017-10-30 14:21:00,104.84,104.875,104.84,104.875,600.0
2017-10-30 14:22:00,104.93,104.94,104.86,104.86,2347.0
2017-10-30 14:23:00,104.94,104.94,104.94,104.94,102.0
2017-10-30 14:24:00,104.94,104.945,104.88,104.93,3155.0
2017-10-30 14:25:00,104.95,104.95,104.95,104.95,100.0
2017-10-30 14:26:00,104.9,104.9,104.9,104.9,100.0
2017-10-30 14:27:00,104.9,104.92,104.89,104.9,800.0
2017-10-30 14:28:00,104.89,104.91,104.89,104.91,1508.0
2017-10-30 14:29:00,104.9,104.9,104.88,104.88,1400.0
2017-10-30 14:30:00,104.88,104.89,104.86,104.88,1400.0
2017-10-30 14:31:00,104.88,104.91,104.88,104.9,900.0
2017-10-30 14:32:00,104.82,104.86,104.82,104.85,1300.0
2017-10-30 14:33:00,104.81,104.81,104.81,104.81,100.0
2017-10-30 14:34:00,104.89,104.89,104.86,104.86,1100.0
2017-10-30 14:35:00,104.91,104.91,104.91,104.91,200.0
2017-10-30 14:36:00,104.91,104.91,104.9,104.9,728.0
2017-10-30 14:37:00,104.89,104.93,104.89,104.92,1947.0
2017-10-30 14:38:00,104.895,104.895,104.895,104.895,100.0
2017-10-30 14:39:00,104.93,104.93,104.895,104.895,800.0
2017-10-30 14:40:00,104.93,104.93,104.93,104.93,200.0
2017-10-30 14:41:00,104.89,104.94,104.89,104.94,1751.0
2017-10-30 14:42:00,104.93,104.93,104.9,104.9,1100.0
2017-10-30 14:43:00,104.88,104.93,104.88,104.915,721.0
2017-10-30 14:45:00,104.92,104.92,104.9,104.9,200.0
2017-10-30 14:46:00,104.89,104.92,104.89,104.92,500.0
2017-10-30 14:47:00,104.89,104.9,104.88,104.9,2800.0
2017-10-30 14:48:00,104.88,104.88,104.865,104.87,1600.0
2017-10-30 14:49:00,104.9,104.9,104.89,104.89,250.0
2017-10-30 14:51:00,104.92,104.92,104.91,104.91,900.0
2017-10-30 14:52:00,104.92,104.92,104.91,104.92,950.0
2017-10-30 14:53:00,104.98,104.98,104.94,104.94,850.0
2017-10-30 14:54:00,104.941,104.98,104.941,104.95,680.0
2017-10-30 14:55:00,104.97,104.97,104.94,104.94,2833.0
2017-10-30 14:56:00,104.95,104.97,104.94,104.96,1700.0
2017-10-30 14:57:00,104.98,104.98,104.97,104.97,883.0
2017-10-30 14:58:00,104.93,104.96,104.93,104.96,1871.0
2017-10-30 14:59:00,104.95,104.96,104.95,104.95,577.0
2017-10-30 15:00:00,104.95,104.97,104.93,104.97,1400.0
2017-10-30 15:01:00,104.94,104.96,104.92,104.93,1510.0
2017-10-30 15:02:00,104.97,104.97,104.96,104.96,737.0
2017-10-30 15:03:00,104.98,104.98,104.96,104.96,300.0
2017-10-30 15:04:00,104.94,104.98,104.94,104.98,2797.0
2017-10-30 15:05:00,104.97,104.97,104.93,104.93,1100.0
2017-10-30 15:06:00,104.98,104.98,104.94,104.96,500.0
2017-10-30 15:07:00,104.96,104.975,104.95,104.975,1749.0
2017-10-30 15:08:00,104.96,104.97,104.95,104.97,500.0
2017-10-30 15:09:00,105.08,105.09,104.97,104.97,2300.0
2017-10-30 15:10:00,105.08,105.105,105.06,105.1,2940.0
2017-10-30 15:11:00,105.04,105.07,105.04,105.05,4590.0
2017-10-30 15:12:00,105.05,105.05,105.04,105.04,900.0
2017-10-30 15:13:00,104.99,105.04,104.98,105.04,2705.0
2017-10-30 15:14:00,104.9,104.98,104.9,104.98,1400.0
2017-10-30 15:15:00,104.9,104.92,104.9,104.92,200.0
2017-10-30 15:16:00,104.815,104.93,104.81,104.92,4700.0
2017-10-30 15:17:00,104.77,104.81,104.75,104.8,1100.0
2017-10-30 15:18:00,104.76,104.81,104.74,104.74,2100.0
2017-10-30 15:19:00,104.77,104.79,104.75,104.79,2400.0
2017-10-30 15:20:00,104.78,104.78,104.75,104.75,1700.0
2017-10-30 15:21:00,104.76,104.7783,104.75,104.75,2265.0
2017-10-30 15:22:00,104.71,104.75,104.71,104.74,1400.0
2017-10-30 15:23:00,104.75,104.75,104.72,104.72,1700.0
2017-10-30 15:24:00,104.77,104.77,104.751,104.76,1400.0
2017-10-30 15:25:00,104.75,104.77,104.73,104.77,2900.0
2017-10-30 15:26:00,104.75,104.78,104.75,104.77,2217.0
2017-10-30 15:27:00,104.76,104.77,104.76,104.76,1800.0
2017-10-30 15:28:00,104.75,104.76,104.75,104.76,800.0
2017-10-30 15:29:00,104.81,104.81,104.77,104.77,2869.0
2017-10-30 15:30:00,104.84,104.84,104.81,104.81,850.0
2017-10-30 15:31:00,104.82,104.84,104.82,104.84,3700.0
2017-10-30 15:32:00,104.82,104.82,104.81,104.82,1300.0
2017-10-30 15:33:00,104.81,104.82,104.79,104.82,5361.0
2017-10-30 15:34:00,104.8,104.84,104.8,104.82,4520.0
2017-10-30 15:35:00,104.8,104.815,104.8,104.81,2300.0
2017-10-30 15:36:00,104.79,104.8,104.79,104.8,3300.0
2017-10-30 15:37:00,104.74,104.78,104.74,104.78,3700.0
2017-10-30 15:38:00,104.77,104.77,104.74,104.74,4037.0
2017-10-30 15:39:00,104.77,104.77,104.75,104.76,3580.0
2017-10-30 15:40:00,104.87,104.885,104.77,104.77,4863.0
2017-10-30 15:41:00,104.92,104.96,104.89,104.89,5300.0
2017-10-30 15:42:00,104.93,104.93,104.91,104.92,700.0
2017-10-30 15:43:00,104.89,104.92,104.89,104.91,7490.0
2017-10-30 15:44:00,104.86,104.89,104.85,104.89,3703.0
2017-10-30 15:45:00,104.94,104.95,104.85,104.85,7126.0
2017-10-30 15:46:00,105.025,105.075,104.91,104.94,12693.0
2017-10-30 15:47:00,105.06,105.06,105.01,105.025,5400.0
2017-10-30 15:48:00,105.1,105.1,105.04,105.07,6489.0
2017-10-30 15:49:00,105.08,105.1,105.07,105.1,3900.0
2017-10-30 15:50:00,105.07,105.09,105.03,105.08,6119.0
2017-10-30 15:51:00,105.03,105.07,105.03,105.07,3900.0
2017-10-30 15:52:00,105.02,105.04,104.97,105.03,5425.0
2017-10-30 15:53:00,105.07,105.08,105.02,105.02,4329.0
2017-10-30 15:54:00,105.11,105.11,105.08,105.08,2977.0
2017-10-30 15:55:00,105.09,105.12,105.07,105.11,8788.0
2017-10-30 15:56:00,105.09,105.11,105.08,105.11,2900.0
2017-10-30 15:57:00,105.01,105.1,105.01,105.1,14800.0
2017-10-30 15:58:00,105.03,105.07,105.01,105.02,9622.0
2017-10-30 15:59:00,104.97,105.02,104.94,105.01,9102.0
2017-10-30 16:00:00,104.93,105.01,104.93,104.97,22001.0
2017-10-31 09:30:00,105.05,105.05,105.05,105.05,3084.0
2017-10-31 09:31:00,104.97,104.97,104.97,104.97,200.0
2017-10-31 09:32:00,104.74,104.75,104.74,104.75,400.0
2017-10-31 09:33:00,104.52,104.52,104.52,104.52,100.0
2017-10-31 09:34:00,104.51,104.51,104.51,104.51,100.0
2017-10-31 09:36:00,104.37,104.7199,104.36,104.7199,4810.0
2017-10-31 09:37:00,104.51,104.51,104.51,104.51,100.0
2017-10-31 09:38:00,104.51,104.78,104.46,104.48,3329.0
2017-10-31 09:39:00,104.5208,104.64,104.43,104.52,5597.0
2017-10-31 09:40:00,104.5,104.5,104.47,104.485,701.0
2017-10-31 09:41:00,104.62,104.62,104.55,104.55,1506.0
2017-10-31 09:42:00,104.48,104.52,104.48,104.52,400.0
2017-10-31 09:43:00,104.335,104.44,104.26,104.44,1600.0
2017-10-31 09:44:00,104.475,104.58,104.42,104.42,900.0
2017-10-31 09:45:00,104.44,104.45,104.39,104.45,498.0
2017-10-31 09:46:00,104.4305,104.4305,104.4305,104.4305,300.0
2017-10-31 09:48:00,104.42,104.42,104.29,104.38,1558.0
2017-10-31 09:49:00,104.29,104.29,104.26,104.29,1305.0
2017-10-31 09:52:00,104.36,104.42,104.25,104.28,2532.0
2017-10-31 09:53:00,104.27,104.28,104.27,104.28,500.0
2017-10-31 09:55:00,104.29,104.29,104.29,104.29,100.0
2017-10-31 09:56:00,104.16,104.32,104.08,104.32,1838.0
2017-10-31 09:57:00,104.05,104.05,104.05,104.05,700.0
2017-10-31 09:58:00,104.1,104.1,104.05,104.06,1300.0
2017-10-31 09:59:00,104.11,104.11,104.11,104.11,100.0
2017-10-31 10:01:00,104.1,104.1,104.1,104.1,100.0
2017-10-31 10:02:00,104.06,104.13,104.03,104.12,2000.0
2017-10-31 10:03:00,104.05,104.05,104.0,104.02,500.0
2017-10-31 10:04:00,104.01,104.08,104.01,104.06,1000.0
2017-10-31 10:05:00,104.06,104.07,104.035,104.05,1788.0
2017-10-31 10:06:00,103.99,104.05,103.99,104.05,1100.0
2017-10-31 10:07:00,104.06,104.06,104.03,104.03,700.0
2017-10-31 10:09:00,104.05,104.05,104.05,104.05,100.0
2017-10-31 10:10:00,103.97,104.02,103.97,104.02,900.0
2017-10-31 10:11:00,103.78,103.95,103.75,103.95,2050.0
2017-10-31 10:12:00,103.85,103.94,103.69,103.83,3207.0
2017-10-31 10:13:00,103.82,103.82,103.82,103.82,100.0
2017-10-31 10:14:00,103.7,103.8367,103.7,103.8367,525.0
2017-10-31 10:15:00,103.73,103.73,103.72,103.72,400.0
2017-10-31 10:16:00,103.73,103.73,103.7,103.7,300.0
2017-10-31 10:17:00,103.87,103.87,103.82,103.82,650.0
2017-10-31 10:18:00,103.77,103.8,103.77,103.8,300.0
2017-10-31 10:19:00,103.79,103.82,103.78,103.82,1000.0
2017-10-31 10:20:00,103.77,103.77,103.77,103.77,100.0
2017-10-31 10:21:00,103.735,103.76,103.7,103.76,2300.0
2017-10-31 10:22:00,103.8,103.81,103.73,103.735,2399.0
2017-10-31 10:23:00,103.775,103.82,103.74,103.8,3100.0
2017-10-31 10:24:00,103.745,103.76,103.71,103.76,1744.0
2017-10-31 10:25:00,103.78,103.82,103.7,103.715,3200.0
2017-10-31 10:26:00,103.74,103.81,103.73,103.81,1300.0
2017-10-31 10:27:00,103.73,103.73,103.7199,103.72,1912.0
2017-10-31 10:28:00,103.87,103.87,103.775,103.78,1997.0
2017-10-31 10:29:00,103.8,103.8,103.8,103.8,200.0
2017-10-31 10:30:00,103.71,103.8,103.68,103.8,3600.0
2017-10-31 10:31:00,103.68,103.79,103.68,103.74,4101.0
2017-10-31 10:32:00,103.68,103.69,103.66,103.69,700.0
2017-10-31 10:33:00,103.7,103.7,103.67,103.67,500.0
2017-10-31 10:34:00,103.7507,103.7507,103.72,103.73,2720.0
2017-10-31 10:35:00,103.74,103.79,103.74,103.78,4200.0
2017-10-31 10:36:00,103.74,103.74,103.71,103.74,1801.0
2017-10-31 10:37:00,103.72,103.72,103.7,103.7,500.0
2017-10-31 10:38:00,103.61,103.72,103.61,103.72,2394.0
2017-10-31 10:39:00,103.6,103.6,103.52,103.56200000000001,700.0
2017-10-31 10:40:00,103.63,103.63,103.53,103.53,1189.0
2017-10-31 10:41:00,103.66,103.66,103.59,103.59,2274.0
2017-10-31 10:42:00,103.72,103.75,103.6532,103.6532,1410.0
2017-10-31 10:44:00,103.63,103.63,103.63,103.63,200.0
2017-10-31 10:46:00,103.7319,103.7319,103.64,103.64,4148.0
2017-10-31 10:49:00,103.73,103.75,103.69,103.73,3600.0
2017-10-31 10:50:00,103.79,103.84,103.7,103.73,4344.0
2017-10-31 10:51:00,103.81,103.81,103.81,103.81,100.0
2017-10-31 10:52:00,103.78,103.78,103.78,103.78,100.0
2017-10-31 10:53:00,103.79,103.81,103.75,103.75,3900.0
2017-10-31 10:54:00,103.77,103.7799,103.75,103.7799,1200.0
2017-10-31 10:55:00,103.76,103.78,103.75,103.75,2000.0
2017-10-31 10:56:00,103.74,103.785,103.74,103.785,8369.0
2017-10-31 10:57:00,103.65,103.76,103.65,103.76,4225.0
2017-10-31 10:58:00,103.58,103.64,103.58,103.64,3600.0
2017-10-31 10:59:00,103.52,103.5583,103.5,103.55,4763.0
2017-10-31 11:00:00,103.55,103.59,103.55,103.56,700.0
2017-10-31 11:03:00,103.51,103.56,103.51,103.52,2310.0
2017-10-31 11:04:00,103.4003,103.51,103.4001,103.51,4033.0
2017-10-31 11:05:00,103.49,103.49,103.36,103.4,4900.0
2017-10-31 11:06:00,103.47,103.52,103.47,103.49,650.0
2017-10-31 11:07:00,103.59,103.66,103.49,103.49,3200.0
2017-10-31 11:10:00,103.57,103.6,103.56,103.6,800.0
2017-10-31 11:11:00,103.61,103.61,103.585,103.61,1300.0
2017-10-31 11:12:00,103.6625,103.68,103.62,103.625,1100.0
2017-10-31 11:13:00,103.68,103.7,103.66,103.67,3109.0
2017-10-31 11:14:00,103.66,103.67,103.66,103.67,600.0
2017-10-31 11:16:00,103.66,103.66,103.66,103.66,300.0
2017-10-31 11:17:00,103.7001,103.71,103.65,103.65,2364.0
2017-10-31 11:18:00,103.69,103.72,103.69,103.72,1300.0
2017-10-31 11:19:00,103.6888,103.69,103.68,103.69,735.0
2017-10-31 11:20:00,103.6,103.67,103.6,103.67,3560.0
2017-10-31 11:21:00,103.2601,103.58,103.2601,103.58,2400.0
2017-10-31 11:22:00,103.37,103.48,103.325,103.35,3693.0
2017-10-31 11:23:00,103.37,103.37,103.33,103.33,800.0
2017-10-31 11:24:00,103.555,103.64,103.35,103.35,3000.0
2017-10-31 11:26:00,103.51,103.51,103.47,103.5,1500.0
2017-10-31 11:27:00,103.44,103.44,103.44,103.44,200.0
2017-10-31 11:28:00,103.44,103.44,103.44,103.44,100.0
2017-10-31 11:29:00,103.46,103.49,103.43,103.45,2825.0
2017-10-31 11:31:00,103.42,103.44,103.42,103.42,1400.0
2017-10-31 11:32:00,103.36,103.39,103.35,103.38,1100.0
2017-10-31 11:33:00,103.51,103.51,103.32,103.36,1200.0
2017-10-31 11:34:00,103.475,103.51,103.475,103.51,300.0
2017-10-31 11:35:00,103.54,103.55,103.48,103.49,1500.0
2017-10-31 11:36:00,103.6,103.6,103.555,103.57,1800.0
2017-10-31 11:37:00,103.559,103.62,103.51,103.62,4023.0
2017-10-31 11:38:00,103.565,103.58,103.535,103.56,1199.0
2017-10-31 11:39:00,103.5,103.58,103.49,103.58,5414.0
2017-10-31 11:40:00,103.53,103.55,103.52,103.52,1600.0
2017-10-31 11:41:00,103.64,103.64,103.54,103.54,3032.0
2017-10-31 11:42:00,103.66,103.66,103.66,103.66,400.0
2017-10-31 11:43:00,103.68,103.68,103.68,103.68,1000.0
2017-10-31 11:44:00,103.675,103.675,103.675,103.675,100.0
2017-10-31 11:45:00,103.65,103.67,103.64,103.6664,6300.0
2017-10-31 11:46:00,103.58,103.645,103.58,103.645,1689.0
2017-10-31 11:47:00,103.55,103.55,103.55,103.55,200.0
2017-10-31 11:48:00,103.62,103.62,103.545,103.57,2400.0
2017-10-31 11:49:00,103.615,103.615,103.615,103.615,600.0
2017-10-31 11:50:00,103.57,103.58,103.57,103.58,300.0
2017-10-31 11:51:00,103.59,103.59,103.57,103.57,1725.0
2017-10-31 11:52:00,103.62,103.64,103.575,103.575,4100.0
2017-10-31 11:53:00,103.65,103.65,103.59,103.6,3148.0
2017-10-31 11:54:00,103.67,103.67,103.63,103.63,300.0
2017-10-31 11:55:00,103.71,103.71,103.71,103.71,100.0
2017-10-31 11:56:00,103.7,103.75,103.685,103.685,2037.0
2017-10-31 11:57:00,103.69,103.74,103.69,103.74,3813.0
2017-10-31 11:58:00,103.74,103.75,103.7,103.71,3593.0
2017-10-31 11:59:00,103.76,103.76,103.76,103.76,100.0
2017-10-31 12:00:00,103.7,103.7,103.7,103.7,200.0
2017-10-31 12:01:00,103.7219,103.7219,103.72,103.72,308.0
2017-10-31 12:02:00,103.74,103.74,103.74,103.74,100.0
2017-10-31 12:03:00,103.66,103.7,103.62,103.7,2400.0
2017-10-31 12:04:00,103.66,103.67,103.62,103.62,2314.0
2017-10-31 12:05:00,103.66,103.66,103.66,103.66,100.0
2017-10-31 12:07:00,103.64,103.64,103.64,103.64,100.0
2017-10-31 12:08:00,103.64,103.67,103.64,103.67,200.0
2017-10-31 12:09:00,103.62,103.645,103.62,103.64,2100.0
2017-10-31 12:10:00,103.58,103.61,103.58,103.61,611.0
2017-10-31 12:11:00,103.71,103.71,103.6,103.6,3133.0
2017-10-31 12:12:00,103.9367,103.9367,103.74,103.74,2000.0
2017-10-31 12:13:00,103.94,103.94,103.94,103.94,100.0
2017-10-31 12:14:00,103.8,103.88,103.8,103.88,2696.0
2017-10-31 12:15:00,103.79,103.795,103.79,103.795,200.0
2017-10-31 12:16:00,103.77,103.77,103.77,103.77,100.0
2017-10-31 12:17:00,103.87,103.87,103.77,103.79,2820.0
2017-10-31 12:20:00,103.86,103.86,103.86,103.86,200.0
2017-10-31 12:21:00,103.845,103.88,103.82,103.83,2896.0
2017-10-31 12:22:00,103.8596,103.889,103.8596,103.889,300.0
2017-10-31 12:23:00,103.81,103.85,103.81,103.85,3400.0
2017-10-31 12:24:00,103.84,103.84,103.84,103.84,100.0
2017-10-31 12:25:00,103.785,103.81,103.78,103.81,1200.0
2017-10-31 12:26:00,103.81,103.83,103.785,103.8,2384.0
2017-10-31 12:28:00,103.8,103.8,103.8,103.8,100.0
2017-10-31 12:29:00,103.81,103.82,103.81,103.81,600.0
2017-10-31 12:30:00,103.84,103.86,103.82,103.84,700.0
2017-10-31 12:31:00,103.855,103.855,103.855,103.855,100.0
2017-10-31 12:33:00,103.77,103.83,103.77,103.83,2794.0
2017-10-31 12:34:00,103.77,103.79,103.77,103.79,1800.0
2017-10-31 12:35:00,103.73,103.77,103.73,103.77,900.0
2017-10-31 12:36:00,103.71,103.71,103.7,103.7,400.0
2017-10-31 12:37:00,103.71,103.71,103.7,103.71,501.0
2017-10-31 12:38:00,103.73,103.76,103.7101,103.715,1450.0
2017-10-31 12:40:00,103.77,103.77,103.76,103.76,400.0
2017-10-31 12:42:00,103.775,103.775,103.77,103.77,900.0
2017-10-31 12:43:00,103.81,103.84,103.78,103.79,2400.0
2017-10-31 12:44:00,103.9,103.9,103.88,103.88,1200.0
2017-10-31 12:45:00,104.008,104.03,103.93,103.93,1850.0
2017-10-31 12:47:00,104.0,104.04,103.98,104.02,1500.0
2017-10-31 12:48:00,103.97,103.98,103.97,103.98,300.0
2017-10-31 12:49:00,103.93,103.98,103.93,103.98,1100.0
2017-10-31 12:50:00,103.94,103.94,103.94,103.94,100.0
2017-10-31 12:51:00,103.97,103.99,103.95,103.97,800.0
2017-10-31 12:52:00,104.0,104.03,104.0,104.03,200.0
2017-10-31 12:54:00,103.9994,104.0,103.97,103.97,2000.0
2017-10-31 12:55:00,103.97,103.97,103.97,103.97,100.0
2017-10-31 12:56:00,103.9722,103.9722,103.9722,103.9722,1000.0
2017-10-31 12:57:00,103.94,103.94,103.94,103.94,100.0
2017-10-31 12:58:00,103.99,104.04,103.975,103.99,2396.0
2017-10-31 12:59:00,103.985,104.005,103.95,104.005,5549.0
2017-10-31 13:02:00,103.96,103.98,103.95,103.98,1402.0
2017-10-31 13:03:00,103.92,103.94,103.92,103.94,600.0
2017-10-31 13:04:00,103.95,103.95,103.91,103.92,1974.0
2017-10-31 13:06:00,103.93,103.93,103.9,103.93,4292.0
2017-10-31 13:07:00,103.89,103.94,103.89,103.94,554.0
2017-10-31 13:09:00,103.93,103.94,103.89,103.91,700.0
2017-10-31 13:11:00,103.885,103.9,103.88,103.89,895.0
2017-10-31 13:12:00,103.89,103.9,103.88,103.89,1255.0
2017-10-31 13:13:00,103.9,103.9,103.86,103.87,4100.0
2017-10-31 13:14:00,103.88,103.88,103.87,103.87,545.0
2017-10-31 13:16:00,103.86,103.86,103.86,103.86,300.0
2017-10-31 13:17:00,103.81,103.86,103.81,103.85,800.0
2017-10-31 13:18:00,103.9,103.9,103.825,103.84,1650.0
2017-10-31 13:19:00,103.88,103.88,103.87,103.87,1150.0
2017-10-31 13:21:00,103.86,103.86,103.86,103.86,100.0
2017-10-31 13:22:00,103.89,103.89,103.89,103.89,100.0
2017-10-31 13:23:00,103.91,103.91,103.875,103.8872,1330.0
2017-10-31 13:24:00,103.85,103.88,103.84,103.87,1445.0
2017-10-31 13:25:00,103.8792,103.8792,103.85,103.85,500.0
2017-10-31 13:26:00,103.9,103.9,103.88,103.88,660.0
2017-10-31 13:27:00,103.91,103.91,103.91,103.91,200.0
2017-10-31 13:29:00,103.86,103.91,103.86,103.91,200.0
2017-10-31 13:30:00,103.88,103.9,103.86,103.9,4227.0
2017-10-31 13:31:00,103.91,103.91,103.88,103.88,1133.0
2017-10-31 13:32:00,103.96,103.96,103.9,103.93,1050.0
2017-10-31 13:33:00,103.93,103.95,103.93,103.95,1300.0
2017-10-31 13:35:00,103.96,103.96,103.93,103.93,700.0
2017-10-31 13:37:00,103.95,103.95,103.95,103.95,100.0
2017-10-31 13:38:00,103.93,103.93,103.9,103.92,2650.0
2017-10-31 13:39:00,103.93,103.93,103.93,103.93,800.0
2017-10-31 13:40:00,104.0,104.0,103.95,103.96,1855.0
2017-10-31 13:41:00,103.97,103.97,103.97,103.97,400.0
2017-10-31 13:42:00,103.98,103.99,103.98,103.99,400.0
2017-10-31 13:43:00,103.95,103.98,103.95,103.96,1400.0
2017-10-31 13:44:00,103.995,104.0,103.95,103.95,1271.0
2017-10-31 13:45:00,103.96,103.995,103.95,103.995,3946.0
2017-10-31 13:46:00,103.94,103.95,103.94,103.94,1649.0
2017-10-31 13:47:00,103.92,103.94,103.92,103.94,700.0
2017-10-31 13:48:00,103.93,103.93,103.92,103.92,700.0
2017-10-31 13:49:00,103.91,103.92,103.91,103.92,700.0
2017-10-31 13:50:00,103.94,103.94,103.9,103.9,1950.0
2017-10-31 13:51:00,103.8904,103.92,103.8904,103.92,300.0
2017-10-31 13:52:00,103.91,103.92,103.91,103.92,600.0
2017-10-31 13:53:00,103.92,103.97,103.92,103.92,2005.0
2017-10-31 13:54:00,103.945,103.945,103.92,103.92,700.0
2017-10-31 13:55:00,103.96,103.96,103.94,103.94,200.0
2017-10-31 13:56:00,103.93,103.95,103.92,103.92,300.0
2017-10-31 13:57:00,103.91,103.93,103.91,103.93,1809.0
2017-10-31 13:58:00,103.95,103.95,103.92,103.92,1128.0
2017-10-31 13:59:00,103.91,103.93,103.9,103.93,1000.0
2017-10-31 14:00:00,103.94,103.94,103.905,103.92,1301.0
2017-10-31 14:01:00,103.9,103.92,103.9,103.92,1000.0
2017-10-31 14:02:00,103.9,103.93,103.88,103.92,1800.0
2017-10-31 14:03:00,103.89,103.89,103.89,103.89,500.0
2017-10-31 14:04:00,103.91,103.91,103.9,103.9,300.0
2017-10-31 14:06:00,103.91,103.91,103.9,103.9,200.0
2017-10-31 14:07:00,103.88,103.89,103.86,103.88,3467.0
2017-10-31 14:09:00,103.9,103.9,103.86,103.86,4717.0
2017-10-31 14:10:00,103.9,103.9,103.85,103.88,1900.0
2017-10-31 14:11:00,103.99,103.99,103.89,103.905,3350.0
2017-10-31 14:12:00,104.02,104.025,103.97,103.97,10923.0
2017-10-31 14:13:00,103.97,103.98,103.97,103.98,209.0
2017-10-31 14:14:00,103.995,104.02,103.995,103.995,3100.0
2017-10-31 14:15:00,103.98,104.02,103.97,104.02,1500.0
2017-10-31 14:17:00,103.985,104.0,103.985,104.0,236.0
2017-10-31 14:18:00,103.95,103.97,103.95,103.97,863.0
2017-10-31 14:19:00,103.97,103.99,103.94,103.94,3650.0
2017-10-31 14:20:00,104.0,104.0,103.98,103.98,850.0
2017-10-31 14:21:00,103.97,104.0,103.96,103.96,945.0
2017-10-31 14:22:00,104.0,104.0,104.0,104.0,550.0
2017-10-31 14:23:00,104.0,104.01,103.995,104.01,1600.0
2017-10-31 14:24:00,103.97,104.0,103.94,103.99,5550.0
2017-10-31 14:26:00,103.9,103.95,103.9,103.95,3743.0
2017-10-31 14:27:00,103.91,103.93,103.9,103.92,1000.0
2017-10-31 14:29:00,103.925,103.925,103.9,103.91,400.0
2017-10-31 14:30:00,103.925,103.925,103.9,103.925,300.0
2017-10-31 14:31:00,103.92,103.92,103.92,103.92,100.0
2017-10-31 14:32:00,103.92,103.92,103.9,103.9,300.0
2017-10-31 14:33:00,103.9,103.92,103.89,103.9,4549.0
2017-10-31 14:34:00,103.94,103.94,103.94,103.94,100.0
2017-10-31 14:35:00,103.96,103.96,103.9,103.9,1071.0
2017-10-31 14:36:00,103.93,103.96,103.92,103.96,1800.0
2017-10-31 14:37:00,103.9425,103.96,103.93,103.94,3150.0
2017-10-31 14:38:00,103.95,103.95,103.9368,103.9368,650.0
2017-10-31 14:39:00,103.96,103.96,103.93,103.93,200.0
2017-10-31 14:40:00,103.955,103.96,103.94,103.95,2987.0
2017-10-31 14:41:00,103.93,103.97,103.93,103.96,3459.0
2017-10-31 14:42:00,103.92,103.92,103.92,103.92,400.0
2017-10-31 14:43:00,103.89,103.92,103.86,103.92,5050.0
2017-10-31 14:45:00,103.91,103.91,103.87,103.9,1011.0
2017-10-31 14:46:00,103.9,103.92,103.88,103.91,3205.0
2017-10-31 14:47:00,103.87,103.87,103.87,103.87,100.0
2017-10-31 14:48:00,103.88,103.89,103.88,103.89,1000.0
2017-10-31 14:49:00,103.89,103.89,103.87,103.88,1050.0
2017-10-31 14:50:00,103.89,103.89,103.87,103.87,200.0
2017-10-31 14:51:00,103.9,103.9,103.87,103.87,1750.0
2017-10-31 14:52:00,103.93,103.93,103.91,103.91,2866.0
2017-10-31 14:53:00,103.92,103.95,103.92,103.93,500.0
2017-10-31 14:54:00,103.96,103.98,103.92,103.92,1430.0
2017-10-31 14:55:00,103.98,104.0,103.95,103.96,8543.0
2017-10-31 14:56:00,104.03,104.03,103.98,104.0,900.0
2017-10-31 14:57:00,104.01,104.01,104.01,104.01,800.0
2017-10-31 14:58:00,104.015,104.02,103.99,103.99,1995.0
2017-10-31 14:59:00,104.03,104.03,104.02,104.02,900.0
2017-10-31 15:00:00,104.09,104.09,104.025,104.04,1300.0
2017-10-31 15:01:00,104.11,104.11,104.11,104.11,100.0
2017-10-31 15:02:00,104.07,104.1,104.04,104.1,3247.0
2017-10-31 15:03:00,104.06,104.06,104.05,104.06,1177.0
2017-10-31 15:04:00,104.01,104.04,104.01,104.04,900.0
2017-10-31 15:05:00,104.02,104.02,104.01,104.01,1186.0
2017-10-31 15:06:00,104.02,104.04,104.0,104.01,2300.0
2017-10-31 15:07:00,104.05,104.05,104.04700000000001,104.04700000000001,300.0
2017-10-31 15:08:00,104.03,104.03,104.02,104.03,2900.0
2017-10-31 15:09:00,104.1,104.1,104.01,104.02,4534.0
2017-10-31 15:10:00,104.11,104.1144,104.11,104.1144,292.0
2017-10-31 15:11:00,104.11,104.13,104.11,104.13,200.0
2017-10-31 15:12:00,104.14,104.14,104.09,104.09,3655.0
2017-10-31 15:13:00,104.16,104.16,104.125,104.13,2212.0
2017-10-31 15:14:00,104.19,104.19,104.16,104.17,3002.0
2017-10-31 15:15:00,104.19,104.215,104.19,104.21,2287.0
2017-10-31 15:16:00,104.21,104.23,104.1952,104.1952,2209.0
2017-10-31 15:17:00,104.2,104.21,104.17,104.21,3304.0
2017-10-31 15:18:00,104.18,104.18,104.18,104.18,800.0
2017-10-31 15:19:00,104.17,104.2,104.17,104.185,550.0
2017-10-31 15:20:00,104.175,104.175,104.16,104.16,300.0
2017-10-31 15:21:00,104.21,104.21,104.175,104.175,2277.0
2017-10-31 15:22:00,104.22,104.24,104.21,104.23,2494.0
2017-10-31 15:23:00,104.22,104.225,104.22,104.22,2687.0
2017-10-31 15:24:00,104.26,104.285,104.21,104.21,3227.0
2017-10-31 15:25:00,104.255,104.27,104.255,104.27,200.0
2017-10-31 15:26:00,104.21,104.25,104.21,104.24,3578.0
2017-10-31 15:27:00,104.28,104.28,104.21,104.21,3826.0
2017-10-31 15:28:00,104.27,104.28,104.27,104.28,783.0
2017-10-31 15:29:00,104.29,104.3,104.27,104.27,2887.0
2017-10-31 15:30:00,104.29,104.3,104.28,104.29,2320.0
2017-10-31 15:31:00,104.22,104.28,104.2,104.28,12510.0
2017-10-31 15:32:00,104.17,104.22,104.16,104.22,6396.0
2017-10-31 15:33:00,104.145,104.16,104.145,104.16,1600.0
2017-10-31 15:34:00,104.18,104.19,104.15,104.15,4060.0
2017-10-31 15:35:00,104.15,104.175,104.15,104.175,4302.0
2017-10-31 15:36:00,104.21,104.24,104.16,104.16,5920.0
2017-10-31 15:37:00,104.175,104.21,104.17,104.21,3400.0
2017-10-31 15:38:00,104.205,104.205,104.17,104.17,2784.0
2017-10-31 15:39:00,104.19,104.21,104.19,104.21,7539.0
2017-10-31 15:40:00,104.22,104.24,104.19,104.19,4841.0
2017-10-31 15:41:00,104.15,104.21,104.15,104.21,5300.0
2017-10-31 15:42:00,104.15,104.16,104.12,104.15,3115.0
2017-10-31 15:43:00,104.13,104.155,104.13,104.15,4658.0
2017-10-31 15:44:00,104.15,104.15,104.13,104.135,2500.0
2017-10-31 15:45:00,104.02,104.15,104.02,104.14,7998.0
2017-10-31 15:46:00,104.05,104.06,104.005,104.035,6716.0
2017-10-31 15:47:00,104.02,104.045,104.02,104.04,3660.0
2017-10-31 15:48:00,104.11,104.11,104.02,104.03,9589.0
2017-10-31 15:49:00,104.22,104.22,104.11,104.12,9658.0
2017-10-31 15:50:00,104.23,104.28,104.19,104.21,15923.0
2017-10-31 15:51:00,103.985,104.21,103.96,104.21,18407.0
2017-10-31 15:52:00,103.98,103.98,103.92,103.97,7669.0
2017-10-31 15:53:00,103.89,103.9799,103.85,103.979,6289.0
2017-10-31 15:54:00,103.94,103.94,103.84,103.86,8999.0
2017-10-31 15:55:00,103.97,103.98,103.93,103.94,6621.0
2017-10-31 15:56:00,104.025,104.06,103.97,103.98,11696.0
2017-10-31 15:57:00,104.16,104.19,104.02,104.03,27351.0
2017-10-31 15:58:00,104.125,104.22,104.11,104.14,19256.0
2017-10-31 15:59:00,104.21,104.29,104.11,104.11,45525.0
2017-10-31 16:00:00,104.225,104.28,104.175,104.2,41374.0
2017-11-01 09:30:00,104.77,104.77,104.77,104.77,4505.0
2017-11-01 09:31:00,105.25,105.25,105.25,105.25,100.0
2017-11-01 09:33:00,105.12,105.124,104.845,105.124,500.0
2017-11-01 09:34:00,104.66,105.11,104.61,104.86,1200.0
2017-11-01 09:35:00,104.72,105.08,104.67,104.8967,900.0
2017-11-01 09:36:00,104.71,104.91,104.71,104.75,4591.0
2017-11-01 09:37:00,104.71,104.86,104.69,104.86,1688.0
2017-11-01 09:38:00,104.83,104.83,104.7,104.7,692.0
2017-11-01 09:39:00,105.04,105.04,104.82,104.83,2500.0
2017-11-01 09:40:00,105.0,105.0,105.0,105.0,200.0
2017-11-01 09:41:00,104.795,104.94,104.73,104.94,2400.0
2017-11-01 09:42:00,104.7,104.73,104.7,104.72,400.0
2017-11-01 09:43:00,104.46,104.46,104.46,104.46,100.0
2017-11-01 09:44:00,104.66,104.72,104.65,104.66,1302.0
2017-11-01 09:45:00,104.78,104.78,104.48,104.62,12600.0
2017-11-01 09:46:00,104.89,104.89,104.62,104.67,2900.0
2017-11-01 09:47:00,105.0,105.0,104.92,104.92,2388.0
2017-11-01 09:48:00,105.24,105.24,105.11,105.11,300.0
2017-11-01 09:49:00,105.16,105.16,105.14,105.14,200.0
2017-11-01 09:50:00,105.4599,105.4599,105.13,105.22,3926.0
2017-11-01 09:51:00,105.41,105.4899,105.38,105.48,5868.0
2017-11-01 09:52:00,105.39,105.39,105.39,105.39,100.0
2017-11-01 09:53:00,105.65,105.65,105.48,105.48,2005.0
2017-11-01 09:54:00,105.66,105.66,105.66,105.66,220.0
2017-11-01 09:55:00,105.61,105.72,105.58,105.72,1800.0
2017-11-01 09:56:00,105.68,105.68,105.67,105.67,200.0
2017-11-01 09:57:00,105.71,105.72,105.68,105.68,500.0
2017-11-01 09:58:00,105.64,105.6799,105.57,105.66,5002.0
2017-11-01 09:59:00,105.39,105.58,105.34,105.58,1694.0
2017-11-01 10:00:00,105.565,105.59,105.43,105.43,2000.0
2017-11-01 10:01:00,105.57,105.57,105.51,105.51,1200.0
2017-11-01 10:02:00,105.55,105.56,105.47,105.56,2200.0
2017-11-01 10:03:00,105.43,105.47,105.35,105.47,1800.0
2017-11-01 10:04:00,105.43,105.43,105.43,105.43,100.0
2017-11-01 10:05:00,105.49,105.49,105.47,105.48,600.0
2017-11-01 10:06:00,105.55,105.55,105.52,105.52,700.0
2017-11-01 10:07:00,105.58,105.59,105.55,105.55,500.0
2017-11-01 10:08:00,105.57,105.58,105.57,105.58,200.0
2017-11-01 10:09:00,105.51,105.51,105.43,105.47,4400.0
2017-11-01 10:10:00,105.54,105.56,105.51,105.52,900.0
2017-11-01 10:11:00,105.58,105.65,105.5,105.55,2800.0
2017-11-01 10:12:00,105.47,105.55,105.47,105.55,3424.0
2017-11-01 10:13:00,105.46,105.48,105.42,105.43,2500.0
2017-11-01 10:14:00,105.49,105.51,105.48,105.49,600.0
2017-11-01 10:15:00,105.58,105.58,105.49,105.49,1650.0
2017-11-01 10:16:00,105.44,105.49,105.44,105.49,1344.0
2017-11-01 10:17:00,105.33,105.38,105.33,105.38,1300.0
2017-11-01 10:19:00,105.32,105.36,105.28,105.36,2100.0
2017-11-01 10:20:00,105.33,105.34,105.33,105.33,500.0
2017-11-01 10:21:00,105.3628,105.38,105.29,105.32,9229.0
2017-11-01 10:23:00,105.26,105.35,105.25,105.35,4237.0
2017-11-01 10:24:00,105.26,105.3,105.26,105.28,1500.0
2017-11-01 10:25:00,105.04,105.19,105.01,105.19,1890.0
2017-11-01 10:27:00,105.12,105.14,105.09,105.09,800.0
2017-11-01 10:28:00,105.08,105.08,105.08,105.08,404.0
2017-11-01 10:30:00,105.15,105.15,105.12,105.13,900.0
2017-11-01 10:31:00,105.175,105.21,105.1709,105.1709,470.0
2017-11-01 10:32:00,105.14,105.17,105.13,105.17,500.0
2017-11-01 10:33:00,105.04,105.09,105.04,105.09,1074.0
2017-11-01 10:34:00,104.95,105.0,104.91,105.0,3100.0
2017-11-01 10:35:00,105.115,105.115,104.99,105.0,1927.0
2017-11-01 10:36:00,105.17,105.17,105.11,105.11,300.0
2017-11-01 10:37:00,105.01,105.16,105.01,105.16,3373.0
2017-11-01 10:38:00,104.99,104.99,104.99,104.99,200.0
2017-11-01 10:39:00,105.045,105.05,104.99,104.99,1100.0
2017-11-01 10:40:00,105.06,105.08,105.06,105.07,800.0
2017-11-01 10:41:00,105.03,105.1,105.03,105.09,1501.0
2017-11-01 10:42:00,105.04,105.04,105.0,105.04,1201.0
2017-11-01 10:43:00,105.07,105.07,105.07,105.07,100.0
2017-11-01 10:44:00,105.05,105.05,104.97,105.02,1800.0
2017-11-01 10:46:00,105.065,105.065,105.04,105.065,1115.0
2017-11-01 10:47:00,105.02,105.03,105.02,105.03,1700.0
2017-11-01 10:48:00,105.02,105.07,105.02,105.06,1500.0
2017-11-01 10:49:00,105.065,105.07,105.04,105.07,700.0
2017-11-01 10:50:00,105.11,105.11,105.075,105.09,1300.0
2017-11-01 10:51:00,105.11,105.16,105.11,105.13,300.0
2017-11-01 10:52:00,105.07,105.11,105.07,105.11,2900.0
2017-11-01 10:53:00,105.13,105.15,105.11,105.11,1000.0
2017-11-01 10:54:00,105.22,105.22,105.16,105.16,700.0
2017-11-01 10:55:00,105.25,105.25,105.19,105.22,5016.0
2017-11-01 10:56:00,105.25,105.25,105.24,105.25,3600.0
2017-11-01 10:57:00,105.28,105.3,105.23,105.25,3350.0
2017-11-01 10:58:00,105.2,105.28,105.2,105.28,1700.0
2017-11-01 10:59:00,105.17,105.23,105.17,105.2,1100.0
2017-11-01 11:00:00,105.1,105.18,105.1,105.15,2251.0
2017-11-01 11:01:00,105.13,105.13,105.13,105.13,100.0
2017-11-01 11:03:00,105.175,105.19,105.15,105.16,2200.0
2017-11-01 11:04:00,105.15,105.26,105.15,105.2,3140.0
2017-11-01 11:05:00,105.19,105.19,105.12,105.15,2900.0
2017-11-01 11:06:00,105.17,105.215,105.14,105.215,1300.0
2017-11-01 11:07:00,105.21,105.21,105.18,105.18,700.0
2017-11-01 11:08:00,105.13,105.15,105.13,105.15,646.0
2017-11-01 11:10:00,105.17,105.17,105.13,105.13,1900.0
2017-11-01 11:11:00,105.16,105.2,105.14,105.15,1600.0
2017-11-01 11:12:00,105.15,105.23,105.15,105.21,1163.0
2017-11-01 11:13:00,105.05,105.1,105.05,105.1,1644.0
2017-11-01 11:14:00,105.03,105.03,105.03,105.03,100.0
2017-11-01 11:15:00,105.11,105.11,105.08,105.08,822.0
2017-11-01 11:16:00,104.98,105.07,104.98,105.07,2255.0
2017-11-01 11:17:00,105.11,105.11,105.02,105.02,3023.0
2017-11-01 11:18:00,105.09,105.09,105.01,105.05,1901.0
2017-11-01 11:19:00,105.01,105.02,105.01,105.02,300.0
2017-11-01 11:20:00,105.0,105.06,105.0,105.06,304.0
2017-11-01 11:21:00,105.0,105.0,104.96,105.0,996.0
2017-11-01 11:22:00,104.91,104.95,104.91,104.95,500.0
2017-11-01 11:23:00,104.915,104.95,104.915,104.93,1855.0
2017-11-01 11:25:00,104.795,104.91,104.79,104.91,3700.0
2017-11-01 11:26:00,104.88,104.9,104.79,104.8,5000.0
2017-11-01 11:27:00,104.915,104.915,104.915,104.915,100.0
2017-11-01 11:28:00,104.975,104.98,104.9,104.9,1179.0
2017-11-01 11:29:00,104.99,104.99,104.875,104.95,7050.0
2017-11-01 11:30:00,104.89,104.92,104.89,104.92,1100.0
2017-11-01 11:31:00,104.95,104.95,104.87,104.87,900.0
2017-11-01 11:32:00,104.98,105.04,104.96,104.96,1980.0
2017-11-01 11:33:00,104.975,104.98,104.975,104.98,200.0
2017-11-01 11:34:00,105.04,105.06,105.0,105.0,1100.0
2017-11-01 11:35:00,105.025,105.1,105.02,105.04,3964.0
2017-11-01 11:36:00,105.15,105.15,104.95,105.02,4042.0
2017-11-01 11:37:00,105.105,105.14,105.105,105.14,300.0
2017-11-01 11:38:00,105.12,105.15,105.01,105.1392,3579.0
2017-11-01 11:40:00,105.1,105.11,105.05,105.08,1500.0
2017-11-01 11:41:00,105.04,105.04,105.03,105.04,1150.0
2017-11-01 11:42:00,104.99,104.99,104.94,104.99,800.0
2017-11-01 11:43:00,104.9,104.9,104.9,104.9,100.0
2017-11-01 11:44:00,104.96,104.96,104.91,104.94,700.0
2017-11-01 11:45:00,104.91,104.91,104.91,104.91,400.0
2017-11-01 11:46:00,104.945,104.945,104.91,104.91,300.0
2017-11-01 11:47:00,104.91,104.99,104.91,104.96,3600.0
2017-11-01 11:48:00,104.91,104.93,104.89,104.93,800.0
2017-11-01 11:49:00,104.85,104.85,104.85,104.85,400.0
2017-11-01 11:50:00,104.87,104.88,104.87,104.87,4600.0
2017-11-01 11:51:00,104.85,104.87,104.83,104.87,3179.0
2017-11-01 11:54:00,105.0,105.0,104.9,104.91,1280.0
2017-11-01 11:55:00,105.01,105.01,105.01,105.01,100.0
2017-11-01 11:56:00,105.025,105.025,105.01,105.01,200.0
2017-11-01 11:57:00,104.96,105.025,104.96,105.01,2560.0
2017-11-01 11:58:00,104.99,104.99,104.97,104.97,600.0
2017-11-01 11:59:00,104.96,104.96,104.96,104.96,100.0
2017-11-01 12:00:00,104.96,105.01,104.96,105.01,851.0
2017-11-01 12:02:00,104.99,104.99,104.99,104.99,400.0
2017-11-01 12:03:00,104.98,105.02,104.95,105.0,2900.0
2017-11-01 12:04:00,104.98,105.0,104.93,105.0,4561.0
2017-11-01 12:06:00,105.0,105.0,104.99,104.99,300.0
2017-11-01 12:07:00,105.01,105.01,105.0,105.0,600.0
2017-11-01 12:08:00,105.0,105.0,105.0,105.0,100.0
2017-11-01 12:09:00,104.98,105.01,104.98,105.0,1100.0
2017-11-01 12:10:00,104.97,104.98,104.97,104.98,300.0
2017-11-01 12:12:00,105.04,105.04,105.02,105.02,619.0
2017-11-01 12:13:00,105.05,105.05,105.05,105.05,350.0
2017-11-01 12:14:00,105.04,105.08,104.99,105.05,2684.0
2017-11-01 12:15:00,104.99,105.0,104.99,105.0,500.0
2017-11-01 12:16:00,105.04,105.04,105.04,105.04,100.0
2017-11-01 12:17:00,105.01,105.03,104.99,105.0105,633.0
2017-11-01 12:18:00,105.06,105.06,105.04,105.04,500.0
2017-11-01 12:19:00,105.06,105.06,105.06,105.06,100.0
2017-11-01 12:20:00,105.05,105.06,105.015,105.015,524.0
2017-11-01 12:23:00,105.05,105.05,105.05,105.05,100.0
2017-11-01 12:24:00,105.01,105.05,105.01,105.05,1010.0
2017-11-01 12:25:00,104.99,105.01,104.99,105.01,404.0
2017-11-01 12:26:00,104.98,104.98,104.98,104.98,200.0
2017-11-01 12:28:00,105.03,105.03,105.0,105.0,1113.0
2017-11-01 12:29:00,105.04,105.04,105.03,105.03,200.0
2017-11-01 12:31:00,105.02,105.03,105.02,105.03,300.0
2017-11-01 12:32:00,105.0325,105.0325,105.0325,105.0325,1000.0
2017-11-01 12:33:00,105.06,105.06,105.06,105.06,100.0
2017-11-01 12:34:00,105.0,105.06,105.0,105.06,1640.0
2017-11-01 12:35:00,104.97,105.01,104.97,105.01,1310.0
2017-11-01 12:36:00,104.94,104.98,104.94,104.98,2025.0
2017-11-01 12:37:00,104.94,104.94,104.92,104.92,300.0
2017-11-01 12:38:00,104.94,104.98,104.93,104.94,1000.0
2017-11-01 12:43:00,104.91,104.91,104.91,104.91,200.0
2017-11-01 12:45:00,104.93,104.93,104.91,104.91,1400.0
2017-11-01 12:46:00,104.86,104.89,104.86,104.89,600.0
2017-11-01 12:47:00,104.889,104.89,104.86,104.86,460.0
2017-11-01 12:48:00,104.9,104.91,104.89,104.91,500.0
2017-11-01 12:52:00,104.88,104.89,104.88,104.89,200.0
2017-11-01 12:53:00,104.8899,104.8899,104.87,104.87,1164.0
2017-11-01 12:54:00,104.84,104.87,104.84,104.8684,1004.0
2017-11-01 12:55:00,104.88,104.88,104.86,104.86,600.0
2017-11-01 12:56:00,104.87,104.87,104.87,104.87,200.0
2017-11-01 12:57:00,104.87,104.87,104.87,104.87,400.0
2017-11-01 12:58:00,104.87,104.87,104.86,104.87,600.0
2017-11-01 12:59:00,104.91,104.92,104.88,104.88,1891.0
2017-11-01 13:01:00,104.97,104.97,104.94,104.94,500.0
2017-11-01 13:02:00,104.99,104.99,104.94,104.99,1800.0
2017-11-01 13:03:00,105.01,105.01,104.98,104.98,800.0
2017-11-01 13:04:00,105.06,105.06,105.0,105.03,800.0
2017-11-01 13:06:00,105.01,105.03,105.0,105.03,1820.0
2017-11-01 13:07:00,104.97,104.99,104.97,104.99,1200.0
2017-11-01 13:08:00,104.93,104.95,104.93,104.95,200.0
2017-11-01 13:09:00,104.92,104.92,104.91,104.91,800.0
2017-11-01 13:10:00,104.91,104.92,104.89,104.92,950.0
2017-11-01 13:11:00,104.93,104.93,104.93,104.93,200.0
2017-11-01 13:12:00,104.97,104.97,104.95,104.96,656.0
2017-11-01 13:15:00,105.0,105.0,104.96,104.96,1309.0
2017-11-01 13:16:00,105.0199,105.0199,104.97,104.99,1300.0
2017-11-01 13:18:00,105.06,105.06,105.01,105.01,1100.0
2017-11-01 13:20:00,105.05,105.05,105.01,105.02,2350.0
2017-11-01 13:21:00,105.0196,105.03,105.0,105.01,1196.0
2017-11-01 13:22:00,105.06,105.06,105.0,105.0,1091.0
2017-11-01 13:23:00,105.08,105.0991,105.08,105.0991,200.0
2017-11-01 13:24:00,105.11,105.11,105.11,105.11,249.0
2017-11-01 13:26:00,105.09,105.11,105.07,105.11,2150.0
2017-11-01 13:28:00,105.11,105.13,105.1,105.1,2348.0
2017-11-01 13:29:00,105.16,105.16,105.09,105.09,1500.0
2017-11-01 13:30:00,105.14,105.14,105.14,105.14,500.0
2017-11-01 13:31:00,105.14,105.14,105.14,105.14,4900.0
2017-11-01 13:32:00,105.18,105.18,105.16,105.16,968.0
2017-11-01 13:33:00,105.1,105.16,105.08,105.16,4175.0
2017-11-01 13:34:00,105.13,105.13,105.11,105.11,2102.0
2017-11-01 13:35:00,105.14,105.14,105.14,105.14,400.0
2017-11-01 13:36:00,105.1302,105.14,105.1,105.11,1512.0
2017-11-01 13:37:00,105.05,105.11,105.05,105.11,1100.0
2017-11-01 13:38:00,105.01,105.07,105.01,105.06,1304.0
2017-11-01 13:39:00,104.98,105.0,104.98,105.0,300.0
2017-11-01 13:40:00,105.01,105.01,104.95,104.95,1250.0
2017-11-01 13:41:00,105.0,105.0,104.97,104.99,876.0
2017-11-01 13:42:00,105.03,105.03,105.01,105.03,500.0
2017-11-01 13:44:00,105.0453,105.0453,105.03,105.03,716.0
2017-11-01 13:45:00,105.03,105.04,105.025,105.03,1714.0
2017-11-01 13:46:00,105.07,105.07,105.05,105.05,500.0
2017-11-01 13:47:00,105.03,105.06,105.0,105.06,1800.0
2017-11-01 13:48:00,105.0,105.0,105.0,105.0,100.0
2017-11-01 13:49:00,105.01,105.01,105.01,105.01,100.0
2017-11-01 13:51:00,105.01,105.01,105.01,105.01,100.0
2017-11-01 13:52:00,105.015,105.03,105.01,105.015,600.0
2017-11-01 13:53:00,105.015,105.03,105.015,105.03,300.0
2017-11-01 13:54:00,105.025,105.05,105.0156,105.03,2973.0
2017-11-01 13:55:00,105.06,105.06,105.04,105.04,1017.0
2017-11-01 13:56:00,105.06,105.06,105.06,105.06,100.0
2017-11-01 13:57:00,105.13,105.13,105.06,105.06,3100.0
2017-11-01 13:58:00,105.19,105.19,105.14,105.14,900.0
2017-11-01 13:59:00,105.245,105.26,105.195,105.195,1577.0
2017-11-01 14:00:00,105.2423,105.2423,105.2423,105.2423,100.0
2017-11-01 14:01:00,105.28,105.28,105.26,105.27,600.0
2017-11-01 14:02:00,105.25,105.29,105.25,105.29,3194.0
2017-11-01 14:03:00,105.23,105.28,105.23,105.25,1400.0
2017-11-01 14:04:00,105.26,105.28,105.25,105.27,800.0
2017-11-01 14:05:00,105.28,105.28,105.28,105.28,300.0
2017-11-01 14:07:00,105.24,105.28,105.23,105.265,2094.0
2017-11-01 14:08:00,105.255,105.26,105.23,105.25,850.0
2017-11-01 14:09:00,105.23,105.2794,105.23,105.2794,1342.0
2017-11-01 14:10:00,105.22,105.23,105.22,105.23,400.0
2017-11-01 14:11:00,105.2,105.21,105.2,105.21,1800.0
2017-11-01 14:12:00,105.2,105.21,105.19,105.2,700.0
2017-11-01 14:13:00,105.21,105.22,105.18,105.2,2677.0
2017-11-01 14:14:00,105.23,105.24,105.22,105.22,1200.0
2017-11-01 14:15:00,105.28,105.28,105.25,105.25,1320.0
2017-11-01 14:16:00,105.26,105.26,105.25,105.26,1500.0
2017-11-01 14:17:00,105.26,105.27,105.25,105.25,701.0
2017-11-01 14:18:00,105.26,105.26,105.26,105.26,200.0
2017-11-01 14:19:00,105.26,105.28,105.26,105.28,1650.0
2017-11-01 14:20:00,105.25,105.265,105.25,105.265,1600.0
2017-11-01 14:21:00,105.22,105.24,105.22,105.24,600.0
2017-11-01 14:22:00,105.22,105.23,105.2,105.22,867.0
2017-11-01 14:23:00,105.2,105.23,105.2,105.23,1400.0
2017-11-01 14:24:00,105.2,105.21,105.19,105.19,1032.0
2017-11-01 14:25:00,105.2,105.22,105.2,105.22,300.0
2017-11-01 14:26:00,105.175,105.19,105.16,105.19,1400.0
2017-11-01 14:27:00,105.16,105.16,105.16,105.16,100.0
2017-11-01 14:28:00,105.13,105.16,105.13,105.16,1550.0
2017-11-01 14:30:00,105.13,105.13,105.1,105.11,2373.0
2017-11-01 14:31:00,105.16,105.16,105.135,105.15,500.0
2017-11-01 14:33:00,105.14,105.15,105.14,105.14,1300.0
2017-11-01 14:34:00,105.15,105.16,105.12,105.13,1200.0
2017-11-01 14:35:00,105.18,105.18,105.13,105.13,1000.0
2017-11-01 14:36:00,105.17,105.17,105.17,105.17,100.0
2017-11-01 14:37:00,105.21,105.21,105.18,105.18,1200.0
2017-11-01 14:39:00,105.24,105.24,105.22,105.22,1000.0
2017-11-01 14:40:00,105.2,105.24,105.2,105.24,4920.0
2017-11-01 14:42:00,105.2,105.2,105.2,105.2,100.0
2017-11-01 14:43:00,105.18,105.2,105.18,105.19,3517.0
2017-11-01 14:44:00,105.18,105.18,105.18,105.18,100.0
2017-11-01 14:45:00,105.21,105.21,105.18,105.21,1700.0
2017-11-01 14:46:00,105.22,105.22,105.21,105.21,1250.0
2017-11-01 14:47:00,105.21,105.21,105.21,105.21,1300.0
2017-11-01 14:48:00,105.275,105.28,105.21,105.21,2749.0
2017-11-01 14:49:00,105.29,105.29,105.29,105.29,100.0
2017-11-01 14:50:00,105.28,105.29,105.27,105.29,2375.0
2017-11-01 14:51:00,105.29,105.29,105.29,105.29,100.0
2017-11-01 14:52:00,105.28,105.29,105.28,105.29,1300.0
2017-11-01 14:53:00,105.27,105.28,105.27,105.27,400.0
2017-11-01 14:54:00,105.24,105.28,105.235,105.28,3484.0
2017-11-01 14:55:00,105.25,105.26,105.23,105.23,1150.0
2017-11-01 14:58:00,105.24,105.25,105.24,105.25,970.0
2017-11-01 14:59:00,105.255,105.255,105.24,105.24,200.0
2017-11-01 15:00:00,105.24,105.24,105.24,105.24,100.0
2017-11-01 15:01:00,105.235,105.26700000000001,105.235,105.255,3615.0
2017-11-01 15:02:00,105.28,105.28,105.24,105.24,3402.0
2017-11-01 15:03:00,105.2099,105.26,105.2099,105.25,5020.0
2017-11-01 15:04:00,105.24,105.24,105.21,105.21,1306.0
2017-11-01 15:05:00,105.23,105.23,105.2,105.21,1497.0
2017-11-01 15:06:00,105.23,105.23,105.23,105.23,800.0
2017-11-01 15:07:00,105.23,105.23,105.22,105.23,3815.0
2017-11-01 15:08:00,105.23,105.23,105.2117,105.23,921.0
2017-11-01 15:09:00,105.2225,105.26,105.22,105.23,2897.0
2017-11-01 15:10:00,105.215,105.215,105.215,105.215,100.0
2017-11-01 15:11:00,105.21,105.23,105.2,105.21,3900.0
2017-11-01 15:12:00,105.14,105.2,105.14,105.2,3700.0
2017-11-01 15:13:00,105.17,105.18,105.14,105.15,2383.0
2017-11-01 15:14:00,105.2,105.2,105.18,105.18,1450.0
2017-11-01 15:16:00,105.2,105.22,105.19,105.2,3930.0
2017-11-01 15:17:00,105.2,105.21,105.2,105.2,2082.0
2017-11-01 15:18:00,105.19,105.21,105.18,105.205,4121.0
2017-11-01 15:19:00,105.26,105.26,105.21,105.21,2067.0
2017-11-01 15:20:00,105.23,105.26,105.23,105.26,5600.0
2017-11-01 15:21:00,105.285,105.31,105.23,105.23,7307.0
2017-11-01 15:22:00,105.3,105.3399,105.3,105.3,3200.0
2017-11-01 15:23:00,105.38,105.38,105.305,105.32,6113.0
2017-11-01 15:24:00,105.39,105.39,105.38,105.39,1015.0
2017-11-01 15:25:00,105.38,105.39,105.38,105.39,4073.0
2017-11-01 15:26:00,105.47,105.48,105.38,105.38,3500.0
2017-11-01 15:27:00,105.6,105.6,105.4797,105.48,4596.0
2017-11-01 15:28:00,105.55,105.59,105.55,105.59,4005.0
2017-11-01 15:29:00,105.53,105.56,105.53,105.56,4000.0
2017-11-01 15:30:00,105.51,105.52,105.47,105.51,6485.0
2017-11-01 15:31:00,105.5,105.51,105.49,105.51,3950.0
2017-11-01 15:32:00,105.52,105.54,105.49,105.49,9878.0
2017-11-01 15:33:00,105.535,105.54,105.49,105.52,4955.0
2017-11-01 15:34:00,105.51,105.54,105.51,105.54,3900.0
2017-11-01 15:35:00,105.46,105.5,105.46,105.5,3400.0
2017-11-01 15:36:00,105.45,105.47,105.45,105.46,3575.0
2017-11-01 15:37:00,105.485,105.5,105.455,105.46,8316.0
2017-11-01 15:38:00,105.43,105.48,105.43,105.48,6022.0
2017-11-01 15:39:00,105.45,105.46,105.435,105.44,3058.0
2017-11-01 15:40:00,105.48,105.48,105.46,105.47,4052.0
2017-11-01 15:41:00,105.47,105.49,105.47,105.49,5525.0
2017-11-01 15:42:00,105.5,105.51,105.47,105.47,5350.0
2017-11-01 15:43:00,105.51,105.51,105.49,105.51,3300.0
2017-11-01 15:44:00,105.51,105.51,105.495,105.495,4509.0
2017-11-01 15:45:00,105.435,105.52,105.43,105.52,8558.0
2017-11-01 15:46:00,105.39,105.42,105.37,105.42,11680.0
2017-11-01 15:47:00,105.37,105.4,105.37,105.4,9060.0
2017-11-01 15:48:00,105.35,105.39,105.35,105.38,4349.0
2017-11-01 15:49:00,105.35,105.36,105.34,105.35,2500.0
2017-11-01 15:50:00,105.36,105.38,105.33,105.34,6312.0
2017-11-01 15:51:00,105.385,105.4,105.36,105.4,5100.0
2017-11-01 15:52:00,105.385,105.4,105.385,105.4,1000.0
2017-11-01 15:53:00,105.405,105.42,105.38,105.38,8463.0
2017-11-01 15:54:00,105.425,105.44,105.4,105.4,6847.0
2017-11-01 15:55:00,105.48,105.49,105.41,105.425,10023.0
2017-11-01 15:56:00,105.495,105.51,105.47,105.475,15481.0
2017-11-01 15:57:00,105.465,105.48,105.45,105.475,5888.0
2017-11-01 15:58:00,105.465,105.47,105.46,105.465,6500.0
2017-11-01 15:59:00,105.5,105.5,105.46,105.47,12305.0
2017-11-01 16:00:00,105.465,105.5,105.46,105.49,24507.0
2017-11-02 09:30:00,105.67,105.67,105.67,105.67,8651.0
2017-11-02 09:31:00,105.61,105.61,105.41,105.47,3028.0
2017-11-02 09:32:00,105.555,105.78,105.42,105.47,3200.0
2017-11-02 09:33:00,105.82,105.95,105.61,105.68,3600.0
2017-11-02 09:34:00,105.96,105.97,105.7485,105.95,3000.0
2017-11-02 09:35:00,105.94,105.94,105.94,105.94,100.0
2017-11-02 09:36:00,106.0,106.0,105.86,105.86,2094.0
2017-11-02 09:37:00,106.01,106.13,105.98,106.01,1800.0
2017-11-02 09:38:00,105.86,106.0,105.86,105.97,1800.0
2017-11-02 09:39:00,105.81,105.98,105.81,105.93,3301.0
2017-11-02 09:40:00,105.925,105.96,105.83,105.83,2000.0
2017-11-02 09:41:00,105.845,105.91,105.84,105.88,2415.0
2017-11-02 09:42:00,105.78,105.85,105.74,105.8384,1963.0
2017-11-02 09:43:00,105.58,105.83,105.58,105.83,2632.0
2017-11-02 09:44:00,105.615,105.615,105.5925,105.5925,500.0
2017-11-02 09:45:00,105.58,105.63,105.51,105.56,1600.0
2017-11-02 09:46:00,105.72,105.72,105.595,105.595,1575.0
2017-11-02 09:47:00,105.63,105.73,105.63,105.68,430.0
2017-11-02 09:48:00,105.605,105.67,105.57,105.67,2501.0
2017-11-02 09:49:00,105.625,105.65,105.56,105.605,2990.0
2017-11-02 09:50:00,105.59,105.71,105.59,105.59,3200.0
2017-11-02 09:51:00,105.615,105.615,105.53,105.6,1900.0
2017-11-02 09:52:00,105.62,105.62,105.62,105.62,100.0
2017-11-02 09:53:00,105.64,105.64,105.6,105.625,400.0
2017-11-02 09:54:00,105.64,105.64,105.64,105.64,200.0
2017-11-02 09:56:00,105.8,105.8,105.645,105.67,1110.0
2017-11-02 09:57:00,105.87,105.88,105.87,105.87,500.0
2017-11-02 09:58:00,105.8,105.87,105.76,105.81,4700.0
2017-11-02 09:59:00,105.845,105.9,105.84,105.86,1400.0
2017-11-02 10:00:00,105.83,105.89,105.83,105.87,400.0
2017-11-02 10:01:00,105.65,105.89,105.65,105.87,2200.0
2017-11-02 10:02:00,105.62,105.71,105.62,105.69,1400.0
2017-11-02 10:03:00,105.68,105.72,105.61,105.61,2300.0
2017-11-02 10:04:00,105.59,105.68,105.56,105.68,1700.0
2017-11-02 10:05:00,105.67,105.67,105.585,105.62,1200.0
2017-11-02 10:06:00,105.42,105.61,105.42,105.6,2900.0
2017-11-02 10:07:00,105.455,105.455,105.445,105.45,500.0
2017-11-02 10:08:00,105.4794,105.56,105.445,105.45,1415.0
2017-11-02 10:09:00,105.45,105.49,105.42,105.42,2700.0
2017-11-02 10:10:00,105.44,105.46,105.41,105.43,1300.0
2017-11-02 10:11:00,105.52,105.52,105.415,105.44,1600.0
2017-11-02 10:12:00,105.4797,105.52,105.4797,105.52,334.0
2017-11-02 10:13:00,105.65,105.65,105.47,105.47,1697.0
2017-11-02 10:14:00,105.455,105.6,105.41,105.59,6350.0
2017-11-02 10:15:00,105.435,105.435,105.435,105.435,100.0
2017-11-02 10:16:00,105.49,105.49,105.48,105.48,500.0
2017-11-02 10:17:00,105.53,105.58,105.46,105.46,1200.0
2017-11-02 10:18:00,105.72,105.72,105.62,105.63,1000.0
2017-11-02 10:19:00,105.64,105.71,105.62,105.71,1765.0
2017-11-02 10:20:00,105.51,105.65,105.51,105.65,1300.0
2017-11-02 10:21:00,105.6,105.6,105.46,105.5,1500.0
2017-11-02 10:22:00,105.52,105.6,105.52,105.6,200.0
2017-11-02 10:23:00,105.51,105.56,105.51,105.53,1600.0
2017-11-02 10:24:00,105.53,105.53,105.53,105.53,100.0
2017-11-02 10:25:00,105.4964,105.58,105.47,105.54,3275.0
2017-11-02 10:26:00,105.54,105.6,105.53,105.53,1316.0
2017-11-02 10:27:00,105.57,105.62,105.57,105.6,2100.0
2017-11-02 10:28:00,105.54,105.54,105.54,105.54,100.0
2017-11-02 10:29:00,105.55,105.56,105.53,105.53,2094.0
2017-11-02 10:30:00,105.52,105.55,105.52,105.55,800.0
2017-11-02 10:31:00,105.51,105.55,105.51,105.51,3092.0
2017-11-02 10:32:00,105.6,105.65,105.53,105.53,3168.0
2017-11-02 10:33:00,105.61,105.65,105.61,105.63,973.0
2017-11-02 10:34:00,105.63,105.63,105.63,105.63,200.0
2017-11-02 10:35:00,105.57,105.63,105.57,105.605,3984.0
2017-11-02 10:36:00,105.69,105.69,105.62,105.63,2095.0
2017-11-02 10:37:00,105.69,105.69,105.66,105.66,1400.0
2017-11-02 10:38:00,105.68,105.72,105.68,105.68,1171.0
2017-11-02 10:39:00,105.78,105.78,105.65,105.65,2736.0
2017-11-02 10:40:00,105.85,105.86,105.82,105.82,400.0
2017-11-02 10:41:00,105.86,105.86,105.85,105.85,800.0
2017-11-02 10:42:00,105.89,105.89,105.86,105.86,1200.0
2017-11-02 10:43:00,105.89,105.9,105.87,105.9,400.0
2017-11-02 10:44:00,105.81,105.87,105.81,105.84,4026.0
2017-11-02 10:45:00,105.77,105.78,105.73,105.78,1000.0
2017-11-02 10:46:00,105.76,105.76,105.76,105.76,200.0
2017-11-02 10:47:00,105.65,105.73,105.61,105.73,1700.0
2017-11-02 10:48:00,105.67,105.67,105.61,105.65,800.0
2017-11-02 10:49:00,105.69,105.69,105.67,105.68,1100.0
2017-11-02 10:50:00,105.63,105.67,105.63,105.67,500.0
2017-11-02 10:51:00,105.65,105.65,105.64,105.64,617.0
2017-11-02 10:52:00,105.67,105.67,105.67,105.67,100.0
2017-11-02 10:53:00,105.49,105.625,105.49,105.59,2304.0
2017-11-02 10:54:00,105.54,105.54,105.455,105.455,2864.0
2017-11-02 10:55:00,105.46,105.54,105.46,105.51,1200.0
2017-11-02 10:56:00,105.55,105.55,105.4808,105.52,865.0
2017-11-02 10:58:00,105.59,105.59,105.54,105.54,1500.0
2017-11-02 10:59:00,105.685,105.7,105.63,105.64,2000.0
2017-11-02 11:00:00,105.74,105.74,105.695,105.695,200.0
2017-11-02 11:01:00,105.67,105.68,105.64,105.68,1500.0
2017-11-02 11:02:00,105.53,105.64,105.53,105.64,1400.0
2017-11-02 11:03:00,105.655,105.66,105.54,105.54,3050.0
2017-11-02 11:04:00,105.7,105.7,105.67,105.6925,500.0
2017-11-02 11:05:00,105.67,105.715,105.63,105.64,3300.0
2017-11-02 11:06:00,105.54,105.595,105.53,105.595,1400.0
2017-11-02 11:07:00,105.58,105.58,105.53,105.53,900.0
2017-11-02 11:08:00,105.45,105.52,105.41,105.52,2900.0
2017-11-02 11:09:00,105.4,105.5,105.4,105.41,3086.0
2017-11-02 11:10:00,105.37,105.42,105.37,105.4,700.0
2017-11-02 11:11:00,105.31,105.36,105.31,105.36,3871.0
2017-11-02 11:12:00,105.45,105.45,105.24,105.31,3635.0
2017-11-02 11:13:00,105.4766,105.4766,105.46,105.46,500.0
2017-11-02 11:14:00,105.39,105.455,105.37,105.42,4459.0
2017-11-02 11:16:00,105.43,105.43,105.43,105.43,100.0
2017-11-02 11:17:00,105.35,105.39,105.34,105.39,1600.0
2017-11-02 11:18:00,105.4,105.4,105.35,105.35,1700.0
2017-11-02 11:19:00,105.4,105.4,105.4,105.4,400.0
2017-11-02 11:20:00,105.36,105.4,105.35,105.4,1571.0
2017-11-02 11:21:00,105.35,105.38,105.35,105.36,400.0
2017-11-02 11:22:00,105.39,105.39,105.366,105.38,500.0
2017-11-02 11:23:00,105.4,105.41,105.36,105.41,3100.0
2017-11-02 11:24:00,105.36,105.42,105.36,105.37,13888.0
2017-11-02 11:25:00,105.27,105.38,105.2,105.38,4000.0
2017-11-02 11:26:00,105.25,105.3,105.24,105.27,2550.0
2017-11-02 11:27:00,105.21,105.23,105.2,105.22,2400.0
2017-11-02 11:28:00,105.155,105.155,105.155,105.155,400.0
2017-11-02 11:29:00,105.36,105.36,105.155,105.19,2641.0
2017-11-02 11:30:00,105.39,105.39,105.38,105.38,500.0
2017-11-02 11:31:00,105.38,105.39,105.38,105.39,300.0
2017-11-02 11:32:00,105.4,105.44,105.39,105.39,2700.0
2017-11-02 11:33:00,105.42,105.45,105.37,105.415,2446.0
2017-11-02 11:34:00,105.42,105.42,105.3,105.35,2600.0
2017-11-02 11:35:00,105.42,105.42,105.365,105.365,1250.0
2017-11-02 11:36:00,105.31,105.34,105.3,105.34,1800.0
2017-11-02 11:38:00,105.23,105.31,105.23,105.31,700.0
2017-11-02 11:39:00,105.15,105.2,105.15,105.2,300.0
2017-11-02 11:40:00,105.12,105.12,105.12,105.12,100.0
2017-11-02 11:41:00,105.315,105.36,105.14,105.155,2900.0
2017-11-02 11:42:00,105.325,105.325,105.325,105.325,100.0
2017-11-02 11:43:00,105.35,105.35,105.35,105.35,100.0
2017-11-02 11:44:00,105.36,105.36,105.36,105.36,100.0
2017-11-02 11:45:00,105.35,105.35,105.35,105.35,100.0
2017-11-02 11:46:00,105.36,105.36,105.36,105.36,100.0
2017-11-02 11:47:00,105.41,105.44,105.37,105.37,2811.0
2017-11-02 11:48:00,105.315,105.375,105.31,105.36,800.0
2017-11-02 11:49:00,105.4175,105.42,105.315,105.315,1102.0
2017-11-02 11:50:00,105.385,105.43,105.385,105.43,1800.0
2017-11-02 11:51:00,105.41,105.43,105.406,105.406,1600.0
2017-11-02 11:53:00,105.415,105.415,105.4,105.4,300.0
2017-11-02 11:54:00,105.41,105.46,105.41,105.41,2973.0
2017-11-02 11:55:00,105.38,105.42,105.38,105.4,1200.0
2017-11-02 11:56:00,105.33,105.33,105.33,105.33,100.0
2017-11-02 11:58:00,105.22,105.3,105.2,105.29,1000.0
2017-11-02 11:59:00,105.17,105.18,105.13,105.17,603.0
2017-11-02 12:00:00,105.19,105.22,105.11,105.11,1349.0
2017-11-02 12:01:00,105.255,105.255,105.15,105.21,1050.0
2017-11-02 12:02:00,105.21,105.23899999999999,105.14,105.23899999999999,1700.0
2017-11-02 12:03:00,105.215,105.215,105.17,105.21,827.0
2017-11-02 12:04:00,105.29,105.29,105.2,105.2,1100.0
2017-11-02 12:05:00,105.28,105.34,105.28,105.34,700.0
2017-11-02 12:06:00,105.2718,105.2718,105.2718,105.2718,500.0
2017-11-02 12:07:00,105.285,105.285,105.285,105.285,100.0
2017-11-02 12:08:00,105.45,105.45,105.31,105.31,2121.0
2017-11-02 12:10:00,105.455,105.455,105.455,105.455,100.0
2017-11-02 12:11:00,105.465,105.465,105.465,105.465,100.0
2017-11-02 12:12:00,105.47,105.47,105.4566,105.4566,300.0
2017-11-02 12:13:00,105.54,105.54,105.48,105.5,1775.0
2017-11-02 12:15:00,105.59,105.63,105.52,105.63,1602.0
2017-11-02 12:16:00,105.64,105.64,105.64,105.64,100.0
2017-11-02 12:18:00,105.72,105.72,105.64,105.65,2987.0
2017-11-02 12:20:00,105.73,105.75,105.65,105.725,1400.0
2017-11-02 12:21:00,105.635,105.635,105.635,105.635,100.0
2017-11-02 12:22:00,105.75,105.75,105.625,105.63,1200.0
2017-11-02 12:23:00,105.71,105.71,105.69,105.69,200.0
2017-11-02 12:24:00,105.715,105.72,105.67,105.68,2708.0
2017-11-02 12:25:00,105.68,105.68,105.67,105.68,1139.0
2017-11-02 12:26:00,105.76,105.76,105.71,105.71,1100.0
2017-11-02 12:28:00,105.76,105.76,105.76,105.76,100.0
2017-11-02 12:29:00,105.78,105.79,105.765,105.765,400.0
2017-11-02 12:30:00,105.74,105.805,105.73,105.79,2174.0
2017-11-02 12:31:00,105.66,105.74,105.66,105.72,623.0
2017-11-02 12:32:00,105.65,105.72,105.65,105.68,2300.0
2017-11-02 12:33:00,105.7,105.7,105.635,105.635,900.0
2017-11-02 12:34:00,105.69,105.69,105.69,105.69,100.0
2017-11-02 12:35:00,105.73,105.73,105.69,105.7194,924.0
2017-11-02 12:36:00,105.71,105.715,105.65,105.69,1100.0
2017-11-02 12:37:00,105.7,105.71,105.665,105.71,1819.0
2017-11-02 12:38:00,105.685,105.685,105.685,105.685,100.0
2017-11-02 12:39:00,105.685,105.685,105.685,105.685,100.0
2017-11-02 12:40:00,105.685,105.6907,105.685,105.6907,200.0
2017-11-02 12:41:00,105.73,105.74,105.71,105.71,622.0
2017-11-02 12:42:00,105.73,105.73,105.73,105.73,200.0
2017-11-02 12:43:00,105.71,105.73,105.67,105.73,2232.0
2017-11-02 12:45:00,105.84,105.85,105.705,105.705,2824.0
2017-11-02 12:46:00,105.78,105.79,105.76,105.79,1700.0
2017-11-02 12:48:00,105.61,105.77,105.61,105.77,2400.0
2017-11-02 12:49:00,105.585,105.585,105.585,105.585,100.0
2017-11-02 12:50:00,105.52,105.565,105.51,105.565,400.0
2017-11-02 12:52:00,105.545,105.545,105.51,105.52,800.0
2017-11-02 12:53:00,105.62,105.62,105.54,105.54,1814.0
2017-11-02 12:54:00,105.58,105.58,105.58,105.58,300.0
2017-11-02 12:55:00,105.55,105.55,105.55,105.55,100.0
2017-11-02 12:56:00,105.52,105.555,105.52,105.53,400.0
2017-11-02 12:57:00,105.48,105.48,105.48,105.48,100.0
2017-11-02 12:59:00,105.55,105.55,105.49,105.49,700.0
2017-11-02 13:00:00,105.41,105.52,105.41,105.52,900.0
2017-11-02 13:01:00,105.47,105.49,105.465,105.465,300.0
2017-11-02 13:03:00,105.43,105.46,105.4239,105.46,500.0
2017-11-02 13:04:00,105.4,105.44,105.38,105.44,796.0
2017-11-02 13:05:00,105.38,105.38,105.38,105.38,200.0
2017-11-02 13:06:00,105.38,105.38,105.38,105.38,300.0
2017-11-02 13:07:00,105.385,105.385,105.385,105.385,100.0
2017-11-02 13:08:00,105.49,105.49,105.38,105.385,2652.0
2017-11-02 13:09:00,105.44,105.465,105.44,105.465,658.0
2017-11-02 13:10:00,105.41,105.41,105.41,105.41,100.0
2017-11-02 13:11:00,105.53,105.53,105.43,105.43,700.0
2017-11-02 13:12:00,105.47,105.48,105.43,105.48,600.0
2017-11-02 13:13:00,105.475,105.475,105.475,105.475,100.0
2017-11-02 13:14:00,105.51,105.51,105.49,105.5,400.0
2017-11-02 13:15:00,105.54,105.54,105.54,105.54,200.0
2017-11-02 13:16:00,105.54,105.54,105.54,105.54,100.0
2017-11-02 13:17:00,105.55,105.62,105.55,105.57,1300.0
2017-11-02 13:18:00,105.54,105.56,105.51,105.56,600.0
2017-11-02 13:19:00,105.57,105.57,105.45,105.51,1100.0
2017-11-02 13:20:00,105.59,105.59,105.59,105.59,100.0
2017-11-02 13:22:00,105.48,105.56,105.48,105.56,300.0
2017-11-02 13:23:00,105.44,105.44,105.44,105.44,100.0
2017-11-02 13:24:00,105.43,105.44,105.43,105.44,200.0
2017-11-02 13:25:00,105.41,105.4643,105.4,105.46,1200.0
2017-11-02 13:26:00,105.51,105.51,105.405,105.41,1400.0
2017-11-02 13:27:00,105.51,105.51,105.51,105.51,200.0
2017-11-02 13:28:00,105.5399,105.5399,105.47,105.47,315.0
2017-11-02 13:29:00,105.57,105.58,105.5,105.505,3200.0
2017-11-02 13:30:00,105.57,105.57,105.57,105.57,300.0
2017-11-02 13:31:00,105.57,105.57,105.57,105.57,100.0
2017-11-02 13:32:00,105.57,105.57,105.57,105.57,200.0
2017-11-02 13:33:00,105.56,105.59,105.56,105.565,3000.0
2017-11-02 13:34:00,105.505,105.56,105.505,105.53,4087.0
2017-11-02 13:35:00,105.63,105.63,105.52,105.52,1600.0
2017-11-02 13:36:00,105.57,105.585,105.57,105.585,2300.0
2017-11-02 13:37:00,105.58,105.61,105.56,105.565,2890.0
2017-11-02 13:38:00,105.6,105.62,105.58,105.58,4220.0
2017-11-02 13:39:00,105.62,105.66,105.56,105.6,8118.0
2017-11-02 13:40:00,105.66,105.66,105.61,105.61,1400.0
2017-11-02 13:41:00,105.7,105.7,105.66,105.68,1640.0
2017-11-02 13:42:00,105.64,105.64,105.6301,105.6301,2293.0
2017-11-02 13:43:00,105.63,105.665,105.54,105.665,2600.0
2017-11-02 13:44:00,105.63,105.63,105.62,105.62,400.0
2017-11-02 13:45:00,105.63,105.63,105.62,105.62,300.0
2017-11-02 13:47:00,105.64,105.64,105.63,105.63,600.0
2017-11-02 13:48:00,105.63,105.66,105.62,105.65,1500.0
2017-11-02 13:49:00,105.61,105.63,105.59,105.59,1994.0
2017-11-02 13:50:00,105.61,105.61,105.58,105.58,200.0
2017-11-02 13:51:00,105.62,105.63,105.61,105.61,1900.0
2017-11-02 13:53:00,105.64,105.64,105.6137,105.62,407.0
2017-11-02 13:54:00,105.62,105.64,105.6,105.61,10415.0
2017-11-02 13:55:00,105.515,105.6,105.515,105.6,1600.0
2017-11-02 13:56:00,105.5,105.52,105.5,105.52,200.0
2017-11-02 13:57:00,105.57,105.57,105.5,105.535,2630.0
2017-11-02 13:58:00,105.595,105.6,105.595,105.6,200.0
2017-11-02 13:59:00,105.6,105.6,105.6,105.6,100.0
2017-11-02 14:01:00,105.5,105.6,105.49,105.6,1805.0
2017-11-02 14:02:00,105.53,105.54,105.495,105.495,1319.0
2017-11-02 14:03:00,105.47,105.52,105.47,105.5,1679.0
2017-11-02 14:04:00,105.5,105.5,105.5,105.5,100.0
2017-11-02 14:05:00,105.52,105.57,105.5,105.53,2200.0
2017-11-02 14:06:00,105.485,105.52,105.455,105.52,3300.0
2017-11-02 14:07:00,105.51,105.51,105.46,105.48,2999.0
2017-11-02 14:08:00,105.5499,105.5499,105.51,105.51,828.0
2017-11-02 14:09:00,105.48,105.52,105.48,105.51,1500.0
2017-11-02 14:10:00,105.47,105.49,105.47,105.48,500.0
2017-11-02 14:11:00,105.48,105.48,105.47,105.48,1700.0
2017-11-02 14:12:00,105.46,105.48,105.46,105.48,200.0
2017-11-02 14:13:00,105.5,105.505,105.49,105.49,1423.0
2017-11-02 14:14:00,105.48,105.49,105.48,105.49,1093.0
2017-11-02 14:15:00,105.55,105.55,105.5,105.5,1500.0
2017-11-02 14:16:00,105.55,105.55,105.535,105.535,300.0
2017-11-02 14:17:00,105.53,105.55,105.53,105.535,700.0
2017-11-02 14:18:00,105.53,105.53,105.52,105.525,1860.0
2017-11-02 14:19:00,105.59,105.6,105.53,105.53,2300.0
2017-11-02 14:21:00,105.58,105.6,105.55,105.57,3485.0
2017-11-02 14:22:00,105.51,105.58,105.5,105.58,2030.0
2017-11-02 14:23:00,105.52,105.52,105.52,105.52,200.0
2017-11-02 14:24:00,105.51,105.52,105.51,105.52,200.0
2017-11-02 14:25:00,105.5,105.59,105.46,105.49,3800.0
2017-11-02 14:26:00,105.54,105.55,105.51,105.51,1622.0
2017-11-02 14:27:00,105.47,105.545,105.46,105.545,2188.0
2017-11-02 14:28:00,105.51,105.51,105.48,105.48,900.0
2017-11-02 14:29:00,105.52,105.52,105.49,105.5,500.0
2017-11-02 14:30:00,105.51,105.53,105.49,105.53,3000.0
2017-11-02 14:31:00,105.48,105.51,105.48,105.51,1900.0
2017-11-02 14:32:00,105.5,105.51,105.5,105.5,400.0
2017-11-02 14:33:00,105.52,105.57,105.52,105.555,1600.0
2017-11-02 14:34:00,105.54,105.55,105.53,105.54,700.0
2017-11-02 14:35:00,105.58,105.58,105.58,105.58,100.0
2017-11-02 14:36:00,105.56,105.58,105.56,105.58,500.0
2017-11-02 14:37:00,105.57,105.59,105.56,105.56,900.0
2017-11-02 14:38:00,105.58,105.6,105.57,105.59,2073.0
2017-11-02 14:39:00,105.59,105.59,105.5458,105.58,2317.0
2017-11-02 14:40:00,105.6,105.61,105.57,105.58,800.0
2017-11-02 14:41:00,105.6,105.6,105.6,105.6,100.0
2017-11-02 14:42:00,105.6,105.6,105.6,105.6,100.0
2017-11-02 14:43:00,105.43,105.58,105.43,105.58,3200.0
2017-11-02 14:44:00,105.4527,105.4527,105.43,105.43,384.0
2017-11-02 14:45:00,105.41,105.46,105.39,105.41,3350.0
2017-11-02 14:46:00,105.41,105.41,105.41,105.41,400.0
2017-11-02 14:47:00,105.43,105.43,105.415,105.415,2500.0
2017-11-02 14:48:00,105.43,105.46,105.38,105.42,2789.0
2017-11-02 14:49:00,105.41,105.43,105.41,105.43,1100.0
2017-11-02 14:50:00,105.43,105.43,105.43,105.43,100.0
2017-11-02 14:51:00,105.46,105.46,105.43,105.43,1000.0
2017-11-02 14:52:00,105.46,105.46,105.46,105.46,400.0
2017-11-02 14:53:00,105.48,105.48,105.46,105.46,400.0
2017-11-02 14:54:00,105.51,105.51,105.49,105.49,500.0
2017-11-02 14:55:00,105.5,105.505,105.47,105.505,2173.0
2017-11-02 14:56:00,105.44,105.49,105.44,105.48,450.0
2017-11-02 14:57:00,105.445,105.445,105.445,105.445,100.0
2017-11-02 14:58:00,105.4995,105.5,105.455,105.455,1545.0
2017-11-02 14:59:00,105.505,105.505,105.48,105.48,300.0
2017-11-02 15:00:00,105.48,105.51,105.48,105.49,1000.0
2017-11-02 15:01:00,105.475,105.48,105.475,105.48,200.0
2017-11-02 15:02:00,105.41,105.47,105.41,105.47,2642.0
2017-11-02 15:03:00,105.375,105.43,105.35,105.43,1631.0
2017-11-02 15:04:00,105.375,105.38,105.375,105.38,200.0
2017-11-02 15:05:00,105.375,105.375,105.36,105.36,200.0
2017-11-02 15:06:00,105.395,105.41,105.3775,105.3775,2500.0
2017-11-02 15:07:00,105.44,105.46,105.405,105.405,1200.0
2017-11-02 15:08:00,105.475,105.475,105.465,105.465,200.0
2017-11-02 15:09:00,105.5267,105.54,105.49,105.49,1627.0
2017-11-02 15:10:00,105.45,105.56,105.42,105.56,4785.0
2017-11-02 15:11:00,105.49,105.49,105.47,105.47,400.0
2017-11-02 15:12:00,105.45,105.49,105.4429,105.48,3001.0
2017-11-02 15:13:00,105.44,105.45,105.44,105.44,900.0
2017-11-02 15:14:00,105.45,105.45,105.42,105.42,1252.0
2017-11-02 15:15:00,105.47,105.47,105.47,105.47,200.0
2017-11-02 15:16:00,105.53,105.5499,105.475,105.475,1300.0
2017-11-02 15:17:00,105.52,105.54,105.51,105.54,3554.0
2017-11-02 15:18:00,105.53,105.57,105.53,105.55,785.0
2017-11-02 15:19:00,105.54,105.54,105.53,105.53,1100.0
2017-11-02 15:20:00,105.56,105.57,105.52,105.535,2062.0
2017-11-02 15:21:00,105.59,105.59,105.57,105.57,2119.0
2017-11-02 15:22:00,105.6,105.61,105.595,105.6,1100.0
2017-11-02 15:23:00,105.66,105.68,105.6,105.6,2800.0
2017-11-02 15:24:00,105.69,105.71,105.68,105.68,900.0
2017-11-02 15:25:00,105.75,105.78,105.67,105.7,2710.0
2017-11-02 15:26:00,105.76,105.78,105.76,105.78,1300.0
2017-11-02 15:27:00,105.76,105.78,105.76,105.77,1402.0
2017-11-02 15:28:00,105.83,105.83,105.75,105.76,3003.0
2017-11-02 15:29:00,105.87,105.88,105.81,105.81,2600.0
2017-11-02 15:30:00,105.79,105.89,105.77,105.88,6444.0
2017-11-02 15:31:00,105.665,105.79,105.64,105.79,7473.0
2017-11-02 15:32:00,105.715,105.72,105.68,105.69,1800.0
2017-11-02 15:33:00,105.75,105.76,105.72,105.73,2736.0
2017-11-02 15:34:00,105.72,105.76,105.71,105.75,4302.0
2017-11-02 15:35:00,105.67,105.73,105.66,105.73,4236.0
2017-11-02 15:36:00,105.81,105.81,105.69,105.69,4900.0
2017-11-02 15:37:00,105.85,105.85,105.81,105.81,1528.0
2017-11-02 15:38:00,105.85,105.86,105.84,105.85,4080.0
2017-11-02 15:39:00,105.91,105.96,105.86,105.86,9566.0
2017-11-02 15:40:00,105.89,105.91,105.88,105.91,2857.0
2017-11-02 15:41:00,105.88,105.9,105.88,105.89,2735.0
2017-11-02 15:42:00,105.92,105.92,105.88,105.88,4425.0
2017-11-02 15:43:00,105.915,105.93,105.9,105.92,1300.0
2017-11-02 15:44:00,105.88,105.93,105.87,105.93,6437.0
2017-11-02 15:45:00,105.91,105.92,105.87,105.88,7089.0
2017-11-02 15:46:00,105.925,105.94,105.91,105.93,2100.0
2017-11-02 15:47:00,105.8708,105.91,105.87,105.91,2800.0
2017-11-02 15:48:00,105.84,105.88,105.84,105.88,1800.0
2017-11-02 15:49:00,105.75,105.85,105.75,105.85,2700.0
2017-11-02 15:50:00,105.8,105.83,105.75,105.76,7799.0
2017-11-02 15:51:00,105.825,105.84,105.78,105.78,3563.0
2017-11-02 15:52:00,105.82,105.85,105.8,105.825,5103.0
2017-11-02 15:53:00,105.76,105.815,105.76,105.815,4111.0
2017-11-02 15:54:00,105.74,105.79,105.72,105.79,3800.0
2017-11-02 15:55:00,105.73,105.76,105.71,105.735,5117.0
2017-11-02 15:56:00,105.71,105.735,105.69,105.71,7540.0
2017-11-02 15:57:00,105.66,105.71,105.65,105.7,4339.0
2017-11-02 15:58:00,105.66,105.66,105.62,105.66,8933.0
2017-11-02 15:59:00,105.69,105.7,105.655,105.655,9342.0
2017-11-02 16:00:00,105.74,105.76,105.65,105.69,17742.0
2017-11-03 09:30:00,105.75,105.75,105.75,105.75,3110.0
2017-11-03 09:31:00,106.0,106.0,105.76,105.77,800.0
2017-11-03 09:32:00,106.0,106.0,106.0,106.0,100.0
2017-11-03 09:34:00,106.0,106.0,106.0,106.0,200.0
2017-11-03 09:35:00,105.965,105.965,105.965,105.965,100.0
2017-11-03 09:36:00,105.57,105.81,105.57,105.81,2200.0
2017-11-03 09:37:00,105.7,105.78,105.62,105.62,2000.0
2017-11-03 09:38:00,105.73,105.73,105.73,105.73,100.0
2017-11-03 09:39:00,105.875,105.875,105.77,105.77,200.0
2017-11-03 09:40:00,105.71,105.75,105.71,105.75,600.0
2017-11-03 09:41:00,105.86,105.86,105.67,105.67,3026.0
2017-11-03 09:42:00,105.73,105.87,105.69,105.87,3105.0
2017-11-03 09:43:00,105.81,105.81,105.68,105.72,2500.0
2017-11-03 09:44:00,105.91,105.93,105.78,105.78,800.0
2017-11-03 09:45:00,105.85,105.9,105.85,105.85,300.0
2017-11-03 09:46:00,105.79,105.87899999999999,105.76,105.8,1550.0
2017-11-03 09:47:00,105.81,105.94,105.77,105.83,1200.0
2017-11-03 09:48:00,105.795,105.795,105.795,105.795,100.0
2017-11-03 09:49:00,105.75,105.81,105.72,105.78,3700.0
2017-11-03 09:50:00,105.76,105.76,105.7,105.75,3200.0
2017-11-03 09:51:00,105.61,105.75,105.61,105.72,3165.0
2017-11-03 09:52:00,105.57,105.69,105.49,105.6,4250.0
2017-11-03 09:53:00,105.57,105.6,105.49,105.52,2200.0
2017-11-03 09:54:00,105.62,105.6275,105.555,105.555,583.0
2017-11-03 09:55:00,105.6,105.65,105.58,105.59,2520.0
2017-11-03 09:56:00,105.7,105.8,105.65,105.65,4346.0
2017-11-03 09:57:00,105.66,105.67,105.66,105.66,600.0
2017-11-03 09:58:00,105.655,105.7,105.62,105.7,2185.0
2017-11-03 09:59:00,105.68,105.69,105.66,105.66,700.0
2017-11-03 10:00:00,105.87,105.87,105.69,105.69,1085.0
2017-11-03 10:01:00,105.85,105.86,105.75,105.75,1600.0
2017-11-03 10:02:00,105.86,105.89,105.79,105.79,1321.0
2017-11-03 10:03:00,105.9,105.9,105.9,105.9,499.0
2017-11-03 10:04:00,106.04,106.04,105.9,105.9,1400.0
2017-11-03 10:05:00,106.01,106.01,106.01,106.01,100.0
2017-11-03 10:06:00,106.03,106.05,106.03,106.05,500.0
2017-11-03 10:07:00,106.1,106.15,106.05,106.05,1200.0
2017-11-03 10:08:00,105.99,106.07,105.96,106.07,3017.0
2017-11-03 10:09:00,105.89,106.01,105.89,105.99,1600.0
2017-11-03 10:10:00,105.79,105.84,105.75,105.84,600.0
2017-11-03 10:11:00,105.74,105.77,105.74,105.77,900.0
2017-11-03 10:12:00,105.8,105.85,105.72,105.75,2200.0
2017-11-03 10:13:00,105.76,105.86,105.71,105.82,3200.0
2017-11-03 10:14:00,105.75,105.8,105.73,105.77,900.0
2017-11-03 10:15:00,105.76,105.78,105.68,105.71,2194.0
2017-11-03 10:16:00,105.97,105.97,105.78,105.78,700.0
2017-11-03 10:17:00,105.895,105.91,105.85,105.9,3314.0
2017-11-03 10:18:00,105.87,105.98,105.84,105.85,5200.0
2017-11-03 10:19:00,106.0,106.0,105.8775,105.8775,500.0
2017-11-03 10:20:00,106.0,106.08,105.94,105.955,2700.0
2017-11-03 10:21:00,106.04,106.15,106.01,106.01,2140.0
2017-11-03 10:22:00,106.065,106.105,106.02,106.0775,2600.0
2017-11-03 10:23:00,106.07,106.07,106.0,106.06,2300.0
2017-11-03 10:24:00,106.05,106.06,105.95,106.03,3553.0
2017-11-03 10:25:00,106.0225,106.07,106.01,106.03,1200.0
2017-11-03 10:26:00,105.98,106.0,105.97,106.0,1334.0
2017-11-03 10:27:00,106.04,106.13,106.03,106.05,4638.0
2017-11-03 10:28:00,105.98,106.04,105.98,106.04,1253.0
2017-11-03 10:29:00,106.05,106.08,105.94,105.97,2500.0
2017-11-03 10:30:00,106.1,106.1,106.1,106.1,160.0
2017-11-03 10:31:00,106.01,106.03,106.01,106.03,1600.0
2017-11-03 10:32:00,105.91,106.0,105.91,106.0,1400.0
2017-11-03 10:33:00,105.9,105.92,105.85,105.9,2400.0
2017-11-03 10:34:00,105.9025,105.9025,105.89,105.89,300.0
2017-11-03 10:35:00,105.98,105.995,105.9,105.925,1211.0
2017-11-03 10:36:00,105.94,105.99,105.92,105.96,1400.0
2017-11-03 10:37:00,105.955,105.97,105.93,105.93,300.0
2017-11-03 10:38:00,106.05,106.08,106.0,106.0,2200.0
2017-11-03 10:39:00,106.07,106.1,106.06,106.06,600.0
2017-11-03 10:40:00,106.14,106.14,106.13,106.13,300.0
2017-11-03 10:41:00,106.24,106.24,106.17,106.17,4100.0
2017-11-03 10:42:00,106.27,106.27,106.26,106.27,500.0
2017-11-03 10:43:00,106.37,106.37,106.28,106.28,2398.0
2017-11-03 10:44:00,106.38,106.38,106.38,106.38,200.0
2017-11-03 10:45:00,106.36,106.37,106.36,106.37,200.0
2017-11-03 10:46:00,106.3599,106.37,106.33,106.36,2875.0
2017-11-03 10:47:00,106.46,106.47,106.32,106.36,3061.0
2017-11-03 10:48:00,106.61,106.61,106.45,106.45,3532.0
2017-11-03 10:49:00,106.745,106.745,106.61,106.61,5437.0
2017-11-03 10:50:00,106.52,106.735,106.52,106.735,1083.0
2017-11-03 10:51:00,106.29,106.44,106.29,106.44,1200.0
2017-11-03 10:53:00,106.35,106.35,106.25,106.28,1606.0
2017-11-03 10:54:00,106.39,106.39,106.3,106.32,1160.0
2017-11-03 10:55:00,106.415,106.43,106.415,106.42,600.0
2017-11-03 10:56:00,106.43,106.46,106.43,106.46,800.0
2017-11-03 10:57:00,106.4425,106.46,106.43,106.46,1200.0
2017-11-03 10:58:00,106.34,106.45,106.34,106.43,2377.0
2017-11-03 10:59:00,106.3809,106.39,106.36,106.37,800.0
2017-11-03 11:00:00,106.36,106.4,106.36,106.4,400.0
2017-11-03 11:01:00,106.51,106.51,106.36,106.38,4204.0
2017-11-03 11:02:00,106.54,106.54,106.52,106.52,500.0
2017-11-03 11:03:00,106.5,106.54,106.5,106.54,200.0
2017-11-03 11:04:00,106.54,106.54,106.54,106.54,100.0
2017-11-03 11:05:00,106.51,106.51,106.51,106.51,100.0
2017-11-03 11:06:00,106.54,106.59,106.515,106.515,1805.0
2017-11-03 11:07:00,106.62,106.63,106.51,106.55,2000.0
2017-11-03 11:09:00,106.48,106.6,106.48,106.57,1700.0
2017-11-03 11:10:00,106.43,106.43,106.43,106.43,100.0
2017-11-03 11:12:00,106.44,106.47,106.4,106.4,1500.0
2017-11-03 11:13:00,106.385,106.47,106.37,106.44,1600.0
2017-11-03 11:14:00,106.345,106.345,106.345,106.345,100.0
2017-11-03 11:15:00,106.335,106.41,106.29,106.31,2841.0
2017-11-03 11:16:00,106.29,106.29,106.29,106.29,200.0
2017-11-03 11:17:00,106.2,106.315,106.18,106.315,2696.0
2017-11-03 11:18:00,106.2033,106.2033,106.185,106.2,300.0
2017-11-03 11:19:00,106.11,106.17,106.09,106.14,1700.0
2017-11-03 11:20:00,106.02,106.08,106.02,106.08,300.0
2017-11-03 11:21:00,106.01,106.09,105.97,106.0101,4050.0
2017-11-03 11:22:00,106.01,106.01,106.01,106.01,100.0
2017-11-03 11:23:00,106.06,106.06,106.02,106.02,600.0
2017-11-03 11:24:00,106.08,106.08,106.08,106.08,100.0
2017-11-03 11:27:00,106.11,106.12,106.08,106.08,1000.0
2017-11-03 11:28:00,106.16,106.23,106.025,106.11,11127.0
2017-11-03 11:29:00,106.17,106.19,106.13,106.1599,2937.0
2017-11-03 11:30:00,106.11,106.14,106.11,106.14,300.0
2017-11-03 11:32:00,105.99,105.99,105.97,105.97,838.0
2017-11-03 11:36:00,105.98,106.02,105.91,105.94,2200.0
2017-11-03 11:37:00,105.92,105.98,105.92,105.965,500.0
2017-11-03 11:38:00,106.0,106.0,105.96,105.96,700.0
2017-11-03 11:40:00,106.01,106.01,106.01,106.01,100.0
2017-11-03 11:41:00,106.01,106.01,106.01,106.01,100.0
2017-11-03 11:42:00,106.03,106.03,105.97,105.97,200.0
2017-11-03 11:44:00,106.03,106.03,106.03,106.03,100.0
2017-11-03 11:45:00,106.03,106.03,106.005,106.005,310.0
2017-11-03 11:46:00,105.99,106.06,105.99,105.99,2320.0
2017-11-03 11:47:00,105.98,106.0,105.97,106.0,1300.0
2017-11-03 11:48:00,105.96,105.98,105.94,105.95,700.0
2017-11-03 11:51:00,105.94,105.96,105.92,105.94,600.0
2017-11-03 11:52:00,106.03,106.05,105.93,105.94,1300.0
2017-11-03 11:53:00,106.045,106.045,106.045,106.045,100.0
2017-11-03 11:54:00,106.16,106.16,106.08,106.08,1200.0
2017-11-03 11:55:00,106.105,106.14,106.07,106.13,600.0
2017-11-03 11:56:00,106.04,106.11,106.04,106.08,1500.0
2017-11-03 11:59:00,106.075,106.075,106.04,106.04,834.0
2017-11-03 12:00:00,105.99,106.05,105.99,106.05,500.0
2017-11-03 12:01:00,106.02,106.02,106.02,106.02,100.0
2017-11-03 12:02:00,105.891,105.891,105.891,105.891,1050.0
2017-11-03 12:05:00,106.0,106.0,106.0,106.0,389.0
2017-11-03 12:06:00,105.97,106.0,105.92,106.0,500.0
2017-11-03 12:07:00,105.97,105.97,105.96,105.97,400.0
2017-11-03 12:08:00,105.98,105.98,105.98,105.98,200.0
2017-11-03 12:09:00,105.98,106.0,105.98,106.0,350.0
2017-11-03 12:11:00,106.0,106.01,105.96,105.96,1000.0
2017-11-03 12:13:00,106.0,106.0,105.96,106.0,500.0
2017-11-03 12:14:00,105.97,106.0,105.97,106.0,900.0
2017-11-03 12:15:00,105.92,105.92,105.9,105.92,800.0
2017-11-03 12:16:00,105.94,105.94,105.93,105.93,700.0
2017-11-03 12:18:00,105.97,105.97,105.97,105.97,100.0
2017-11-03 12:19:00,105.95,105.95,105.93,105.94,300.0
2017-11-03 12:20:00,105.91,105.95,105.91,105.91,300.0
2017-11-03 12:21:00,105.93,105.95,105.885,105.91,1000.0
2017-11-03 12:22:00,105.89,105.92,105.89,105.92,1100.0
2017-11-03 12:24:00,105.84,105.92,105.84,105.87,800.0
2017-11-03 12:25:00,105.84,105.84,105.84,105.84,100.0
2017-11-03 12:26:00,105.84,105.85,105.84,105.85,300.0
2017-11-03 12:27:00,105.89,105.89,105.84,105.84,1262.0
2017-11-03 12:28:00,105.95,105.95,105.91,105.91,300.0
2017-11-03 12:30:00,105.94,105.94,105.94,105.94,300.0
2017-11-03 12:31:00,105.95,105.96,105.94,105.96,1250.0
2017-11-03 12:32:00,105.94,105.95,105.94,105.95,300.0
2017-11-03 12:33:00,105.93,105.93,105.93,105.93,100.0
2017-11-03 12:34:00,105.895,105.92,105.88,105.88,300.0
2017-11-03 12:35:00,105.87,105.9,105.87,105.87,500.0
2017-11-03 12:36:00,105.86,105.86,105.86,105.86,210.0
2017-11-03 12:37:00,105.84,105.87,105.84,105.87,250.0
2017-11-03 12:38:00,105.84,105.86,105.84,105.84,15500.0
2017-11-03 12:39:00,105.74,105.82,105.73,105.82,800.0
2017-11-03 12:40:00,105.61,105.77,105.61,105.77,600.0
2017-11-03 12:41:00,105.71,105.72,105.655,105.655,1135.0
2017-11-03 12:42:00,105.63,105.63,105.63,105.63,100.0
2017-11-03 12:43:00,105.57,105.62,105.57,105.62,1099.0
2017-11-03 12:44:00,105.575,105.575,105.51,105.52,350.0
2017-11-03 12:45:00,105.53,105.53,105.53,105.53,100.0
2017-11-03 12:46:00,105.55,105.59,105.55,105.58,900.0
2017-11-03 12:47:00,105.56,105.58,105.56,105.56,1150.0
2017-11-03 12:48:00,105.61,105.61,105.54,105.54,800.0
2017-11-03 12:52:00,105.57,105.57,105.57,105.57,600.0
2017-11-03 12:53:00,105.55,105.55,105.54,105.54,200.0
2017-11-03 12:54:00,105.53,105.55,105.53,105.55,1142.0
2017-11-03 12:55:00,105.51,105.5364,105.51,105.51,400.0
2017-11-03 12:57:00,105.44,105.495,105.44,105.48,670.0
2017-11-03 12:58:00,105.37,105.445,105.37,105.415,1400.0
2017-11-03 12:59:00,105.34,105.3799,105.26,105.36,22564.0
2017-11-03 13:00:00,105.48,105.5,105.3,105.36,26315.0
2017-11-03 13:01:00,105.531,105.63,105.39,105.45,7550.0
2017-11-03 13:02:00,105.682,105.72,105.58,105.58,5412.0
2017-11-03 13:03:00,105.73,105.73,105.61399999999999,105.64,3900.0
2017-11-03 13:04:00,105.7747,105.83,105.68,105.68,2450.0
2017-11-03 13:05:00,105.829,105.829,105.7966,105.81,700.0
2017-11-03 13:06:00,105.8459,105.8459,105.8025,105.815,670.0
2017-11-03 13:07:00,105.88,105.899,105.81,105.899,2720.0
2017-11-03 13:08:00,105.94,105.94,105.89,105.89,3140.0
2017-11-03 13:09:00,105.98,106.01,105.92,105.9356,10638.0
2017-11-03 13:10:00,106.02,106.02,106.01,106.0196,2200.0
2017-11-03 13:11:00,105.9,105.98,105.8545,105.98,4945.0
2017-11-03 13:12:00,105.79,105.9,105.79,105.9,2100.0
2017-11-03 13:13:00,105.78,105.78,105.77,105.78,715.0
2017-11-03 13:14:00,105.8226,105.8226,105.79,105.79,900.0
2017-11-03 13:15:00,105.91,105.91,105.83,105.83,1600.0
2017-11-03 13:16:00,105.9,105.9,105.9,105.9,100.0
2017-11-03 13:17:00,105.86,105.92,105.86,105.92,469.0
2017-11-03 13:18:00,105.92,105.92,105.86,105.87,400.0
2017-11-03 13:19:00,105.89,105.92,105.89,105.92,300.0
2017-11-03 13:20:00,105.86,105.86,105.86,105.86,300.0
2017-11-03 13:21:00,105.9212,105.9212,105.9,105.9,500.0
2017-11-03 13:22:00,105.9381,105.9381,105.9381,105.9381,100.0
2017-11-03 13:23:00,105.91,105.97,105.91,105.94,1100.0
2017-11-03 13:24:00,105.959,105.959,105.959,105.959,200.0
2017-11-03 13:25:00,106.0,106.0,105.96,105.96,523.0
2017-11-03 13:26:00,105.97200000000001,105.9999,105.97200000000001,105.9999,500.0
2017-11-03 13:27:00,106.0,106.0,106.0,106.0,300.0
2017-11-03 13:28:00,105.98,105.985,105.94,105.97,1000.0
2017-11-03 13:29:00,105.965,105.969,105.965,105.969,500.0
2017-11-03 13:30:00,105.94,105.98,105.94,105.965,700.0
2017-11-03 13:31:00,105.95,105.95,105.93,105.94,600.0
2017-11-03 13:32:00,105.95,105.98,105.93,105.93,2400.0
2017-11-03 13:33:00,105.9,105.97,105.9,105.96,1148.0
2017-11-03 13:34:00,105.88,105.88,105.85,105.86,690.0
2017-11-03 13:35:00,105.87,105.88,105.87,105.88,200.0
2017-11-03 13:36:00,105.88,105.91,105.88,105.89,1000.0
2017-11-03 13:37:00,105.87,105.88,105.87,105.88,610.0
2017-11-03 13:38:00,105.88,105.88,105.85,105.85,906.0
2017-11-03 13:39:00,105.84,105.87,105.84,105.87,1071.0
2017-11-03 13:40:00,105.84,105.87,105.82,105.845,2525.0
2017-11-03 13:41:00,105.83,105.84,105.82,105.82,1400.0
2017-11-03 13:42:00,105.84,105.84,105.81,105.8348,1200.0
2017-11-03 13:43:00,105.76,105.82,105.76,105.82,2193.0
2017-11-03 13:44:00,105.8,105.8,105.77,105.77,800.0
2017-11-03 13:45:00,105.81,105.81,105.79,105.81,1300.0
2017-11-03 13:46:00,105.8,105.81,105.79,105.8,1000.0
2017-11-03 13:47:00,105.78,105.8,105.78,105.8,600.0
2017-11-03 13:48:00,105.7114,105.8,105.68,105.8,2205.0
2017-11-03 13:49:00,105.715,105.72,105.71,105.72,400.0
2017-11-03 13:50:00,105.705,105.73,105.67,105.7,2783.0
2017-11-03 13:51:00,105.72,105.72,105.71,105.72,600.0
2017-11-03 13:52:00,105.75,105.75,105.75,105.75,100.0
2017-11-03 13:54:00,105.88,105.88,105.77,105.77,2721.0
2017-11-03 13:55:00,105.87,105.88,105.87,105.88,200.0
2017-11-03 13:57:00,105.86,105.8795,105.86,105.8618,612.0
2017-11-03 13:58:00,105.8,105.85,105.8,105.85,2200.0
2017-11-03 13:59:00,105.835,105.84,105.8256,105.8256,1800.0
2017-11-03 14:00:00,105.84,105.85,105.81,105.85,600.0
2017-11-03 14:01:00,105.82,105.84,105.8,105.83,1900.0
2017-11-03 14:02:00,105.801,105.84,105.77,105.7859,2857.0
2017-11-03 14:04:00,105.81,105.82,105.8,105.82,1900.0
2017-11-03 14:05:00,105.8,105.83,105.77,105.82,3800.0
2017-11-03 14:08:00,105.83,105.83,105.8299,105.8299,200.0
2017-11-03 14:09:00,105.78,105.83,105.78,105.8025,8600.0
2017-11-03 14:10:00,105.82,105.82,105.78,105.78,200.0
2017-11-03 14:11:00,105.83,105.83,105.78,105.805,4696.0
2017-11-03 14:12:00,105.82,105.84,105.82,105.84,1329.0
2017-11-03 14:13:00,105.81,105.81,105.81,105.81,100.0
2017-11-03 14:14:00,105.8,105.83,105.8,105.82,3669.0
2017-11-03 14:15:00,105.81,105.84,105.8,105.8,4583.0
2017-11-03 14:16:00,105.8,105.825,105.8,105.825,900.0
2017-11-03 14:17:00,105.81,105.81,105.81,105.81,100.0
2017-11-03 14:18:00,105.82,105.82,105.8072,105.8072,2436.0
2017-11-03 14:19:00,105.81,105.81,105.81,105.81,200.0
2017-11-03 14:20:00,105.78,105.81,105.78,105.8,1115.0
2017-11-03 14:21:00,105.77,105.78,105.77,105.77,370.0
2017-11-03 14:22:00,105.75,105.77,105.75,105.76,500.0
2017-11-03 14:24:00,105.76,105.76,105.73,105.73,800.0
2017-11-03 14:26:00,105.79,105.79,105.78,105.79,331.0
2017-11-03 14:27:00,105.8,105.8,105.75,105.79899999999999,915.0
2017-11-03 14:28:00,105.81,105.81,105.8,105.81,600.0
2017-11-03 14:30:00,105.77,105.82,105.77,105.805,2000.0
2017-11-03 14:31:00,105.7384,105.7384,105.7384,105.7384,100.0
2017-11-03 14:32:00,105.73,105.73,105.73,105.73,100.0
2017-11-03 14:33:00,105.68,105.725,105.65,105.71,1650.0
2017-11-03 14:34:00,105.66,105.66,105.66,105.66,100.0
2017-11-03 14:35:00,105.685,105.685,105.685,105.685,100.0
2017-11-03 14:36:00,105.69,105.72,105.684,105.684,800.0
2017-11-03 14:37:00,105.62,105.68,105.62,105.68,1000.0
2017-11-03 14:38:00,105.59,105.59,105.58,105.59,984.0
2017-11-03 14:39:00,105.57,105.58,105.56,105.58,800.0
2017-11-03 14:40:00,105.59,105.61,105.58,105.58,2400.0
2017-11-03 14:41:00,105.581,105.61,105.5701,105.6,1230.0
2017-11-03 14:43:00,105.5829,105.61,105.57,105.61,1000.0
2017-11-03 14:44:00,105.56,105.56,105.55,105.55,400.0
2017-11-03 14:45:00,105.51,105.55,105.51,105.55,400.0
2017-11-03 14:46:00,105.47,105.52,105.47,105.51,2293.0
2017-11-03 14:47:00,105.44,105.4403,105.44,105.4403,200.0
2017-11-03 14:48:00,105.36,105.44,105.36,105.44,3400.0
2017-11-03 14:50:00,105.36,105.38,105.36,105.38,400.0
2017-11-03 14:51:00,105.37,105.375,105.36,105.375,500.0
2017-11-03 14:52:00,105.36,105.39,105.36,105.36,1200.0
2017-11-03 14:53:00,105.37,105.37,105.37,105.37,200.0
2017-11-03 14:54:00,105.35,105.38,105.35,105.38,600.0
2017-11-03 14:55:00,105.1301,105.36,105.1201,105.36,7153.0
2017-11-03 14:56:00,105.1301,105.14,105.1301,105.14,300.0
2017-11-03 14:57:00,105.1303,105.185,105.1303,105.185,1200.0
2017-11-03 14:58:00,105.12,105.16,105.1,105.13,4299.0
2017-11-03 14:59:00,105.1,105.12,105.09,105.11,3500.0
2017-11-03 15:00:00,105.05,105.11,105.05,105.1,1133.0
2017-11-03 15:01:00,105.07,105.1,105.065,105.075,3080.0
2017-11-03 15:02:00,105.0301,105.08,105.03,105.08,5812.0
2017-11-03 15:03:00,104.98,105.07,104.98,105.07,5535.0
2017-11-03 15:04:00,105.01,105.08,104.99,104.99,3466.0
2017-11-03 15:06:00,105.0201,105.0701,104.9701,105.02,4036.0
2017-11-03 15:07:00,105.06,105.06,105.0301,105.0301,1057.0
2017-11-03 15:08:00,105.07,105.07,105.04,105.06,2081.0
2017-11-03 15:09:00,105.05,105.08,105.05,105.07,1296.0
2017-11-03 15:10:00,105.0,105.04,104.995,105.04,873.0
2017-11-03 15:11:00,105.01,105.0196,104.995,104.995,382.0
2017-11-03 15:12:00,105.1,105.1,105.01,105.02,2468.0
2017-11-03 15:13:00,105.0501,105.11,105.0101,105.11,1000.0
2017-11-03 15:14:00,105.06,105.08,105.06,105.08,500.0
2017-11-03 15:15:00,105.06,105.06,105.06,105.06,100.0
2017-11-03 15:16:00,105.07,105.07,105.03,105.055,1100.0
2017-11-03 15:17:00,105.05,105.08,105.05,105.06,900.0
2017-11-03 15:18:00,104.99,105.08,104.99,105.06,2487.0
2017-11-03 15:20:00,104.95,105.03,104.94,105.03,9457.0
2017-11-03 15:21:00,104.94,104.98,104.94,104.97,2000.0
2017-11-03 15:22:00,104.94,104.98,104.93,104.98,5250.0
2017-11-03 15:23:00,104.91,104.94,104.91,104.93,2700.0
2017-11-03 15:24:00,104.89,104.92,104.89,104.92,1551.0
2017-11-03 15:25:00,104.89,104.91,104.89,104.91,200.0
2017-11-03 15:26:00,104.91,104.91,104.89,104.91,3283.0
2017-11-03 15:27:00,105.0,105.02,104.92,104.92,4861.0
2017-11-03 15:28:00,105.008,105.01,104.93,104.99,4495.0
2017-11-03 15:29:00,105.0,105.02,104.93,105.0,2820.0
2017-11-03 15:30:00,104.9989,105.02,104.98,105.0,7456.0
2017-11-03 15:31:00,105.0,105.01,105.0,105.01,4588.0
2017-11-03 15:32:00,104.99,105.01,104.96,105.01,3679.0
2017-11-03 15:33:00,104.99,104.99,104.94,104.98,3763.0
2017-11-03 15:34:00,105.02,105.02,105.0083,105.01,900.0
2017-11-03 15:35:00,105.0,105.04,105.0,105.02,5217.0
2017-11-03 15:36:00,105.07,105.1001,105.0,105.0,8971.0
2017-11-03 15:37:00,105.07,105.09,105.07,105.075,2912.0
2017-11-03 15:38:00,105.14,105.14,105.08,105.085,4852.0
2017-11-03 15:39:00,105.11,105.14,105.0901,105.135,5190.0
2017-11-03 15:40:00,105.08,105.12,105.07,105.12,5700.0
2017-11-03 15:41:00,105.09,105.09,105.08,105.08,4000.0
2017-11-03 15:42:00,105.08,105.09,105.08,105.09,4636.0
2017-11-03 15:43:00,104.99,105.08,104.96,105.08,6145.0
2017-11-03 15:44:00,105.05,105.05,104.98,104.98,2790.0
2017-11-03 15:45:00,105.09,105.1099,105.055,105.055,4023.0
2017-11-03 15:46:00,105.06,105.0999,105.06,105.085,13598.0
2017-11-03 15:47:00,105.03,105.07,105.01,105.04,8440.0
2017-11-03 15:48:00,105.02,105.04,105.02,105.03,3293.0
2017-11-03 15:49:00,104.97,105.035,104.97,105.035,6829.0
2017-11-03 15:50:00,105.05,105.05,104.97,104.97,6938.0
2017-11-03 15:51:00,105.04,105.1,105.03,105.05,6151.0
2017-11-03 15:52:00,105.01,105.04,105.01,105.04,1600.0
2017-11-03 15:53:00,105.01,105.04,104.97,105.02,3300.0
2017-11-03 15:54:00,105.0299,105.0299,105.0,105.0,2375.0
2017-11-03 15:55:00,105.01,105.03,105.0,105.03,3151.0
2017-11-03 15:56:00,104.99,105.0199,104.99,105.0199,1821.0
2017-11-03 15:57:00,104.95,104.995,104.95,104.99,6015.0
2017-11-03 15:58:00,104.93,104.98,104.93,104.95,8071.0
2017-11-03 15:59:00,104.85,104.95,104.85,104.92,23283.0
2017-11-03 16:00:00,104.95,104.99,104.84,104.86,29559.0
2017-11-06 09:34:00,104.86,104.86,104.86,104.86,8658.0
2017-11-06 09:36:00,104.59,104.73,104.59,104.73,3055.0
2017-11-06 09:37:00,104.48,104.59,104.48,104.59,1460.0
2017-11-06 09:38:00,104.6671,104.67,104.56,104.57,2523.0
2017-11-06 09:39:00,104.3229,104.6512,104.3106,104.6512,4200.0
2017-11-06 09:40:00,104.35,104.43,104.35,104.43,300.0
2017-11-06 09:41:00,104.35,104.35,104.35,104.35,100.0
2017-11-06 09:42:00,104.47,104.47,104.415,104.415,400.0
2017-11-06 09:43:00,104.57,104.57,104.57,104.57,100.0
2017-11-06 09:44:00,104.59,104.59,104.59,104.59,200.0
2017-11-06 09:45:00,104.6,104.64,104.539,104.59,700.0
2017-11-06 09:46:00,104.73,104.73,104.615,104.65,6194.0
2017-11-06 09:47:00,104.85,104.86,104.73,104.78,1460.0
2017-11-06 09:48:00,104.825,104.905,104.82,104.905,1624.0
2017-11-06 09:49:00,104.82,104.9,104.76,104.82,1400.0
2017-11-06 09:50:00,104.7,104.815,104.7,104.815,1485.0
2017-11-06 09:51:00,104.905,104.95,104.78,104.78,1100.0
2017-11-06 09:52:00,104.83,104.89399999999999,104.765,104.89399999999999,1715.0
2017-11-06 09:53:00,104.81,104.81,104.8,104.81,500.0
2017-11-06 09:54:00,104.95,104.95,104.87,104.88,605.0
2017-11-06 09:55:00,105.04,105.07,105.04,105.07,200.0
2017-11-06 09:56:00,105.01,105.01,105.01,105.01,125.0
2017-11-06 09:57:00,105.19,105.19,105.08,105.08,1800.0
2017-11-06 09:58:00,105.26,105.3,105.16,105.19,4456.0
2017-11-06 09:59:00,105.28,105.3,105.185,105.3,3400.0
2017-11-06 10:00:00,105.42,105.42,105.37,105.37,390.0
2017-11-06 10:01:00,105.29,105.37,105.29,105.35,2200.0
2017-11-06 10:02:00,105.315,105.36,105.29,105.29,1361.0
2017-11-06 10:03:00,105.37,105.37,105.345,105.35,500.0
2017-11-06 10:04:00,105.31,105.39,105.28,105.39,4800.0
2017-11-06 10:06:00,105.275,105.3,105.25,105.3,1500.0
2017-11-06 10:07:00,105.17,105.26,105.17,105.251,1600.0
2017-11-06 10:08:00,105.16,105.18,105.14,105.17,2030.0
2017-11-06 10:09:00,105.18,105.2,105.18,105.19,400.0
2017-11-06 10:10:00,105.19,105.19,105.19,105.19,100.0
2017-11-06 10:11:00,105.26,105.26,105.26,105.26,600.0
2017-11-06 10:12:00,105.23,105.25,105.205,105.24,1400.0
2017-11-06 10:13:00,105.2,105.2194,105.2,105.2194,200.0
2017-11-06 10:14:00,105.21,105.22,105.2,105.2,2130.0
2017-11-06 10:15:00,105.23,105.26,105.21,105.21,1300.0
2017-11-06 10:16:00,105.21,105.22,105.18,105.22,1400.0
2017-11-06 10:17:00,105.23,105.23,105.23,105.23,200.0
2017-11-06 10:18:00,105.2,105.25,105.2,105.25,1400.0
2017-11-06 10:19:00,105.25,105.26,105.24,105.24,800.0
2017-11-06 10:20:00,105.24,105.3,105.24,105.27799999999999,2167.0
2017-11-06 10:21:00,105.28,105.28,105.28,105.28,100.0
2017-11-06 10:22:00,105.26,105.27,105.24,105.27,319.0
2017-11-06 10:23:00,105.27,105.28,105.24,105.26,1931.0
2017-11-06 10:24:00,105.205,105.24,105.205,105.24,700.0
2017-11-06 10:25:00,105.24,105.25,105.205,105.205,1900.0
2017-11-06 10:26:00,105.27,105.28,105.2,105.28,2200.0
2017-11-06 10:27:00,105.4,105.42,105.28,105.28,3318.0
2017-11-06 10:28:00,105.35,105.4212,105.34,105.37,1748.0
2017-11-06 10:29:00,105.4,105.49,105.38,105.3997,1452.0
2017-11-06 10:30:00,105.39,105.445,105.39,105.445,1200.0
2017-11-06 10:32:00,105.57,105.57,105.42,105.45,2230.0
2017-11-06 10:33:00,105.53,105.6,105.48,105.59,4800.0
2017-11-06 10:34:00,105.455,105.54,105.39,105.48,5524.0
2017-11-06 10:35:00,105.465,105.465,105.465,105.465,100.0
2017-11-06 10:36:00,105.39,105.46,105.39,105.46,1000.0
2017-11-06 10:37:00,105.38,105.405,105.365,105.365,1351.0
2017-11-06 10:38:00,105.36,105.36,105.36,105.36,100.0
2017-11-06 10:39:00,105.39,105.39,105.35,105.35,200.0
2017-11-06 10:40:00,105.35,105.41,105.35,105.38,300.0
2017-11-06 10:41:00,105.24,105.35,105.205,105.35,3602.0
2017-11-06 10:42:00,105.24,105.245,105.24,105.245,200.0
2017-11-06 10:43:00,105.265,105.3,105.22,105.24,5639.0
2017-11-06 10:44:00,105.26,105.26,105.26,105.26,100.0
2017-11-06 10:45:00,105.28,105.28,105.26,105.265,1100.0
2017-11-06 10:46:00,105.35,105.35,105.26,105.26,1700.0
2017-11-06 10:47:00,105.355,105.355,105.35,105.35,680.0
2017-11-06 10:48:00,105.34,105.35,105.33,105.33,3200.0
2017-11-06 10:49:00,105.4,105.42,105.36,105.36,799.0
2017-11-06 10:50:00,105.41,105.41,105.34,105.4,900.0
2017-11-06 10:51:00,105.31,105.38,105.31,105.375,912.0
2017-11-06 10:52:00,105.25,105.30799999999999,105.25,105.30799999999999,2377.0
2017-11-06 10:53:00,105.23,105.23,105.23,105.23,100.0
2017-11-06 10:54:00,105.235,105.25,105.215,105.23,2850.0
2017-11-06 10:55:00,105.24,105.27,105.23,105.23,800.0
2017-11-06 10:56:00,105.21,105.235,105.21,105.235,600.0
2017-11-06 10:57:00,105.24,105.24,105.21,105.21,200.0
2017-11-06 10:58:00,105.17,105.23,105.17,105.215,4290.0
2017-11-06 10:59:00,105.21,105.27,105.165,105.17,2100.0
2017-11-06 11:01:00,105.23,105.28,105.18,105.28,1501.0
2017-11-06 11:03:00,105.27,105.27,105.24,105.24,300.0
2017-11-06 11:04:00,105.345,105.345,105.3,105.3,900.0
2017-11-06 11:05:00,105.3699,105.3699,105.35,105.35,300.0
2017-11-06 11:06:00,105.355,105.355,105.35,105.35,500.0
2017-11-06 11:07:00,105.34,105.39,105.34,105.37,3558.0
2017-11-06 11:08:00,105.355,105.39,105.32,105.37,2200.0
2017-11-06 11:09:00,105.398,105.398,105.39,105.39,302.0
2017-11-06 11:10:00,105.44,105.46,105.41,105.41,907.0
2017-11-06 11:13:00,105.47,105.47,105.435,105.435,900.0
2017-11-06 11:14:00,105.36,105.44,105.36,105.42,1419.0
2017-11-06 11:15:00,105.29,105.36,105.29,105.36,800.0
2017-11-06 11:16:00,105.26,105.33,105.26,105.29,400.0
2017-11-06 11:17:00,105.34,105.38,105.29,105.33,2222.0
2017-11-06 11:18:00,105.35,105.35,105.35,105.35,500.0
2017-11-06 11:20:00,105.35,105.35,105.35,105.35,100.0
2017-11-06 11:23:00,105.36,105.39,105.36,105.36,500.0
2017-11-06 11:24:00,105.395,105.395,105.395,105.395,100.0
2017-11-06 11:25:00,105.395,105.395,105.395,105.395,500.0
2017-11-06 11:26:00,105.37,105.37,105.37,105.37,100.0
2017-11-06 11:27:00,105.42,105.43,105.42,105.42,3336.0
2017-11-06 11:28:00,105.48,105.49,105.405,105.405,4210.0
2017-11-06 11:29:00,105.52,105.52,105.47,105.47,1133.0
2017-11-06 11:30:00,105.5,105.56,105.48,105.52,1983.0
2017-11-06 11:31:00,105.49,105.49,105.49,105.49,100.0
2017-11-06 11:32:00,105.4875,105.4875,105.4875,105.4875,100.0
2017-11-06 11:33:00,105.48,105.49,105.46,105.47,1423.0
2017-11-06 11:34:00,105.54,105.56,105.47,105.49,2201.0
2017-11-06 11:35:00,105.56,105.56,105.56,105.56,100.0
2017-11-06 11:36:00,105.55,105.55,105.55,105.55,100.0
2017-11-06 11:37:00,105.6,105.65,105.53,105.54,3394.0
2017-11-06 11:38:00,105.61,105.61,105.57,105.57,1300.0
2017-11-06 11:39:00,105.62,105.62,105.62,105.62,100.0
2017-11-06 11:40:00,105.66,105.66,105.66,105.66,300.0
2017-11-06 11:41:00,105.69,105.69,105.635,105.68,900.0
2017-11-06 11:42:00,105.65,105.69,105.63,105.69,2400.0
2017-11-06 11:43:00,105.7499,105.7499,105.66,105.66,700.0
2017-11-06 11:44:00,105.77,105.77,105.715,105.75,1100.0
2017-11-06 11:45:00,105.7899,105.79,105.755,105.755,300.0
2017-11-06 11:46:00,105.7899,105.795,105.73,105.73,1900.0
2017-11-06 11:47:00,105.805,105.81,105.77,105.77,800.0
2017-11-06 11:48:00,105.785,105.84,105.785,105.8109,1886.0
2017-11-06 11:49:00,105.8,105.8,105.77,105.77,500.0
2017-11-06 11:50:00,105.79,105.83,105.79,105.81,400.0
2017-11-06 11:51:00,105.84,105.86,105.8071,105.86,946.0
2017-11-06 11:52:00,105.84,105.84,105.8,105.8,300.0
2017-11-06 11:53:00,105.8499,105.85,105.82,105.84,856.0
2017-11-06 11:54:00,105.89,105.94,105.84,105.84,3862.0
2017-11-06 11:55:00,105.96,105.96,105.88,105.88,700.0
2017-11-06 11:56:00,105.9077,105.95,105.9,105.92,787.0
2017-11-06 11:57:00,105.95,105.98,105.88,105.89,4350.0
2017-11-06 11:58:00,105.94,105.97,105.94,105.97,200.0
2017-11-06 11:59:00,105.925,105.95,105.92,105.93,3150.0
2017-11-06 12:00:00,105.96,105.965,105.93,105.93,3675.0
2017-11-06 12:01:00,105.94,105.96,105.94,105.96,400.0
2017-11-06 12:02:00,105.94,105.98,105.94,105.9743,1000.0
2017-11-06 12:03:00,105.94,105.94,105.94,105.94,200.0
2017-11-06 12:04:00,105.95,105.98,105.941,105.941,2996.0
2017-11-06 12:05:00,105.81,105.93,105.75,105.93,3300.0
2017-11-06 12:06:00,105.85,105.85,105.8,105.8,900.0
2017-11-06 12:07:00,105.85,105.85,105.85,105.85,200.0
2017-11-06 12:08:00,105.83,105.83,105.8,105.83,900.0
2017-11-06 12:09:00,105.68,105.8,105.68,105.8,400.0
2017-11-06 12:10:00,105.47,105.69,105.45,105.68,4650.0
2017-11-06 12:11:00,105.31,105.4017,105.31,105.4017,200.0
2017-11-06 12:12:00,105.47,105.48,105.42,105.42,1440.0
2017-11-06 12:14:00,105.62,105.62,105.584,105.6091,1200.0
2017-11-06 12:15:00,105.59,105.59,105.59,105.59,100.0
2017-11-06 12:16:00,105.59,105.59,105.5685,105.5685,1043.0
2017-11-06 12:17:00,105.571,105.571,105.571,105.571,100.0
2017-11-06 12:18:00,105.65,105.65,105.55,105.57,1500.0
2017-11-06 12:19:00,105.65,105.65,105.65,105.65,100.0
2017-11-06 12:20:00,105.69,105.69,105.64,105.64,700.0
2017-11-06 12:21:00,105.72,105.72,105.67,105.67,500.0
2017-11-06 12:23:00,105.69,105.69,105.69,105.69,100.0
2017-11-06 12:24:00,105.79,105.79,105.7,105.7,1260.0
2017-11-06 12:25:00,105.7446,105.7446,105.735,105.74,300.0
2017-11-06 12:27:00,105.75,105.75,105.7107,105.7499,1038.0
2017-11-06 12:28:00,105.77,105.77,105.7367,105.7367,400.0
2017-11-06 12:29:00,105.7333,105.77,105.7333,105.77,500.0
2017-11-06 12:31:00,105.75,105.75,105.75,105.75,100.0
2017-11-06 12:32:00,105.75,105.77,105.75,105.75,1815.0
2017-11-06 12:34:00,105.74,105.745,105.72,105.73,1600.0
2017-11-06 12:35:00,105.77,105.77,105.73,105.74,800.0
2017-11-06 12:36:00,105.73,105.75,105.73,105.75,400.0
2017-11-06 12:37:00,105.74,105.74,105.715,105.73,1400.0
2017-11-06 12:38:00,105.73,105.73,105.715,105.72,1400.0
2017-11-06 12:39:00,105.67,105.73,105.65,105.73,3460.0
2017-11-06 12:41:00,105.66,105.66,105.66,105.66,100.0
2017-11-06 12:42:00,105.6,105.67,105.6,105.67,800.0
2017-11-06 12:44:00,105.65,105.65,105.65,105.65,486.0
2017-11-06 12:45:00,105.67,105.67,105.67,105.67,100.0
2017-11-06 12:46:00,105.61,105.62,105.58,105.61,1200.0
2017-11-06 12:47:00,105.6024,105.6024,105.6024,105.6024,500.0
2017-11-06 12:48:00,105.62,105.62,105.6,105.6,567.0
2017-11-06 12:49:00,105.57,105.63,105.57,105.62,1400.0
2017-11-06 12:50:00,105.61,105.61,105.59,105.59,300.0
2017-11-06 12:51:00,105.587,105.587,105.587,105.587,300.0
2017-11-06 12:52:00,105.57,105.57,105.57,105.57,100.0
2017-11-06 12:53:00,105.65,105.65,105.65,105.65,200.0
2017-11-06 12:55:00,105.65,105.65,105.65,105.65,1000.0
2017-11-06 12:56:00,105.68,105.68,105.63,105.63,1100.0
2017-11-06 12:57:00,105.67,105.67,105.67,105.67,100.0
2017-11-06 12:58:00,105.72,105.72,105.71,105.71,651.0
2017-11-06 12:59:00,105.715,105.715,105.715,105.715,100.0
2017-11-06 13:00:00,105.76,105.76,105.7178,105.7178,520.0
2017-11-06 13:01:00,105.78,105.78,105.72,105.72,300.0
2017-11-06 13:02:00,105.79,105.79,105.76,105.76,1000.0
2017-11-06 13:04:00,105.76,105.76,105.76,105.76,100.0
2017-11-06 13:05:00,105.82,105.82,105.8,105.81,600.0
2017-11-06 13:06:00,105.88,105.88,105.79,105.79,400.0
2017-11-06 13:08:00,105.83,105.88,105.82,105.88,1621.0
2017-11-06 13:09:00,105.85,105.85,105.85,105.85,100.0
2017-11-06 13:12:00,105.825,105.825,105.825,105.825,100.0
2017-11-06 13:13:00,105.84,105.84,105.84,105.84,300.0
2017-11-06 13:16:00,105.82,105.84,105.81,105.81,1800.0
2017-11-06 13:17:00,105.825,105.835,105.82,105.82,1285.0
2017-11-06 13:18:00,105.8,105.835,105.8,105.82,1306.0
2017-11-06 13:19:00,105.77,105.81,105.76,105.8,1000.0
2017-11-06 13:20:00,105.74,105.76,105.71,105.76,700.0
2017-11-06 13:21:00,105.71,105.74,105.71,105.74,600.0
2017-11-06 13:22:00,105.66,105.75,105.66,105.72,1100.0
2017-11-06 13:23:00,105.71,105.71,105.67,105.67,425.0
2017-11-06 13:24:00,105.68,105.68,105.68,105.68,100.0
2017-11-06 13:25:00,105.75,105.75,105.7,105.73,820.0
2017-11-06 13:26:00,105.74,105.74,105.69,105.73,830.0
2017-11-06 13:27:00,105.75,105.75,105.74,105.74,500.0
2017-11-06 13:28:00,105.75,105.75,105.7397,105.7397,657.0
2017-11-06 13:29:00,105.77,105.77,105.76,105.76,564.0
2017-11-06 13:30:00,105.76,105.76,105.76,105.76,100.0
2017-11-06 13:31:00,105.81,105.81,105.79,105.79,400.0
2017-11-06 13:34:00,105.8005,105.82,105.78,105.78,3170.0
2017-11-06 13:35:00,105.8055,105.8055,105.8055,105.8055,213.0
2017-11-06 13:36:00,105.85,105.85,105.82,105.82,1081.0
2017-11-06 13:37:00,105.89,105.89,105.83,105.86,800.0
2017-11-06 13:39:00,105.88,105.91,105.88,105.9,1449.0
2017-11-06 13:40:00,105.89,105.91,105.88,105.9,1100.0
2017-11-06 13:41:00,105.895,105.895,105.895,105.895,100.0
2017-11-06 13:42:00,105.9,105.91,105.88,105.91,3429.0
2017-11-06 13:43:00,105.91,105.91,105.91,105.91,100.0
2017-11-06 13:44:00,105.915,105.915,105.9,105.9,200.0
2017-11-06 13:45:00,105.95,105.95,105.93,105.93,620.0
2017-11-06 13:46:00,105.95,105.95,105.89,105.93,2896.0
2017-11-06 13:47:00,105.8917,105.8917,105.8917,105.8917,100.0
2017-11-06 13:48:00,105.89,105.89,105.89,105.89,100.0
2017-11-06 13:49:00,105.93,105.93,105.93,105.93,100.0
2017-11-06 13:50:00,105.91,105.93,105.91,105.93,708.0
2017-11-06 13:51:00,105.91,105.91,105.89,105.91,1500.0
2017-11-06 13:52:00,105.92,105.93,105.92,105.93,500.0
2017-11-06 13:53:00,105.89,105.93,105.8,105.93,2255.0
2017-11-06 13:54:00,105.8,105.81,105.8,105.81,200.0
2017-11-06 13:55:00,105.81,105.81,105.81,105.81,100.0
2017-11-06 13:56:00,105.91,105.91,105.84,105.86,2235.0
2017-11-06 13:57:00,105.91,105.92,105.88,105.92,800.0
2017-11-06 13:58:00,105.915,105.93,105.9,105.9,600.0
2017-11-06 13:59:00,105.9,105.9,105.87,105.9,1900.0
2017-11-06 14:00:00,105.91,105.95,105.86,105.91,2493.0
2017-11-06 14:01:00,105.92,105.93,105.9,105.91,518.0
2017-11-06 14:02:00,105.95,105.95,105.92,105.94,1002.0
2017-11-06 14:03:00,105.97,105.97,105.95,105.96,600.0
2017-11-06 14:04:00,106.0,106.0,105.97,105.97,2850.0
2017-11-06 14:06:00,105.97,106.03,105.97,106.0,1445.0
2017-11-06 14:07:00,105.96,105.98,105.96,105.98,800.0
2017-11-06 14:08:00,105.9797,105.9797,105.9797,105.9797,116.0
2017-11-06 14:09:00,105.995,105.995,105.95,105.965,1017.0
2017-11-06 14:10:00,105.96,105.99,105.95,105.98,729.0
2017-11-06 14:11:00,106.02,106.02,106.0,106.0,600.0
2017-11-06 14:12:00,106.04,106.04,106.04,106.04,100.0
2017-11-06 14:13:00,105.98,106.02,105.98,106.02,1907.0
2017-11-06 14:14:00,105.96,105.99,105.96,105.98,600.0
2017-11-06 14:15:00,106.03,106.03,105.97,105.99,1206.0
2017-11-06 14:16:00,105.97,106.0,105.96,105.98,1217.0
2017-11-06 14:17:00,105.97,105.98,105.96,105.96,1100.0
2017-11-06 14:18:00,106.0,106.0,106.0,106.0,100.0
2017-11-06 14:19:00,105.98,105.9832,105.98,105.9832,200.0
2017-11-06 14:20:00,106.0,106.0,105.98,105.985,1750.0
2017-11-06 14:22:00,106.01,106.01,105.99,106.0,1700.0
2017-11-06 14:23:00,106.01,106.01,105.9903,105.9903,1025.0
2017-11-06 14:25:00,106.02,106.02,105.99,105.99,2563.0
2017-11-06 14:26:00,106.03,106.04,106.01,106.03,2099.0
2017-11-06 14:27:00,106.05,106.05,106.0348,106.0499,726.0
2017-11-06 14:28:00,105.99,106.05,105.99,106.05,1200.0
2017-11-06 14:29:00,105.98,106.0,105.975,106.0,2300.0
2017-11-06 14:30:00,105.96,105.98700000000001,105.96,105.98,2489.0
2017-11-06 14:31:00,105.76,105.99,105.76,105.99,2513.0
2017-11-06 14:32:00,105.87,105.87,105.76,105.76,1600.0
2017-11-06 14:33:00,105.865,105.89,105.865,105.88,400.0
2017-11-06 14:34:00,105.875,105.875,105.87,105.87,359.0
2017-11-06 14:35:00,105.9,105.9,105.9,105.9,849.0
2017-11-06 14:36:00,105.9,105.91,105.84,105.91,1744.0
2017-11-06 14:37:00,105.89,105.89,105.89,105.89,175.0
2017-11-06 14:39:00,105.87,105.87,105.87,105.87,100.0
2017-11-06 14:40:00,105.91,105.92,105.89,105.92,1900.0
2017-11-06 14:41:00,105.89,105.92,105.89,105.92,1500.0
2017-11-06 14:42:00,105.94,105.94,105.91,105.91,1027.0
2017-11-06 14:43:00,105.92,105.9544,105.92,105.93,1176.0
2017-11-06 14:46:00,105.94,105.96,105.94,105.96,910.0
2017-11-06 14:47:00,105.94,105.9699,105.93,105.94,887.0
2017-11-06 14:48:00,105.97,105.97,105.97,105.97,100.0
2017-11-06 14:49:00,106.0541,106.06,105.97,105.97,3137.0
2017-11-06 14:50:00,106.03,106.08,106.03,106.08,300.0
2017-11-06 14:51:00,106.0557,106.0557,106.052,106.052,1104.0
2017-11-06 14:52:00,106.07,106.11,106.07,106.08,4338.0
2017-11-06 14:53:00,106.09,106.09,106.08,106.08,649.0
2017-11-06 14:54:00,106.085,106.09,106.08,106.09,1000.0
2017-11-06 14:55:00,106.11,106.12,106.0901,106.11,1156.0
2017-11-06 14:56:00,106.12,106.12,106.1,106.1,200.0
2017-11-06 14:57:00,106.1,106.14,106.1,106.1,2100.0
2017-11-06 14:58:00,106.1,106.12,106.1,106.1106,753.0
2017-11-06 14:59:00,106.11,106.13,106.1,106.1,600.0
2017-11-06 15:00:00,106.07,106.12,106.07,106.12,3900.0
2017-11-06 15:01:00,106.03,106.08,106.03,106.05,1726.0
2017-11-06 15:02:00,105.99,106.01,105.99,106.01,600.0
2017-11-06 15:03:00,105.99,105.99,105.99,105.99,300.0
2017-11-06 15:04:00,105.965,105.98,105.96,105.98,1200.0
2017-11-06 15:05:00,106.01,106.06,105.94,105.94,3446.0
2017-11-06 15:06:00,106.03,106.07,106.03,106.04,800.0
2017-11-06 15:07:00,106.07,106.07,106.04,106.04,901.0
2017-11-06 15:09:00,106.03,106.05,106.03,106.03,1500.0
2017-11-06 15:10:00,106.06,106.06,106.04,106.04,743.0
2017-11-06 15:11:00,106.02,106.1,106.02,106.1,2000.0
2017-11-06 15:13:00,106.01,106.04,106.01,106.04,700.0
2017-11-06 15:14:00,106.02,106.02,106.01,106.01,200.0
2017-11-06 15:15:00,106.02,106.025,106.02,106.02,786.0
2017-11-06 15:16:00,106.01,106.02,106.0,106.01,3000.0
2017-11-06 15:17:00,106.05,106.08,106.02,106.02,3091.0
2017-11-06 15:18:00,105.99,106.08,105.99,106.08,2611.0
2017-11-06 15:19:00,105.99,106.01,105.99,105.9904,1477.0
2017-11-06 15:20:00,105.99,106.0,105.99,106.0,300.0
2017-11-06 15:21:00,106.0,106.0,105.99,105.99,1000.0
2017-11-06 15:22:00,105.98,105.99,105.98,105.99,1649.0
2017-11-06 15:23:00,106.01,106.01,105.97,105.97,1746.0
2017-11-06 15:24:00,106.01,106.01,106.01,106.01,200.0
2017-11-06 15:25:00,105.985,105.99,105.985,105.99,500.0
2017-11-06 15:26:00,105.97,106.0,105.97,106.0,2276.0
2017-11-06 15:27:00,105.95,105.975,105.95,105.975,1200.0
2017-11-06 15:28:00,105.93,105.93,105.93,105.93,400.0
2017-11-06 15:29:00,105.99,106.0,105.94,105.94,3906.0
2017-11-06 15:30:00,105.97,105.985,105.97,105.985,400.0
2017-11-06 15:31:00,105.95,105.97,105.95,105.96,1868.0
2017-11-06 15:32:00,105.93,105.95,105.93,105.95,2989.0
2017-11-06 15:33:00,105.9575,105.98,105.94,105.94,2447.0
2017-11-06 15:34:00,105.95,105.98,105.95,105.97,3000.0
2017-11-06 15:35:00,105.96,105.97,105.96,105.96,2699.0
2017-11-06 15:36:00,105.96,105.96,105.96,105.96,100.0
2017-11-06 15:37:00,105.95,105.95,105.95,105.95,100.0
2017-11-06 15:38:00,105.92,105.9799,105.92,105.9799,3384.0
2017-11-06 15:39:00,105.87,105.91,105.87,105.91,1103.0
2017-11-06 15:40:00,105.93,105.93,105.86,105.86,4559.0
2017-11-06 15:41:00,105.92,105.95,105.92,105.95,4294.0
2017-11-06 15:42:00,105.945,105.95,105.93,105.93,1607.0
2017-11-06 15:43:00,105.92,105.95,105.92,105.945,2065.0
2017-11-06 15:44:00,105.92,105.93,105.91,105.91,1099.0
2017-11-06 15:45:00,105.98,105.98,105.92,105.92,3812.0
2017-11-06 15:46:00,105.99,105.99,105.94,105.98,2090.0
2017-11-06 15:47:00,106.01,106.01,105.98,106.0,5756.0
2017-11-06 15:48:00,106.01,106.02,106.0,106.0,2467.0
2017-11-06 15:49:00,106.06,106.06,106.01,106.02,4328.0
2017-11-06 15:50:00,106.0725,106.08,106.05,106.07,3987.0
2017-11-06 15:51:00,106.03,106.06,106.02,106.06,1899.0
2017-11-06 15:52:00,106.08,106.08,106.02,106.02,7459.0
2017-11-06 15:53:00,106.1,106.1,106.07,106.07,6732.0
2017-11-06 15:54:00,106.13,106.13,106.09,106.09,3686.0
2017-11-06 15:55:00,106.08,106.12,106.08,106.11,3611.0
2017-11-06 15:56:00,106.07,106.0999,106.07,106.08,6485.0
2017-11-06 15:57:00,106.08,106.1,106.055,106.07,9249.0
2017-11-06 15:58:00,106.05,106.1,106.05,106.075,5020.0
2017-11-06 15:59:00,106.07,106.08,106.03,106.04,13572.0
2017-11-06 16:00:00,105.99,106.08,105.99,106.07,17381.0
2017-11-07 09:31:00,106.12,106.12,105.93,105.93,2970.0
2017-11-07 09:32:00,105.9283,105.9283,105.9283,105.9283,200.0
2017-11-07 09:33:00,105.7,105.7,105.66,105.685,500.0
2017-11-07 09:34:00,105.76,106.04,105.535,105.65,970.0
2017-11-07 09:35:00,105.6,106.01,105.6,105.93,1700.0
2017-11-07 09:36:00,105.625,106.02,105.59,106.0117,879.0
2017-11-07 09:37:00,105.375,105.635,105.25,105.635,2400.0
2017-11-07 09:38:00,105.59,105.67,105.45,105.45,1200.0
2017-11-07 09:39:00,105.81,105.81,105.8,105.8,200.0
2017-11-07 09:40:00,105.75,105.75,105.75,105.75,200.0
2017-11-07 09:41:00,106.13,106.13,105.83,105.8602,1000.0
2017-11-07 09:42:00,106.16,106.19,106.07,106.125,600.0
2017-11-07 09:43:00,106.125,106.15,106.05,106.15,500.0
2017-11-07 09:45:00,106.075,106.085,105.92,105.92,700.0
2017-11-07 09:46:00,106.0946,106.0946,105.87,106.01,600.0
2017-11-07 09:47:00,105.72,106.0,105.72,105.89,800.0
2017-11-07 09:48:00,105.8,105.8,105.8,105.8,100.0
2017-11-07 09:49:00,105.57,105.67,105.57,105.67,480.0
2017-11-07 09:50:00,105.49,105.51,105.49,105.51,400.0
2017-11-07 09:51:00,105.44,105.46,105.43,105.43,300.0
2017-11-07 09:52:00,105.68,105.705,105.565,105.57,1610.0
2017-11-07 09:53:00,105.765,105.84,105.63,105.65,2078.0
2017-11-07 09:54:00,105.89,105.89,105.88,105.88,200.0
2017-11-07 09:55:00,105.77,105.77,105.72,105.72,200.0
2017-11-07 09:56:00,105.67,105.81,105.67,105.81,715.0
2017-11-07 09:57:00,105.57,105.7071,105.56,105.56,2900.0
2017-11-07 09:58:00,105.59,105.62,105.55,105.55,2092.0
2017-11-07 09:59:00,105.85,105.85,105.58,105.58,1802.0
2017-11-07 10:00:00,105.98,106.01,105.82,105.83,2600.0
2017-11-07 10:01:00,106.17,106.17,105.95,105.99,3299.0
2017-11-07 10:02:00,106.09,106.1,106.09,106.1,682.0
2017-11-07 10:03:00,106.03,106.11,106.03,106.06,1900.0
2017-11-07 10:04:00,106.33,106.33,106.07,106.1,3600.0
2017-11-07 10:05:00,106.05,106.3,106.05,106.24,5971.0
2017-11-07 10:06:00,106.01,106.02,105.96,105.99,1300.0
2017-11-07 10:07:00,105.97,105.97,105.91,105.95,1663.0
2017-11-07 10:08:00,106.03,106.07,105.93,105.93,3528.0
2017-11-07 10:09:00,106.15,106.15,106.1,106.1,800.0
2017-11-07 10:10:00,106.1,106.11,106.1,106.11,996.0
2017-11-07 10:11:00,106.34,106.34,106.11,106.11,2953.0
2017-11-07 10:12:00,106.42,106.5,106.38,106.38,4555.0
2017-11-07 10:13:00,106.43,106.43,106.43,106.43,100.0
2017-11-07 10:14:00,106.38,106.41,106.335,106.4001,3060.0
2017-11-07 10:15:00,106.36,106.4,106.35,106.4,810.0
2017-11-07 10:16:00,106.37,106.3825,106.34,106.36,700.0
2017-11-07 10:17:00,106.38,106.39,106.35,106.39,1400.0
2017-11-07 10:18:00,106.51,106.51,106.36,106.36,3717.0
2017-11-07 10:19:00,106.65,106.715,106.48,106.49,4614.0
2017-11-07 10:20:00,106.64,106.69,106.62,106.64,4517.0
2017-11-07 10:21:00,106.61,106.67,106.6,106.65,2577.0
2017-11-07 10:22:00,106.6,106.6,106.6,106.6,500.0
2017-11-07 10:23:00,106.48,106.52,106.48,106.52,400.0
2017-11-07 10:24:00,106.1201,106.47,106.1201,106.47,2080.0
2017-11-07 10:25:00,106.09,106.12,106.03,106.12,1187.0
2017-11-07 10:27:00,106.54,106.9,105.88,106.0633,17783.0
2017-11-07 10:28:00,106.41,106.58,106.38,106.58,600.0
2017-11-07 10:29:00,106.605,106.66,106.44,106.5,2042.0
2017-11-07 10:30:00,106.575,106.61,106.52,106.595,1642.0
2017-11-07 10:31:00,106.53,106.63,106.53,106.63,400.0
2017-11-07 10:32:00,106.43,106.53,106.43,106.53,2447.0
2017-11-07 10:33:00,106.41,106.455,106.29,106.455,3581.0
2017-11-07 10:34:00,106.38,106.42,106.38,106.4,1600.0
2017-11-07 10:35:00,106.31,106.4,106.31,106.4,476.0
2017-11-07 10:36:00,106.24,106.2803,106.24,106.2803,400.0
2017-11-07 10:37:00,106.46,106.46,106.22,106.24,4144.0
2017-11-07 10:38:00,106.36,106.38,106.35,106.38,664.0
2017-11-07 10:39:00,106.24,106.26,106.23,106.23,400.0
2017-11-07 10:40:00,106.2393,106.25,106.18,106.22,800.0
2017-11-07 10:41:00,106.16,106.2,106.16,106.2,400.0
2017-11-07 10:42:00,106.25,106.305,106.15,106.16,5750.0
2017-11-07 10:43:00,106.17,106.2325,106.1,106.2,6000.0
2017-11-07 10:44:00,106.12,106.12,106.12,106.12,100.0
2017-11-07 10:45:00,106.12,106.14,106.1,106.11,2818.0
2017-11-07 10:46:00,106.1,106.13,106.07,106.12,2118.0
2017-11-07 10:47:00,105.99,106.06,105.99,106.06,400.0
2017-11-07 10:48:00,105.9908,105.9908,105.96,105.96,200.0
2017-11-07 10:49:00,106.11,106.11,105.96,105.96,2452.0
2017-11-07 10:50:00,106.03,106.03,106.03,106.03,300.0
2017-11-07 10:51:00,106.07,106.07,106.02,106.05,604.0
2017-11-07 10:52:00,106.02,106.02,106.02,106.02,200.0
2017-11-07 10:53:00,106.21,106.26,106.02,106.03,3245.0
2017-11-07 10:54:00,106.17,106.17,106.02,106.17,4040.0
2017-11-07 10:55:00,106.14,106.14,106.11,106.12,400.0
2017-11-07 10:56:00,106.11,106.11,106.11,106.11,100.0
2017-11-07 10:58:00,106.15,106.15,106.07,106.11,3624.0
2017-11-07 10:59:00,106.14,106.14,106.11,106.12,600.0
2017-11-07 11:00:00,106.075,106.12,106.06,106.12,1000.0
2017-11-07 11:01:00,105.98,106.02,105.98,106.02,300.0
2017-11-07 11:02:00,105.94,105.9778,105.93,105.9778,434.0
2017-11-07 11:03:00,105.84,105.94,105.84,105.94,1000.0
2017-11-07 11:04:00,105.86,105.86,105.85,105.85,200.0
2017-11-07 11:05:00,105.92,105.92,105.81,105.86,4000.0
2017-11-07 11:06:00,105.88,105.97,105.88,105.97,200.0
2017-11-07 11:07:00,105.865,105.91,105.84,105.85,800.0
2017-11-07 11:08:00,105.83,105.85,105.82,105.82,300.0
2017-11-07 11:09:00,105.86,105.86,105.86,105.86,100.0
2017-11-07 11:10:00,105.82,105.85,105.82,105.82,1624.0
2017-11-07 11:11:00,105.86,105.86,105.8,105.8,2335.0
2017-11-07 11:12:00,105.98,106.03,105.86,105.86,1700.0
2017-11-07 11:13:00,105.89,105.89,105.89,105.89,100.0
2017-11-07 11:14:00,105.86,105.86,105.86,105.86,100.0
2017-11-07 11:15:00,105.83,105.88,105.83,105.84,1000.0
2017-11-07 11:16:00,105.81,105.84,105.78,105.79,400.0
2017-11-07 11:17:00,105.68,105.79,105.68,105.79,1400.0
2017-11-07 11:18:00,105.6,105.64,105.6,105.64,400.0
2017-11-07 11:19:00,105.5,105.61,105.4801,105.6,1680.0
2017-11-07 11:20:00,105.42,105.4701,105.38,105.4701,800.0
2017-11-07 11:21:00,105.33,105.44,105.33,105.4,1900.0
2017-11-07 11:22:00,105.2403,105.32,105.2403,105.3,1100.0
2017-11-07 11:23:00,105.3201,105.39,105.2601,105.27,4800.0
2017-11-07 11:24:00,105.47,105.47,105.27,105.31,1900.0
2017-11-07 11:25:00,105.49,105.49,105.49,105.49,100.0
2017-11-07 11:26:00,105.45,105.47,105.44,105.47,400.0
2017-11-07 11:27:00,105.35,105.41,105.35,105.41,600.0
2017-11-07 11:28:00,105.37,105.37,105.35,105.35,200.0
2017-11-07 11:29:00,105.33,105.35,105.3,105.35,800.0
2017-11-07 11:30:00,105.54,105.54,105.25,105.25,2905.0
2017-11-07 11:32:00,105.57,105.6,105.54,105.6,700.0
2017-11-07 11:33:00,105.52,105.52,105.52,105.52,200.0
2017-11-07 11:35:00,105.52,105.52,105.46,105.48,350.0
2017-11-07 11:36:00,105.58,105.66,105.515,105.52,1900.0
2017-11-07 11:37:00,105.6,105.6,105.5401,105.56,300.0
2017-11-07 11:38:00,105.54,105.54,105.54,105.54,100.0
2017-11-07 11:39:00,105.62,105.66,105.58,105.62,900.0
2017-11-07 11:40:00,105.71,105.71,105.71,105.71,132.0
2017-11-07 11:41:00,105.66,105.69,105.61,105.66,2600.0
2017-11-07 11:42:00,105.65,105.65,105.65,105.65,100.0
2017-11-07 11:43:00,105.67,105.67,105.65,105.67,300.0
2017-11-07 11:44:00,105.72,105.72,105.64,105.67,3000.0
2017-11-07 11:45:00,105.73,105.73,105.68,105.7,1100.0
2017-11-07 11:46:00,105.68,105.68,105.68,105.68,100.0
2017-11-07 11:48:00,105.9,105.91,105.71,105.72,6769.0
2017-11-07 11:49:00,105.89,105.94,105.89,105.89,525.0
2017-11-07 11:50:00,105.89,105.9,105.89,105.895,400.0
2017-11-07 11:51:00,105.8725,105.91,105.82,105.89,2937.0
2017-11-07 11:52:00,105.765,105.885,105.725,105.86,2750.0
2017-11-07 11:53:00,105.78,105.7946,105.75,105.7946,400.0
2017-11-07 11:54:00,105.7684,105.77,105.7308,105.77,400.0
2017-11-07 11:56:00,105.755,105.755,105.73,105.755,700.0
2017-11-07 11:57:00,105.65,105.65,105.65,105.65,100.0
2017-11-07 11:58:00,105.59,105.6,105.59,105.6,200.0
2017-11-07 11:59:00,105.53,105.635,105.51,105.635,953.0
2017-11-07 12:00:00,105.5801,105.705,105.54,105.57,2800.0
2017-11-07 12:02:00,105.58,105.58,105.58,105.58,100.0
2017-11-07 12:03:00,105.67,105.7,105.59,105.66,3674.0
2017-11-07 12:05:00,105.7225,105.79,105.68,105.76,2300.0
2017-11-07 12:06:00,105.725,105.7304,105.725,105.7304,200.0
2017-11-07 12:07:00,105.6599,105.725,105.65,105.725,1400.0
2017-11-07 12:08:00,105.645,105.69,105.63,105.66,1688.0
2017-11-07 12:09:00,105.91,105.92,105.68,105.68,4212.0
2017-11-07 12:10:00,105.91,105.92,105.87,105.92,1100.0
2017-11-07 12:11:00,105.795,105.84,105.77,105.84,2351.0
2017-11-07 12:12:00,105.79,105.82,105.78,105.82,700.0
2017-11-07 12:13:00,105.87,105.87,105.82,105.82,300.0
2017-11-07 12:14:00,105.86,105.88,105.85,105.88,746.0
2017-11-07 12:15:00,105.89,105.89,105.8456,105.8456,1023.0
2017-11-07 12:16:00,105.8799,105.88,105.8799,105.88,300.0
2017-11-07 12:17:00,105.915,105.94,105.8833,105.8833,1100.0
2017-11-07 12:18:00,105.9,105.915,105.86,105.9,600.0
2017-11-07 12:19:00,106.04,106.05,105.88,105.88,2659.0
2017-11-07 12:20:00,105.98,106.0,105.96,105.98,1651.0
2017-11-07 12:21:00,106.02,106.02,106.02,106.02,100.0
2017-11-07 12:22:00,105.94,106.01,105.94,106.01,2600.0
2017-11-07 12:23:00,105.98,106.0,105.91,106.0,1500.0
2017-11-07 12:24:00,105.97,105.97,105.97,105.97,100.0
2017-11-07 12:25:00,105.96,105.97,105.91,105.97,500.0
2017-11-07 12:26:00,106.01,106.01,105.96,105.96,1500.0
2017-11-07 12:28:00,106.11,106.11,106.02,106.02,949.0
2017-11-07 12:30:00,106.11,106.11,106.11,106.11,100.0
2017-11-07 12:32:00,106.08,106.11,106.06,106.11,300.0
2017-11-07 12:33:00,106.08,106.08,106.08,106.08,800.0
2017-11-07 12:34:00,106.075,106.075,106.075,106.075,618.0
2017-11-07 12:35:00,106.035,106.06,106.035,106.06,1790.0
2017-11-07 12:36:00,106.0,106.03,105.995,106.01,1000.0
2017-11-07 12:37:00,105.98,106.02,105.96,105.96,1000.0
2017-11-07 12:38:00,105.97,106.0,105.97,105.98,600.0
2017-11-07 12:39:00,105.99,106.0,105.99,106.0,400.0
2017-11-07 12:41:00,105.94,105.98,105.94,105.97,500.0
2017-11-07 12:42:00,106.02,106.02,105.97,105.97,1500.0
2017-11-07 12:43:00,106.085,106.085,106.03,106.03,1100.0
2017-11-07 12:44:00,106.08,106.08,106.08,106.08,100.0
2017-11-07 12:45:00,106.16,106.16,106.07,106.07,745.0
2017-11-07 12:47:00,106.12,106.12,106.12,106.12,220.0
2017-11-07 12:48:00,106.12,106.13,106.095,106.11,1400.0
2017-11-07 12:50:00,106.09,106.1,106.09,106.1,900.0
2017-11-07 12:51:00,106.06,106.0636,106.03,106.06,1500.0
2017-11-07 12:52:00,106.01,106.05,106.01,106.03,600.0
2017-11-07 12:53:00,105.94,106.0,105.94,105.9925,400.0
2017-11-07 12:54:00,105.94,106.0,105.94,105.9875,800.0
2017-11-07 12:55:00,106.06,106.06,105.9775,105.9775,2187.0
2017-11-07 12:56:00,106.02,106.05,106.01,106.05,600.0
2017-11-07 12:57:00,105.99,106.0,105.99,106.0,500.0
2017-11-07 12:58:00,106.04,106.1,106.0,106.0,885.0
2017-11-07 13:04:00,106.06,106.06,105.98,105.995,4148.0
2017-11-07 13:05:00,106.06,106.06,106.06,106.06,1500.0
2017-11-07 13:06:00,106.0701,106.09,106.0701,106.08,791.0
2017-11-07 13:07:00,106.1,106.1,106.1,106.1,100.0
2017-11-07 13:08:00,106.21,106.21,106.1,106.1,1500.0
2017-11-07 13:09:00,106.1,106.13,106.1,106.13,800.0
2017-11-07 13:11:00,106.08,106.105,106.08,106.105,300.0
2017-11-07 13:12:00,106.13,106.13,106.12,106.12,200.0
2017-11-07 13:13:00,106.07,106.1,106.07,106.08,900.0
2017-11-07 13:14:00,106.14,106.14,106.085,106.09,3300.0
2017-11-07 13:15:00,106.13,106.2,106.12,106.18,2634.0
2017-11-07 13:16:00,106.19,106.19,106.19,106.19,300.0
2017-11-07 13:17:00,106.22,106.22,106.2,106.2,600.0
2017-11-07 13:18:00,106.25,106.25,106.24,106.24,2700.0
2017-11-07 13:19:00,106.27,106.27,106.23,106.24,1300.0
2017-11-07 13:21:00,106.2725,106.29,106.23,106.24,1009.0
2017-11-07 13:23:00,106.22,106.23,106.21,106.23,2000.0
2017-11-07 13:24:00,106.15,106.2,106.15,106.18,900.0
2017-11-07 13:25:00,106.14,106.14,106.14,106.14,100.0
2017-11-07 13:27:00,106.08,106.08,106.08,106.08,200.0
2017-11-07 13:28:00,106.23,106.23,106.08,106.08,2200.0
2017-11-07 13:29:00,106.1942,106.1942,106.1942,106.1942,1324.0
2017-11-07 13:32:00,106.32,106.32,106.23,106.23,1146.0
2017-11-07 13:33:00,106.325,106.325,106.31,106.31,200.0
2017-11-07 13:34:00,106.38,106.38,106.34,106.34,300.0
2017-11-07 13:35:00,106.37,106.415,106.36,106.39,400.0
2017-11-07 13:36:00,106.34,106.385,106.34,106.361,4090.0
2017-11-07 13:38:00,106.31,106.34,106.31,106.34,1000.0
2017-11-07 13:39:00,106.29,106.29,106.29,106.29,100.0
2017-11-07 13:40:00,106.24,106.29,106.24,106.27,400.0
2017-11-07 13:42:00,106.21,106.21,106.21,106.21,300.0
2017-11-07 13:44:00,106.17,106.17,106.17,106.17,100.0
2017-11-07 13:45:00,106.15,106.19,106.15,106.17,500.0
2017-11-07 13:46:00,106.14,106.19,106.14,106.15,700.0
2017-11-07 13:48:00,106.14,106.14,106.09,106.12,500.0
2017-11-07 13:49:00,106.23,106.23,106.09,106.09,1800.0
2017-11-07 13:50:00,106.15,106.15,106.15,106.15,250.0
2017-11-07 13:52:00,106.22,106.22,106.14,106.14,1410.0
2017-11-07 13:54:00,106.16,106.16,106.16,106.16,100.0
2017-11-07 13:55:00,106.18,106.18,106.16,106.16,300.0
2017-11-07 13:57:00,106.2,106.21,106.18,106.18,1600.0
2017-11-07 13:58:00,106.1725,106.2052,106.17,106.2052,300.0
2017-11-07 13:59:00,106.23,106.27,106.17,106.17,2150.0
2017-11-07 14:00:00,106.26,106.26,106.255,106.255,200.0
2017-11-07 14:02:00,106.2299,106.2299,106.2299,106.2299,200.0
2017-11-07 14:03:00,106.25,106.25,106.2,106.2199,1100.0
2017-11-07 14:04:00,106.28,106.28,106.27,106.28,1300.0
2017-11-07 14:05:00,106.33,106.33,106.33,106.33,100.0
2017-11-07 14:06:00,106.2801,106.3,106.28,106.3,1800.0
2017-11-07 14:07:00,106.31,106.34,106.29,106.29,1000.0
2017-11-07 14:08:00,106.32,106.33,106.29,106.29,1200.0
2017-11-07 14:09:00,106.32,106.32,106.31,106.31,200.0
2017-11-07 14:10:00,106.2,106.31,106.2,106.28,2400.0
2017-11-07 14:12:00,106.21,106.21,106.21,106.21,100.0
2017-11-07 14:13:00,106.2892,106.2892,106.21,106.21,1150.0
2017-11-07 14:14:00,106.24,106.25,106.24,106.25,600.0
2017-11-07 14:15:00,106.27,106.27,106.22,106.23,1005.0
2017-11-07 14:16:00,106.25,106.2501,106.23,106.2501,1300.0
2017-11-07 14:17:00,106.21,106.21,106.21,106.21,100.0
2017-11-07 14:18:00,106.2,106.2225,106.2,106.2194,1398.0
2017-11-07 14:19:00,106.18,106.1943,106.16,106.18,1600.0
2017-11-07 14:20:00,106.06,106.1486,106.05,106.1486,2532.0
2017-11-07 14:21:00,106.05,106.05,106.02,106.02,200.0
2017-11-07 14:22:00,106.02,106.035,105.995,106.02,3414.0
2017-11-07 14:24:00,106.12,106.12,106.01,106.01,2300.0
2017-11-07 14:25:00,106.17,106.21,106.14,106.14,2226.0
2017-11-07 14:26:00,106.145,106.145,106.145,106.145,100.0
2017-11-07 14:27:00,106.09,106.17,106.09,106.15,1600.0
2017-11-07 14:29:00,106.09,106.11,106.09,106.0901,1200.0
2017-11-07 14:30:00,106.09,106.09,106.08,106.08,1000.0
2017-11-07 14:31:00,106.15,106.15,106.08,106.08,700.0
2017-11-07 14:32:00,106.13,106.13,106.13,106.13,100.0
2017-11-07 14:36:00,106.13,106.13,106.1,106.1,400.0
2017-11-07 14:39:00,106.3,106.34,106.17,106.17,2274.0
2017-11-07 14:40:00,106.27,106.295,106.26,106.28,997.0
2017-11-07 14:41:00,106.24,106.24,106.24,106.24,100.0
2017-11-07 14:42:00,106.25,106.26,106.22,106.26,2400.0
2017-11-07 14:43:00,106.26,106.31,106.24,106.29,900.0
2017-11-07 14:44:00,106.22,106.245,106.22,106.245,200.0
2017-11-07 14:45:00,106.21,106.23,106.2,106.22,1434.0
2017-11-07 14:46:00,106.2001,106.2001,106.2,106.2,200.0
2017-11-07 14:47:00,106.25,106.25,106.22,106.23,1100.0
2017-11-07 14:48:00,106.22,106.22,106.21,106.21,350.0
2017-11-07 14:49:00,106.26,106.26,106.22,106.23,1100.0
2017-11-07 14:50:00,106.3,106.3,106.24,106.25,900.0
2017-11-07 14:51:00,106.33,106.33,106.33,106.33,100.0
2017-11-07 14:52:00,106.305,106.305,106.305,106.305,100.0
2017-11-07 14:53:00,106.3,106.33,106.3,106.32,1729.0
2017-11-07 14:55:00,106.33,106.35,106.28,106.291,3649.0
2017-11-07 14:56:00,106.3,106.3,106.3,106.3,100.0
2017-11-07 14:57:00,106.3199,106.3199,106.3,106.31,1300.0
2017-11-07 14:58:00,106.29,106.29,106.29,106.29,400.0
2017-11-07 14:59:00,106.2799,106.295,106.27,106.295,800.0
2017-11-07 15:01:00,106.24,106.25,106.18,106.25,1200.0
2017-11-07 15:02:00,106.27,106.3,106.27,106.27,1192.0
2017-11-07 15:03:00,106.05,106.25,106.05,106.24,2595.0
2017-11-07 15:05:00,106.05,106.09,106.02,106.03,2600.0
2017-11-07 15:06:00,106.045,106.05,106.01,106.02,500.0
2017-11-07 15:07:00,106.16,106.31,106.0268,106.0268,2400.0
2017-11-07 15:08:00,106.13,106.15,106.13,106.15,300.0
2017-11-07 15:09:00,106.12,106.12,106.11,106.12,740.0
2017-11-07 15:11:00,106.05,106.05,106.05,106.05,100.0
2017-11-07 15:12:00,106.04,106.06,106.04,106.06,900.0
2017-11-07 15:13:00,106.05,106.06,106.04,106.06,300.0
2017-11-07 15:14:00,106.0,106.05,106.0,106.03,2514.0
2017-11-07 15:15:00,106.09,106.1,105.99,105.99,2800.0
2017-11-07 15:16:00,106.03,106.06,106.03,106.06,498.0
2017-11-07 15:17:00,106.0,106.03,106.0,106.02,800.0
2017-11-07 15:18:00,105.97,106.0,105.97,106.0,1745.0
2017-11-07 15:19:00,105.965,105.98,105.965,105.98,500.0
2017-11-07 15:20:00,105.99,106.0,105.97,105.97,1980.0
2017-11-07 15:21:00,106.0,106.0,105.98,105.98,1372.0
2017-11-07 15:22:00,106.06,106.06,106.01,106.01,2033.0
2017-11-07 15:23:00,106.05,106.07,106.04,106.04,2900.0
2017-11-07 15:24:00,106.02,106.03,106.02,106.03,900.0
2017-11-07 15:25:00,106.03,106.03,106.015,106.015,200.0
2017-11-07 15:26:00,106.0,106.02,106.0,106.02,1450.0
2017-11-07 15:27:00,105.978,106.015,105.96,106.01,4335.0
2017-11-07 15:28:00,105.965,105.9793,105.965,105.9793,500.0
2017-11-07 15:29:00,105.96,106.0,105.96,105.96,2200.0
2017-11-07 15:30:00,105.99,105.99,105.98,105.98,810.0
2017-11-07 15:31:00,106.01,106.03,105.99,106.0,2264.0
2017-11-07 15:32:00,105.93,106.0,105.92,106.0,2858.0
2017-11-07 15:33:00,105.94,105.95,105.93,105.93,1200.0
2017-11-07 15:34:00,106.0,106.0,105.95,105.95,1749.0
2017-11-07 15:35:00,105.99,105.99,105.99,105.99,100.0
2017-11-07 15:36:00,106.04,106.09,106.01,106.01,4371.0
2017-11-07 15:37:00,106.05,106.05,106.05,106.05,600.0
2017-11-07 15:38:00,106.03,106.05,106.03,106.05,1100.0
2017-11-07 15:39:00,106.02,106.04,106.02,106.02,2300.0
2017-11-07 15:40:00,105.98,106.015,105.97,106.01,3610.0
2017-11-07 15:41:00,105.98,105.98,105.96,105.96,800.0
2017-11-07 15:42:00,105.995,106.0,105.97,105.97,1100.0
2017-11-07 15:43:00,106.0,106.0,105.99,105.99,300.0
2017-11-07 15:44:00,105.98,106.0,105.97,105.98,1700.0
2017-11-07 15:45:00,105.96,105.97,105.96,105.97,3212.0
2017-11-07 15:46:00,106.02,106.02,105.97,105.98,3767.0
2017-11-07 15:47:00,106.05,106.06,106.0,106.0,2800.0
2017-11-07 15:48:00,106.02,106.04,106.005,106.02,1800.0
2017-11-07 15:49:00,105.99,106.02,105.99,106.02,1100.0
2017-11-07 15:50:00,106.02,106.02,106.0,106.01,1353.0
2017-11-07 15:51:00,106.02,106.03,106.01,106.01,1802.0
2017-11-07 15:52:00,105.95,106.02,105.95,106.02,2966.0
2017-11-07 15:53:00,105.91,105.94,105.91,105.93,1400.0
2017-11-07 15:54:00,105.9,105.91,105.9,105.91,500.0
2017-11-07 15:55:00,105.9,105.92,105.9,105.91,3941.0
2017-11-07 15:56:00,105.96,105.96,105.91,105.91,2921.0
2017-11-07 15:57:00,105.9205,105.97,105.92,105.95,3740.0
2017-11-07 15:58:00,105.94,105.95,105.905,105.92,3760.0
2017-11-07 15:59:00,106.01,106.03,105.94,105.95,3607.0
2017-11-07 16:00:00,106.0,106.06,106.0,106.03,9686.0
2017-11-08 09:31:00,105.88,105.88,105.88,105.88,2700.0
2017-11-08 09:34:00,105.62,105.62,105.5,105.57,1900.0
2017-11-08 09:35:00,105.8193,105.85,105.65,105.65,1900.0
2017-11-08 09:37:00,106.04,106.11,105.89,105.89,509.0
2017-11-08 09:39:00,106.02,106.02,105.83,105.93,2952.0
2017-11-08 09:40:00,105.9,105.9,105.86,105.87,300.0
2017-11-08 09:41:00,105.93,105.93,105.86,105.9,1714.0
2017-11-08 09:42:00,105.87,105.9,105.62,105.9,1425.0
2017-11-08 09:43:00,105.78,105.89,105.78,105.82,1580.0
2017-11-08 09:44:00,105.785,105.785,105.785,105.785,200.0
2017-11-08 09:45:00,105.775,105.8,105.75,105.76,1900.0
2017-11-08 09:46:00,105.8,105.81,105.8,105.8,1300.0
2017-11-08 09:47:00,105.72,105.79,105.67,105.79,1300.0
2017-11-08 09:48:00,105.6,105.6,105.6,105.6,100.0
2017-11-08 09:49:00,105.76,105.77,105.53,105.53,2600.0
2017-11-08 09:50:00,105.72,105.76,105.72,105.76,200.0
2017-11-08 09:52:00,105.52,105.63,105.52,105.63,934.0
2017-11-08 09:53:00,105.47399999999999,105.47399999999999,105.47399999999999,105.47399999999999,125.0
2017-11-08 09:54:00,105.49,105.49,105.36,105.44,1022.0
2017-11-08 09:55:00,105.58,105.58,105.51,105.51,500.0
2017-11-08 09:56:00,105.49,105.5,105.49,105.49,395.0
2017-11-08 09:57:00,105.55,105.55,105.4818,105.5,550.0
2017-11-08 09:58:00,105.535,105.54799999999999,105.48,105.54799999999999,650.0
2017-11-08 09:59:00,105.46,105.48,105.46,105.48,200.0
2017-11-08 10:00:00,105.58,105.61,105.4,105.41,1300.0
2017-11-08 10:01:00,105.5625,105.58,105.55,105.57,3640.0
2017-11-08 10:02:00,105.545,105.61,105.53,105.61,1369.0
2017-11-08 10:04:00,105.52,105.52,105.49,105.49,288.0
2017-11-08 10:05:00,105.56,105.56,105.56,105.56,100.0
2017-11-08 10:06:00,105.49,105.51,105.43,105.47,1300.0
2017-11-08 10:07:00,105.49,105.49,105.45,105.48,500.0
2017-11-08 10:09:00,105.44,105.47,105.38,105.39,3049.0
2017-11-08 10:10:00,105.41,105.41,105.36,105.39,1840.0
2017-11-08 10:11:00,105.37,105.41,105.37,105.41,790.0
2017-11-08 10:12:00,105.57,105.61,105.45,105.46,2000.0
2017-11-08 10:13:00,105.54,105.59,105.4812,105.4812,1510.0
2017-11-08 10:15:00,105.57,105.58,105.57,105.58,200.0
2017-11-08 10:16:00,105.52,105.52,105.52,105.52,100.0
2017-11-08 10:17:00,105.55,105.55,105.52,105.52,600.0
2017-11-08 10:18:00,105.59,105.61,105.59,105.61,200.0
2017-11-08 10:19:00,105.5335,105.56,105.52,105.53,1266.0
2017-11-08 10:20:00,105.6,105.6,105.56,105.56,1025.0
2017-11-08 10:23:00,105.6625,105.68299999999999,105.61,105.68299999999999,970.0
2017-11-08 10:25:00,105.655,105.69,105.655,105.69,200.0
2017-11-08 10:26:00,105.65,105.65,105.65,105.65,100.0
2017-11-08 10:27:00,105.655,105.68,105.655,105.68,200.0
2017-11-08 10:28:00,105.68,105.68,105.64,105.64,200.0
2017-11-08 10:29:00,105.66,105.68,105.63,105.68,1621.0
2017-11-08 10:30:00,105.69,105.69,105.62,105.63,900.0
2017-11-08 10:31:00,105.6,105.62,105.57,105.62,1700.0
2017-11-08 10:32:00,105.57,105.57,105.57,105.57,100.0
2017-11-08 10:33:00,105.53,105.6,105.46,105.6,4840.0
2017-11-08 10:34:00,105.53,105.53,105.51,105.51,957.0
2017-11-08 10:35:00,105.38,105.5,105.38,105.5,600.0
2017-11-08 10:37:00,105.38,105.39,105.38,105.38,600.0
2017-11-08 10:38:00,105.53,105.53,105.42,105.42,905.0
2017-11-08 10:39:00,105.46,105.5,105.46,105.48,1021.0
2017-11-08 10:41:00,105.44,105.45,105.44,105.45,300.0
2017-11-08 10:42:00,105.36,105.37,105.36,105.37,750.0
2017-11-08 10:43:00,105.38,105.38,105.38,105.38,100.0
2017-11-08 10:44:00,105.39,105.39,105.39,105.39,100.0
2017-11-08 10:45:00,105.46,105.46,105.42,105.42,900.0
2017-11-08 10:46:00,105.49,105.49,105.48,105.48,200.0
2017-11-08 10:47:00,105.4,105.49,105.3953,105.49,5100.0
2017-11-08 10:48:00,105.435,105.45,105.435,105.44,700.0
2017-11-08 10:49:00,105.48,105.48,105.48,105.48,200.0
2017-11-08 10:50:00,105.43,105.52,105.43,105.52,200.0
2017-11-08 10:51:00,105.55,105.55,105.51,105.51,400.0
2017-11-08 10:52:00,105.68,105.68,105.54899999999999,105.54899999999999,3525.0
2017-11-08 10:53:00,105.69,105.69,105.6213,105.6213,318.0
2017-11-08 10:54:00,105.69,105.69,105.68,105.68,300.0
2017-11-08 10:56:00,105.69,105.69,105.69,105.69,100.0
2017-11-08 10:57:00,105.69,105.69,105.64,105.65,700.0
2017-11-08 10:59:00,105.665,105.665,105.66,105.66,200.0
2017-11-08 11:00:00,105.74,105.74,105.68,105.69,1699.0
2017-11-08 11:01:00,105.75,105.75,105.715,105.75,500.0
2017-11-08 11:02:00,105.775,105.79,105.775,105.79,600.0
2017-11-08 11:03:00,105.77,105.81,105.77,105.81,400.0
2017-11-08 11:04:00,105.8,105.81,105.75,105.76,1500.0
2017-11-08 11:05:00,105.73,105.81,105.73,105.81,600.0
2017-11-08 11:06:00,105.7,105.7,105.7,105.7,100.0
2017-11-08 11:07:00,105.685,105.71,105.685,105.71,600.0
2017-11-08 11:08:00,105.64,105.7,105.64,105.66,600.0
2017-11-08 11:09:00,105.63,105.65,105.63,105.65,700.0
2017-11-08 11:10:00,105.6,105.63,105.6,105.63,600.0
2017-11-08 11:11:00,105.56,105.6,105.554,105.6,4000.0
2017-11-08 11:12:00,105.545,105.56,105.53,105.56,1300.0
2017-11-08 11:13:00,105.515,105.55,105.46,105.46,1215.0
2017-11-08 11:14:00,105.47,105.51,105.46,105.51,3200.0
2017-11-08 11:17:00,105.46,105.48,105.42,105.42,1715.0
2017-11-08 11:18:00,105.45,105.46,105.44,105.46,300.0
2017-11-08 11:19:00,105.45,105.48,105.45,105.47,600.0
2017-11-08 11:20:00,105.485,105.5,105.47,105.49,1300.0
2017-11-08 11:21:00,105.5102,105.5102,105.5102,105.5102,100.0
2017-11-08 11:22:00,105.4,105.46,105.4,105.45,1700.0
2017-11-08 11:24:00,105.32,105.38,105.32,105.38,2475.0
2017-11-08 11:25:00,105.33,105.34,105.31,105.31,3328.0
2017-11-08 11:26:00,105.32,105.33,105.31,105.33,400.0
2017-11-08 11:27:00,105.31,105.31,105.2827,105.3,600.0
2017-11-08 11:28:00,105.32,105.32,105.27,105.27,600.0
2017-11-08 11:29:00,105.27,105.27,105.27,105.27,100.0
2017-11-08 11:30:00,105.2989,105.2989,105.2989,105.2989,100.0
2017-11-08 11:31:00,105.33,105.36,105.295,105.295,2405.0
2017-11-08 11:32:00,105.31,105.325,105.3,105.31,1067.0
2017-11-08 11:33:00,105.29,105.31,105.29,105.31,400.0
2017-11-08 11:34:00,105.25,105.28,105.25,105.28,994.0
2017-11-08 11:35:00,105.2,105.2,105.18,105.18,200.0
2017-11-08 11:36:00,105.2212,105.23,105.17,105.17,1100.0
2017-11-08 11:37:00,105.25,105.25,105.24,105.24,700.0
2017-11-08 11:38:00,105.23,105.29,105.22,105.29,2223.0
2017-11-08 11:39:00,105.24,105.25,105.23,105.23,2600.0
2017-11-08 11:40:00,105.24,105.24,105.24,105.24,100.0
2017-11-08 11:41:00,105.21,105.21,105.21,105.21,300.0
2017-11-08 11:42:00,105.24,105.24,105.215,105.215,2000.0
2017-11-08 11:43:00,105.29,105.29,105.24,105.26,1132.0
2017-11-08 11:45:00,105.28,105.29,105.24,105.24,500.0
2017-11-08 11:46:00,105.28,105.29,105.28,105.29,900.0
2017-11-08 11:47:00,105.3,105.3,105.28,105.28,300.0
2017-11-08 11:49:00,105.29,105.32,105.28,105.29,1700.0
2017-11-08 11:50:00,105.29,105.3,105.2875,105.2875,300.0
2017-11-08 11:51:00,105.28,105.3,105.26,105.3,1200.0
2017-11-08 11:52:00,105.15,105.25,105.15,105.22,5420.0
2017-11-08 11:53:00,105.12,105.13,105.12,105.13,468.0
2017-11-08 11:54:00,105.08,105.1003,105.08,105.09,1700.0
2017-11-08 11:55:00,105.08,105.12,105.08,105.105,700.0
2017-11-08 11:56:00,105.04,105.04,105.04,105.04,100.0
2017-11-08 11:57:00,105.08,105.12,105.04,105.04,1200.0
2017-11-08 11:58:00,105.1181,105.1181,105.1181,105.1181,100.0
2017-11-08 12:00:00,105.13,105.13,105.12,105.12,900.0
2017-11-08 12:02:00,105.15,105.15,105.11,105.11,1000.0
2017-11-08 12:04:00,105.13,105.15,105.13,105.14,684.0
2017-11-08 12:05:00,105.14,105.16,105.14,105.14,700.0
2017-11-08 12:06:00,104.95,105.12,104.95,105.12,8242.0
2017-11-08 12:07:00,104.81,104.93,104.805,104.93,4332.0
2017-11-08 12:09:00,104.7375,104.765,104.72,104.765,500.0
2017-11-08 12:11:00,104.73,104.73,104.73,104.73,200.0
2017-11-08 12:12:00,104.755,104.77,104.74,104.75,500.0
2017-11-08 12:13:00,104.78,104.79,104.77,104.77,1600.0
2017-11-08 12:14:00,104.81,104.82,104.8,104.8,1100.0
2017-11-08 12:15:00,104.83,104.83,104.83,104.83,600.0
2017-11-08 12:16:00,104.855,104.87,104.84,104.8568,2580.0
2017-11-08 12:17:00,104.85,104.88,104.85,104.86,2018.0
2017-11-08 12:18:00,104.85,104.8758,104.85,104.8758,850.0
2017-11-08 12:19:00,104.92,104.92,104.88,104.88,1135.0
2017-11-08 12:20:00,104.93,104.93,104.93,104.93,100.0
2017-11-08 12:21:00,104.87,104.92,104.87,104.92,1380.0
2017-11-08 12:22:00,104.9,104.9,104.88,104.88,800.0
2017-11-08 12:23:00,104.91,104.91,104.91,104.91,100.0
2017-11-08 12:24:00,104.91,104.93,104.91,104.92,1500.0
2017-11-08 12:26:00,104.94,104.94,104.89,104.89,500.0
2017-11-08 12:27:00,104.94,104.94,104.94,104.94,100.0
2017-11-08 12:29:00,104.97,104.98,104.9,104.98,2443.0
2017-11-08 12:30:00,105.12,105.14,104.97,104.98,3869.0
2017-11-08 12:32:00,105.31,105.31,105.14,105.14,800.0
2017-11-08 12:33:00,105.32,105.32,105.3,105.3,400.0
2017-11-08 12:34:00,105.3199,105.3199,105.3199,105.3199,100.0
2017-11-08 12:35:00,105.27,105.32,105.26,105.32,829.0
2017-11-08 12:36:00,105.24,105.24,105.24,105.24,297.0
2017-11-08 12:37:00,105.19,105.19,105.19,105.19,700.0
2017-11-08 12:38:00,105.12,105.12,105.12,105.12,200.0
2017-11-08 12:39:00,105.11,105.13,105.11,105.13,700.0
2017-11-08 12:40:00,105.11,105.11,105.09,105.09,300.0
2017-11-08 12:41:00,105.11,105.11,105.11,105.11,100.0
2017-11-08 12:42:00,105.07,105.105,105.07,105.105,1200.0
2017-11-08 12:43:00,105.06,105.06,105.06,105.06,200.0
2017-11-08 12:44:00,105.07,105.1,105.06,105.06,400.0
2017-11-08 12:45:00,105.06,105.07,105.06,105.07,677.0
2017-11-08 12:46:00,105.06,105.06,105.06,105.06,100.0
2017-11-08 12:47:00,105.06,105.06,105.05,105.05,200.0
2017-11-08 12:48:00,105.03,105.07,105.03,105.06,1000.0
2017-11-08 12:49:00,105.01,105.01,105.01,105.01,100.0
2017-11-08 12:50:00,105.01,105.01,105.01,105.01,149.0
2017-11-08 12:52:00,105.04,105.06,105.03,105.05,1234.0
2017-11-08 12:53:00,105.035,105.06,105.035,105.05,500.0
2017-11-08 12:54:00,105.01,105.05,105.01,105.05,200.0
2017-11-08 12:55:00,105.17,105.17,105.06,105.07,2023.0
2017-11-08 12:56:00,105.18,105.18,105.13,105.13,651.0
2017-11-08 12:57:00,105.21,105.21,105.19,105.19,400.0
2017-11-08 12:58:00,105.27,105.27,105.24,105.24,393.0
2017-11-08 12:59:00,105.28,105.28,105.28,105.28,200.0
2017-11-08 13:00:00,105.375,105.375,105.32,105.32,1300.0
2017-11-08 13:01:00,105.34,105.36,105.34,105.35,1000.0
2017-11-08 13:03:00,105.335,105.35,105.335,105.35,400.0
2017-11-08 13:04:00,105.4,105.4,105.37,105.37,200.0
2017-11-08 13:05:00,105.42,105.42,105.42,105.42,100.0
2017-11-08 13:06:00,105.415,105.42,105.415,105.42,500.0
2017-11-08 13:07:00,105.45,105.45,105.45,105.45,100.0
2017-11-08 13:08:00,105.44,105.46,105.44,105.46,700.0
2017-11-08 13:09:00,105.46,105.46,105.41,105.42,1093.0
2017-11-08 13:10:00,105.4,105.4,105.37,105.39,300.0
2017-11-08 13:11:00,105.41,105.41,105.38,105.38,2200.0
2017-11-08 13:12:00,105.4399,105.44,105.4399,105.44,500.0
2017-11-08 13:13:00,105.45,105.45,105.45,105.45,600.0
2017-11-08 13:15:00,105.46,105.46,105.46,105.46,100.0
2017-11-08 13:16:00,105.48,105.48,105.46,105.46,500.0
2017-11-08 13:18:00,105.46,105.5,105.44,105.46,4504.0
2017-11-08 13:19:00,105.42,105.47,105.42,105.47,1300.0
2017-11-08 13:20:00,105.46,105.46,105.41,105.41,605.0
2017-11-08 13:21:00,105.42,105.42,105.42,105.42,100.0
2017-11-08 13:22:00,105.42,105.43,105.42,105.43,200.0
2017-11-08 13:24:00,105.42,105.42,105.42,105.42,200.0
2017-11-08 13:25:00,105.42,105.42,105.42,105.42,100.0
2017-11-08 13:26:00,105.44,105.46,105.425,105.44,783.0
2017-11-08 13:27:00,105.58,105.59,105.47,105.47,2792.0
2017-11-08 13:28:00,105.6,105.635,105.6,105.61,1500.0
2017-11-08 13:29:00,105.625,105.625,105.59,105.6,1026.0
2017-11-08 13:31:00,105.62299999999999,105.62299999999999,105.62299999999999,105.62299999999999,300.0
2017-11-08 13:33:00,105.6,105.605,105.58,105.605,700.0
2017-11-08 13:34:00,105.56,105.56,105.56,105.56,400.0
2017-11-08 13:35:00,105.52,105.53,105.52,105.52,1505.0
2017-11-08 13:36:00,105.52,105.52,105.52,105.52,300.0
2017-11-08 13:37:00,105.53,105.53,105.53,105.53,100.0
2017-11-08 13:38:00,105.53,105.53,105.53,105.53,100.0
2017-11-08 13:39:00,105.5,105.5,105.5,105.5,300.0
2017-11-08 13:41:00,105.47,105.48,105.47,105.48,300.0
2017-11-08 13:42:00,105.47,105.49,105.47,105.47,300.0
2017-11-08 13:43:00,105.49,105.49,105.49,105.49,100.0
2017-11-08 13:44:00,105.52,105.535,105.51,105.51,2171.0
2017-11-08 13:45:00,105.51,105.51,105.51,105.51,300.0
2017-11-08 13:46:00,105.44,105.49,105.44,105.49,2500.0
2017-11-08 13:47:00,105.42,105.44,105.42,105.44,900.0
2017-11-08 13:48:00,105.37,105.37,105.37,105.37,200.0
2017-11-08 13:49:00,105.33,105.34,105.33,105.34,300.0
2017-11-08 13:50:00,105.32,105.34,105.315,105.315,500.0
2017-11-08 13:51:00,105.2942,105.32,105.29,105.32,600.0
2017-11-08 13:52:00,105.32,105.32,105.29,105.32,500.0
2017-11-08 13:53:00,105.34,105.36,105.3242,105.35,1400.0
2017-11-08 13:54:00,105.35,105.36,105.35,105.35,600.0
2017-11-08 13:55:00,105.35,105.35,105.33,105.35,400.0
2017-11-08 13:56:00,105.325,105.34,105.32,105.34,1433.0
2017-11-08 13:57:00,105.3268,105.34,105.325,105.325,1400.0
2017-11-08 13:58:00,105.305,105.32,105.305,105.31,1194.0
2017-11-08 13:59:00,105.365,105.38,105.32,105.32,2535.0
2017-11-08 14:00:00,105.4,105.45,105.35,105.35,2657.0
2017-11-08 14:03:00,105.43,105.43,105.42,105.42,400.0
2017-11-08 14:04:00,105.4,105.43,105.4,105.43,300.0
2017-11-08 14:05:00,105.48,105.48,105.405,105.405,822.0
2017-11-08 14:06:00,105.49,105.495,105.46,105.495,1850.0
2017-11-08 14:08:00,105.54,105.54,105.5,105.5,600.0
2017-11-08 14:09:00,105.54,105.54,105.52,105.53,1412.0
2017-11-08 14:10:00,105.585,105.585,105.585,105.585,100.0
2017-11-08 14:13:00,105.51,105.605,105.51,105.6,3189.0
2017-11-08 14:14:00,105.54,105.54,105.53,105.53,200.0
2017-11-08 14:16:00,105.58,105.58,105.56,105.56,893.0
2017-11-08 14:17:00,105.68,105.69,105.61,105.61,2612.0
2017-11-08 14:18:00,105.68,105.71,105.67,105.7,2312.0
2017-11-08 14:19:00,105.68,105.68,105.68,105.68,100.0
2017-11-08 14:20:00,105.71,105.71,105.67,105.685,1544.0
2017-11-08 14:21:00,105.68,105.68,105.63,105.67,2067.0
2017-11-08 14:23:00,105.67,105.67,105.65,105.65,200.0
2017-11-08 14:24:00,105.62,105.69,105.62,105.69,1768.0
2017-11-08 14:25:00,105.6,105.61,105.59,105.6,800.0
2017-11-08 14:26:00,105.575,105.59,105.575,105.59,400.0
2017-11-08 14:27:00,105.58,105.58,105.58,105.58,300.0
2017-11-08 14:28:00,105.57,105.58,105.57,105.58,500.0
2017-11-08 14:29:00,105.57,105.59,105.56,105.5725,2600.0
2017-11-08 14:30:00,105.585,105.59,105.575,105.59,700.0
2017-11-08 14:31:00,105.6,105.61,105.585,105.589,1928.0
2017-11-08 14:32:00,105.57,105.59,105.57,105.59,1516.0
2017-11-08 14:33:00,105.57,105.61,105.56,105.58,1700.0
2017-11-08 14:34:00,105.6,105.6,105.6,105.6,200.0
2017-11-08 14:35:00,105.62,105.62,105.6,105.61,500.0
2017-11-08 14:36:00,105.62,105.62,105.61,105.61,1100.0
2017-11-08 14:37:00,105.6,105.62,105.6,105.62,500.0
2017-11-08 14:38:00,105.58,105.595,105.58,105.5833,600.0
2017-11-08 14:39:00,105.58,105.58,105.57,105.57,300.0
2017-11-08 14:40:00,105.56,105.58,105.56,105.57,400.0
2017-11-08 14:41:00,105.57,105.58,105.56,105.56,1402.0
2017-11-08 14:42:00,105.555,105.58,105.55,105.58,3670.0
2017-11-08 14:43:00,105.66,105.66,105.57,105.57,1200.0
2017-11-08 14:44:00,105.675,105.675,105.65,105.65,200.0
2017-11-08 14:45:00,105.745,105.76,105.73,105.73,400.0
2017-11-08 14:46:00,105.795,105.82,105.795,105.82,500.0
2017-11-08 14:47:00,105.8099,105.8099,105.77,105.795,2746.0
2017-11-08 14:48:00,105.76,105.77,105.75,105.77,618.0
2017-11-08 14:49:00,105.78,105.79,105.75,105.75,1582.0
2017-11-08 14:50:00,105.73,105.78,105.73,105.78,1500.0
2017-11-08 14:51:00,105.735,105.74,105.735,105.74,200.0
2017-11-08 14:52:00,105.73,105.745,105.73,105.73,700.0
2017-11-08 14:53:00,105.69,105.75,105.69,105.73,2300.0
2017-11-08 14:54:00,105.68,105.7058,105.67,105.67,600.0
2017-11-08 14:55:00,105.62,105.65,105.62,105.65,923.0
2017-11-08 14:56:00,105.6,105.62,105.6,105.61,1442.0
2017-11-08 14:58:00,105.62,105.63,105.62,105.63,1000.0
2017-11-08 14:59:00,105.6,105.6399,105.6,105.6399,400.0
2017-11-08 15:00:00,105.61,105.62,105.61,105.62,400.0
2017-11-08 15:01:00,105.59,105.61,105.59,105.61,800.0
2017-11-08 15:02:00,105.58,105.58,105.56,105.57,900.0
2017-11-08 15:03:00,105.58,105.58,105.54,105.58,1534.0
2017-11-08 15:04:00,105.59,105.62,105.57,105.58,2020.0
2017-11-08 15:05:00,105.63,105.63,105.63,105.63,100.0
2017-11-08 15:06:00,105.66,105.66,105.63,105.63,800.0
2017-11-08 15:07:00,105.68,105.68,105.66,105.66,592.0
2017-11-08 15:08:00,105.72,105.74,105.72,105.73,300.0
2017-11-08 15:09:00,105.74,105.77,105.74,105.77,1150.0
2017-11-08 15:10:00,105.79,105.84,105.74,105.75,1500.0
2017-11-08 15:11:00,105.82,105.82,105.8,105.81,500.0
2017-11-08 15:12:00,105.8199,105.82,105.8,105.82,2126.0
2017-11-08 15:13:00,105.83,105.83,105.8,105.8094,1170.0
2017-11-08 15:14:00,105.8,105.83,105.8,105.82,1200.0
2017-11-08 15:15:00,105.81,105.81,105.81,105.81,100.0
2017-11-08 15:16:00,105.83,105.83,105.83,105.83,100.0
2017-11-08 15:17:00,105.845,105.845,105.83,105.83,1800.0
2017-11-08 15:18:00,105.87,105.87,105.85,105.85,1190.0
2017-11-08 15:19:00,105.85,105.87,105.85,105.86,1000.0
2017-11-08 15:21:00,105.99,106.0,105.89,105.89,1719.0
2017-11-08 15:22:00,105.99,106.01,105.98,105.99,1696.0
2017-11-08 15:23:00,105.98,106.0,105.97,105.97,575.0
2017-11-08 15:24:00,105.885,105.98,105.86,105.98,4650.0
2017-11-08 15:25:00,105.9,105.9,105.87,105.87,500.0
2017-11-08 15:26:00,105.87,105.89,105.87,105.89,1600.0
2017-11-08 15:27:00,105.905,105.905,105.87,105.87,2101.0
2017-11-08 15:28:00,105.88,105.91,105.88,105.91,5744.0
2017-11-08 15:29:00,105.7633,105.88,105.61,105.87,12148.0
2017-11-08 15:30:00,105.9,105.91,105.79,105.79,2964.0
2017-11-08 15:31:00,105.83,105.92,105.81,105.8511,5254.0
2017-11-08 15:33:00,105.85,105.85,105.85,105.85,100.0
2017-11-08 15:34:00,105.89,105.89,105.84,105.84,600.0
2017-11-08 15:35:00,105.94,105.94,105.88,105.89,1090.0
2017-11-08 15:36:00,105.95,105.96,105.93,105.94,2437.0
2017-11-08 15:37:00,105.96,105.96,105.945,105.9594,400.0
2017-11-08 15:38:00,105.95,105.95,105.95,105.95,100.0
2017-11-08 15:39:00,105.92,105.96,105.92,105.95,3600.0
2017-11-08 15:40:00,105.9,105.9102,105.9,105.91,1150.0
2017-11-08 15:41:00,105.82,105.915,105.82,105.915,1461.0
2017-11-08 15:42:00,105.8,105.82,105.8,105.82,600.0
2017-11-08 15:43:00,105.8,105.8117,105.8,105.8,1000.0
2017-11-08 15:44:00,105.82,105.8463,105.81,105.81,7253.0
2017-11-08 15:45:00,105.75,105.82,105.73,105.82,4652.0
2017-11-08 15:46:00,105.66,105.74,105.63,105.74,4790.0
2017-11-08 15:47:00,105.6,105.665,105.6,105.665,5490.0
2017-11-08 15:48:00,105.61,105.61,105.6,105.6,1200.0
2017-11-08 15:49:00,105.59,105.65,105.59,105.62,3641.0
2017-11-08 15:50:00,105.61,105.62,105.59,105.59,1408.0
2017-11-08 15:51:00,105.59,105.62,105.58,105.61,2141.0
2017-11-08 15:52:00,105.63,105.63,105.54,105.57,2402.0
2017-11-08 15:53:00,105.66,105.66,105.6,105.63,1700.0
2017-11-08 15:54:00,105.65,105.67,105.62,105.66,2301.0
2017-11-08 15:55:00,105.63,105.65,105.62,105.65,1300.0
2017-11-08 15:56:00,105.66,105.66,105.615,105.63,3538.0
2017-11-08 15:57:00,105.69,105.69,105.62,105.65,4430.0
2017-11-08 15:58:00,105.72,105.75,105.6784,105.69,2816.0
2017-11-08 15:59:00,105.73,105.74,105.69,105.74,4940.0
2017-11-08 16:00:00,105.75,105.77,105.71,105.74,10838.0
2017-11-09 09:31:00,104.8,105.26,104.8,105.26,4458.0
2017-11-09 09:32:00,105.02,105.05,104.97,104.97,1500.0
2017-11-09 09:33:00,104.9,104.91,104.87,104.87,400.0
2017-11-09 09:34:00,104.87,104.87,104.87,104.87,200.0
2017-11-09 09:35:00,104.32,104.88,104.25,104.88,8248.0
2017-11-09 09:36:00,104.32,104.32,104.32,104.32,100.0
2017-11-09 09:37:00,104.33,104.33,104.33,104.33,100.0
2017-11-09 09:39:00,104.475,104.52,104.38,104.52,1100.0
2017-11-09 09:40:00,104.53,104.58,104.52,104.52,1227.0
2017-11-09 09:41:00,104.68,104.68,104.655,104.66,1315.0
2017-11-09 09:42:00,105.17,105.17,105.17,105.17,100.0
2017-11-09 09:43:00,104.765,104.96,104.67,104.96,1930.0
2017-11-09 09:44:00,104.78,104.87,104.41,104.67,13954.0
2017-11-09 09:45:00,104.7455,104.82,104.65,104.69,9240.0
2017-11-09 09:46:00,104.55,104.71,104.55,104.71,700.0
2017-11-09 09:47:00,104.7051,104.7051,104.7051,104.7051,182.0
2017-11-09 09:48:00,104.59,104.64,104.59,104.64,200.0
2017-11-09 09:49:00,104.48,104.75,104.35,104.64,11890.0
2017-11-09 09:50:00,104.44,104.48,104.44,104.48,1000.0
2017-11-09 09:51:00,104.59,104.59,104.485,104.485,500.0
2017-11-09 09:52:00,104.645,104.66,104.645,104.66,300.0
2017-11-09 09:53:00,104.68,104.68,104.64,104.64,200.0
2017-11-09 09:54:00,104.79,104.815,104.655,104.655,2100.0
2017-11-09 09:55:00,104.71,104.75,104.71,104.75,217.0
2017-11-09 09:56:00,104.76,104.88,104.65,104.765,5695.0
2017-11-09 09:57:00,104.72,104.78,104.68,104.75,3558.0
2017-11-09 09:59:00,104.79,104.79,104.66,104.66,3370.0
2017-11-09 10:00:00,104.82,104.83,104.72,104.74,2585.0
2017-11-09 10:01:00,104.82,105.0,104.81,105.0,700.0
2017-11-09 10:02:00,104.86,104.905,104.86,104.88,2445.0
2017-11-09 10:03:00,104.76,104.811,104.74,104.805,1200.0
2017-11-09 10:04:00,104.71,104.77,104.71,104.75,4515.0
2017-11-09 10:05:00,104.81,104.81,104.76,104.76,900.0
2017-11-09 10:06:00,104.87,104.905,104.86,104.86,1400.0
2017-11-09 10:07:00,104.75,104.83,104.75,104.83,500.0
2017-11-09 10:08:00,104.79,104.84,104.75,104.76,1300.0
2017-11-09 10:09:00,105.09,105.26,104.795,104.81,15080.0
2017-11-09 10:10:00,105.09,105.09,105.09,105.09,100.0
2017-11-09 10:11:00,104.985,105.05,104.985,105.05,200.0
2017-11-09 10:12:00,105.1,105.115,105.02,105.02,3200.0
2017-11-09 10:13:00,105.1,105.17,105.09,105.1,2021.0
2017-11-09 10:14:00,105.08,105.21,105.08,105.11,5568.0
2017-11-09 10:16:00,105.17,105.17,105.17,105.17,100.0
2017-11-09 10:17:00,105.03,105.09,105.03,105.09,1228.0
2017-11-09 10:18:00,105.18,105.18,104.99,105.045,4990.0
2017-11-09 10:20:00,105.21,105.33,105.21,105.31,500.0
2017-11-09 10:21:00,105.51,105.79,105.21,105.21,12146.0
2017-11-09 10:22:00,105.63,105.63,105.63,105.63,300.0
2017-11-09 10:23:00,105.48,105.59,105.48,105.59,700.0
2017-11-09 10:24:00,105.34,105.34,105.34,105.34,200.0
2017-11-09 10:25:00,105.3,105.35,105.25,105.35,790.0
2017-11-09 10:26:00,105.1,105.21,105.0,105.18,45290.0
2017-11-09 10:27:00,105.06,105.15,105.06,105.1446,400.0
2017-11-09 10:28:00,105.25,105.27,105.15,105.15,1700.0
2017-11-09 10:29:00,105.28,105.28,105.28,105.28,100.0
2017-11-09 10:30:00,105.22,105.3,105.16,105.21,3300.0
2017-11-09 10:31:00,105.33,105.345,105.31,105.31,550.0
2017-11-09 10:33:00,105.28,105.3425,105.28,105.33,900.0
2017-11-09 10:35:00,105.15,105.16,105.15,105.16,400.0
2017-11-09 10:36:00,105.1,105.15,105.1,105.15,200.0
2017-11-09 10:37:00,105.07,105.07,105.07,105.07,100.0
2017-11-09 10:38:00,105.21,105.265,105.11,105.11,4150.0
2017-11-09 10:39:00,105.21,105.215,105.21,105.215,300.0
2017-11-09 10:40:00,105.16,105.215,105.08,105.215,3597.0
2017-11-09 10:41:00,105.16,105.2,105.12,105.14,1310.0
2017-11-09 10:42:00,105.14,105.14,105.14,105.14,300.0
2017-11-09 10:43:00,105.265,105.33,105.15,105.15,3230.0
2017-11-09 10:44:00,105.2778,105.325,105.2778,105.325,600.0
2017-11-09 10:45:00,105.47,105.47,105.27,105.27,1500.0
2017-11-09 10:47:00,105.425,105.44,105.425,105.44,200.0
2017-11-09 10:48:00,105.45,105.49,105.4,105.42,600.0
2017-11-09 10:49:00,105.65,105.85,105.495,105.5,9316.0
2017-11-09 10:50:00,105.62100000000001,105.69,105.62100000000001,105.66,4000.0
2017-11-09 10:51:00,105.53,105.655,105.53,105.64,1300.0
2017-11-09 10:52:00,105.35,105.5,105.35,105.5,1500.0
2017-11-09 10:53:00,105.25,105.33,105.25,105.33,600.0
2017-11-09 10:54:00,105.24,105.24,105.24,105.24,225.0
2017-11-09 10:55:00,105.34,105.39,105.24,105.24,4074.0
2017-11-09 10:56:00,105.3725,105.3725,105.3725,105.3725,100.0
2017-11-09 10:57:00,105.31,105.31,105.31,105.31,100.0
2017-11-09 10:58:00,105.65,105.65,105.41,105.41,1400.0
2017-11-09 10:59:00,105.67,105.67,105.45,105.575,4813.0
2017-11-09 11:00:00,105.84,105.92,105.635,105.635,2818.0
2017-11-09 11:01:00,105.75,105.84,105.69,105.84,3650.0
2017-11-09 11:03:00,106.0,106.02,105.825,105.825,3250.0
2017-11-09 11:04:00,105.87,105.93,105.795,105.9,4122.0
2017-11-09 11:06:00,106.08,106.08,105.95,105.95,1800.0
2017-11-09 11:07:00,105.88,105.98,105.88,105.98,1323.0
2017-11-09 11:09:00,105.86,105.86,105.86,105.86,300.0
2017-11-09 11:10:00,105.85,105.865,105.8,105.86,785.0
2017-11-09 11:11:00,105.7,105.78,105.7,105.78,300.0
2017-11-09 11:13:00,105.59,105.69,105.53,105.59,2301.0
2017-11-09 11:15:00,105.68,105.68,105.68,105.68,200.0
2017-11-09 11:16:00,105.62,105.62,105.62,105.62,100.0
2017-11-09 11:17:00,105.64399999999999,105.64399999999999,105.64399999999999,105.64399999999999,200.0
2017-11-09 11:20:00,105.87,105.87,105.64,105.64,3439.0
2017-11-09 11:21:00,105.9,105.9,105.9,105.9,100.0
2017-11-09 11:22:00,105.89,105.89,105.855,105.855,300.0
2017-11-09 11:23:00,105.73,105.84,105.73,105.84,3533.0
2017-11-09 11:25:00,105.57,105.62,105.56,105.62,1100.0
2017-11-09 11:26:00,105.6085,105.6085,105.6085,105.6085,150.0
2017-11-09 11:28:00,105.56,105.6,105.55,105.57,400.0
2017-11-09 11:29:00,105.73,105.73,105.58,105.63,2730.0
2017-11-09 11:30:00,105.66,105.71,105.66,105.71,200.0
2017-11-09 11:31:00,105.85,105.85,105.73,105.73,2000.0
2017-11-09 11:32:00,105.88,105.9,105.79,105.79,3000.0
2017-11-09 11:33:00,105.86,105.86,105.86,105.86,700.0
2017-11-09 11:34:00,105.95,105.95,105.89,105.89,300.0
2017-11-09 11:35:00,105.96,105.96,105.92,105.96,900.0
2017-11-09 11:36:00,105.97,106.07,105.88,105.93,6869.0
2017-11-09 11:37:00,105.96,105.96,105.93,105.93,400.0
2017-11-09 11:38:00,105.88,105.92,105.88,105.89,1200.0
2017-11-09 11:39:00,106.05,106.07,105.88,105.88,8377.0
2017-11-09 11:40:00,106.14,106.18,106.0,106.06,8701.0
2017-11-09 11:41:00,106.21,106.21,106.09,106.11,2374.0
2017-11-09 11:42:00,106.28,106.28,106.19,106.2,2574.0
2017-11-09 11:43:00,106.3,106.31,106.03,106.2,12061.0
2017-11-09 11:44:00,106.31,106.31,106.29,106.3,1063.0
2017-11-09 11:45:00,106.27,106.36,106.23,106.36,3677.0
2017-11-09 11:46:00,106.03,106.21,105.97,106.21,2642.0
2017-11-09 11:47:00,105.97,105.97,105.825,105.97,7741.0
2017-11-09 11:48:00,106.02,106.02,105.965,105.965,420.0
2017-11-09 11:49:00,106.08,106.08,106.0392,106.06,1300.0
2017-11-09 11:50:00,105.83,106.09,105.77,106.08,5930.0
2017-11-09 11:51:00,105.87,105.87,105.825,105.825,400.0
2017-11-09 11:54:00,105.845,105.9,105.84,105.87,1895.0
2017-11-09 11:55:00,105.9085,105.94,105.8,105.8,1092.0
2017-11-09 11:56:00,105.77,105.905,105.77,105.88,1000.0
2017-11-09 11:57:00,105.61,105.77,105.61,105.77,800.0
2017-11-09 11:58:00,105.71,105.71,105.43,105.5,600.0
2017-11-09 11:59:00,105.69,105.87,105.69,105.7,600.0
2017-11-09 12:00:00,105.64,105.76,105.64,105.76,400.0
2017-11-09 12:02:00,105.59,105.64,105.59,105.64,400.0
2017-11-09 12:03:00,105.54,105.59,105.54,105.59,400.0
2017-11-09 12:06:00,105.52,105.62,105.51,105.51,900.0
2017-11-09 12:07:00,105.47,105.49,105.47,105.49,901.0
2017-11-09 12:08:00,105.48,105.55,105.39,105.45,1752.0
2017-11-09 12:09:00,105.44,105.525,105.44,105.525,400.0
2017-11-09 12:10:00,105.49,105.49,105.41,105.41,200.0
2017-11-09 12:11:00,105.62100000000001,105.62100000000001,105.43,105.43,1250.0
2017-11-09 12:12:00,105.68,105.69,105.5,105.56,2300.0
2017-11-09 12:13:00,105.55,105.59,105.55,105.57,300.0
2017-11-09 12:14:00,105.56,105.56,105.56,105.56,300.0
2017-11-09 12:15:00,105.33,105.55,105.33,105.55,900.0
2017-11-09 12:17:00,105.41,105.41,105.4,105.4,1900.0
2017-11-09 12:18:00,105.47,105.48,105.47,105.47,800.0
2017-11-09 12:21:00,105.46,105.46,105.46,105.46,400.0
2017-11-09 12:22:00,105.41,105.41,105.41,105.41,100.0
2017-11-09 12:23:00,105.405,105.44,105.405,105.42,300.0
2017-11-09 12:24:00,105.35,105.35,105.35,105.35,100.0
2017-11-09 12:25:00,105.33,105.35,105.31,105.35,500.0
2017-11-09 12:26:00,105.22,105.285,105.22,105.285,400.0
2017-11-09 12:27:00,105.28,105.3518,105.28,105.29,3684.0
2017-11-09 12:28:00,105.22,105.22,105.22,105.22,100.0
2017-11-09 12:30:00,105.2,105.2,105.2,105.2,100.0
2017-11-09 12:31:00,105.22,105.22,105.22,105.22,277.0
2017-11-09 12:32:00,105.21,105.2675,105.14,105.2,3998.0
2017-11-09 12:33:00,105.19,105.19,105.12,105.12,800.0
2017-11-09 12:35:00,105.14,105.2375,105.11,105.19,1589.0
2017-11-09 12:36:00,105.22,105.2916,105.22,105.2916,1265.0
2017-11-09 12:39:00,105.23,105.23,105.18,105.18,200.0
2017-11-09 12:40:00,105.225,105.225,105.225,105.225,300.0
2017-11-09 12:41:00,105.23,105.23,105.18,105.18,1675.0
2017-11-09 12:42:00,105.13,105.17,105.13,105.17,400.0
2017-11-09 12:44:00,105.15,105.19,105.1,105.1,1360.0
2017-11-09 12:45:00,105.1425,105.1425,105.12,105.12,200.0
2017-11-09 12:46:00,105.1,105.1,105.1,105.1,400.0
2017-11-09 12:47:00,105.08,105.14,105.07,105.08,1200.0
2017-11-09 12:48:00,105.08,105.08,105.08,105.08,200.0
2017-11-09 12:49:00,105.09,105.11,105.09,105.09,800.0
2017-11-09 12:52:00,105.26,105.26,105.1,105.15,3200.0
2017-11-09 12:53:00,105.3,105.3,105.3,105.3,100.0
2017-11-09 12:54:00,105.24,105.24,105.24,105.24,100.0
2017-11-09 12:55:00,105.28,105.385,105.24,105.24,3382.0
2017-11-09 12:57:00,105.25,105.26,105.2307,105.26,1875.0
2017-11-09 12:58:00,105.3,105.31,105.29,105.29,800.0
2017-11-09 12:59:00,105.3,105.3,105.28,105.28,600.0
2017-11-09 13:00:00,105.24,105.2697,105.24,105.2697,350.0
2017-11-09 13:01:00,105.29,105.29,105.29,105.29,300.0
2017-11-09 13:03:00,105.22,105.339,105.19,105.339,4450.0
2017-11-09 13:04:00,105.3,105.3,105.3,105.3,100.0
2017-11-09 13:05:00,105.31,105.31,105.24700000000001,105.24700000000001,1000.0
2017-11-09 13:06:00,105.245,105.275,105.24,105.24,600.0
2017-11-09 13:07:00,105.21,105.21,105.21,105.21,100.0
2017-11-09 13:08:00,105.2342,105.27,105.21,105.21,707.0
2017-11-09 13:09:00,105.28,105.28,105.28,105.28,100.0
2017-11-09 13:13:00,105.31,105.3502,105.3,105.3502,1300.0
2017-11-09 13:14:00,105.29,105.29,105.25,105.27,2337.0
2017-11-09 13:15:00,105.24,105.28,105.24,105.28,1300.0
2017-11-09 13:17:00,105.2,105.25,105.18,105.24,2758.0
2017-11-09 13:18:00,105.265,105.29,105.15,105.16,9395.0
2017-11-09 13:20:00,105.2,105.255,105.2,105.255,2400.0
2017-11-09 13:21:00,105.22,105.23,105.19,105.2,2699.0
2017-11-09 13:22:00,105.24,105.24,105.21,105.23,500.0
2017-11-09 13:23:00,105.2,105.21,105.2,105.21,200.0
2017-11-09 13:24:00,105.12,105.19,105.12,105.19,700.0
2017-11-09 13:25:00,105.09,105.11,105.09,105.11,500.0
2017-11-09 13:26:00,105.165,105.18,105.11,105.11,800.0
2017-11-09 13:30:00,105.175,105.175,105.175,105.175,100.0
2017-11-09 13:31:00,105.15,105.15,105.15,105.15,100.0
2017-11-09 13:34:00,105.14,105.1527,105.14,105.1527,910.0
2017-11-09 13:35:00,105.18,105.2,105.13,105.14,1300.0
2017-11-09 13:36:00,105.265,105.265,105.2,105.2,400.0
2017-11-09 13:37:00,105.24,105.24,105.24,105.24,200.0
2017-11-09 13:39:00,105.28,105.28,105.28,105.28,101.0
2017-11-09 13:40:00,105.21,105.23,105.17,105.23,2100.0
2017-11-09 13:41:00,105.21,105.21,105.16,105.16,1600.0
2017-11-09 13:42:00,105.14,105.17,105.14,105.17,500.0
2017-11-09 13:43:00,105.14,105.14,105.14,105.14,136.0
2017-11-09 13:44:00,105.13,105.15,105.1,105.1,1304.0
2017-11-09 13:45:00,105.13,105.13,105.12,105.12,300.0
2017-11-09 13:46:00,105.1,105.14,105.1,105.13,1100.0
2017-11-09 13:47:00,105.07,105.08,105.07,105.08,519.0
2017-11-09 13:48:00,105.07,105.07,105.07,105.07,200.0
2017-11-09 13:49:00,105.07,105.07,105.07,105.07,200.0
2017-11-09 13:50:00,105.05,105.075,105.03,105.06,2200.0
2017-11-09 13:51:00,105.04,105.05,105.03,105.04,1100.0
2017-11-09 13:52:00,105.06,105.06,105.04,105.045,3900.0
2017-11-09 13:53:00,105.09,105.09,105.05,105.05,400.0
2017-11-09 13:54:00,105.14,105.14,105.075,105.1,1100.0
2017-11-09 13:55:00,105.13,105.15,105.12,105.12,500.0
2017-11-09 13:56:00,105.15,105.15,105.15,105.15,400.0
2017-11-09 13:57:00,105.19,105.19,105.15,105.15,1000.0
2017-11-09 13:58:00,105.26,105.31,105.17,105.17,2100.0
2017-11-09 14:00:00,105.24,105.24,105.215,105.215,200.0
2017-11-09 14:01:00,105.28,105.28,105.24,105.24,1000.0
2017-11-09 14:02:00,105.24,105.27,105.23,105.27,1800.0
2017-11-09 14:03:00,105.18,105.23,105.18,105.22,900.0
2017-11-09 14:04:00,105.16,105.19,105.16,105.16,500.0
2017-11-09 14:05:00,105.29,105.29,105.17,105.17,1620.0
2017-11-09 14:06:00,105.23,105.3,105.21,105.27,2230.0
2017-11-09 14:07:00,105.27,105.27,105.17,105.17,1100.0
2017-11-09 14:08:00,105.32,105.32,105.25,105.32,800.0
2017-11-09 14:09:00,105.28,105.34,105.28,105.28,8150.0
2017-11-09 14:10:00,105.25,105.3,105.25,105.28,700.0
2017-11-09 14:11:00,105.25,105.2567,105.25,105.2567,243.0
2017-11-09 14:12:00,105.31,105.31,105.23,105.24,2300.0
2017-11-09 14:13:00,105.285,105.285,105.28,105.28,200.0
2017-11-09 14:14:00,105.32,105.32,105.29,105.29,800.0
2017-11-09 14:15:00,105.27,105.29,105.26,105.27,1300.0
2017-11-09 14:16:00,105.25,105.27,105.25,105.25,800.0
2017-11-09 14:17:00,105.36,105.36,105.25,105.25,2400.0
2017-11-09 14:18:00,105.38,105.43,105.38,105.41,700.0
2017-11-09 14:19:00,105.42,105.46,105.41,105.41,2600.0
2017-11-09 14:20:00,105.49,105.49,105.43,105.43,700.0
2017-11-09 14:21:00,105.47,105.515,105.43,105.43,1900.0
2017-11-09 14:22:00,105.41,105.4576,105.41,105.45,1982.0
2017-11-09 14:23:00,105.35,105.39,105.34,105.39,1600.0
2017-11-09 14:24:00,105.425,105.425,105.35,105.35,2355.0
2017-11-09 14:25:00,105.34,105.4,105.33,105.4,2803.0
2017-11-09 14:26:00,105.35,105.37,105.34,105.34,1608.0
2017-11-09 14:27:00,105.27,105.32,105.25,105.32,2708.0
2017-11-09 14:28:00,105.3,105.3,105.26,105.26,900.0
2017-11-09 14:29:00,105.22,105.275,105.22,105.275,1400.0
2017-11-09 14:30:00,105.355,105.355,105.25,105.25,1600.0
2017-11-09 14:31:00,105.36,105.37,105.31,105.36,1512.0
2017-11-09 14:32:00,105.3025,105.34,105.28,105.34,1803.0
2017-11-09 14:33:00,105.26,105.27,105.26,105.27,500.0
2017-11-09 14:34:00,105.22,105.28,105.22,105.25,2632.0
2017-11-09 14:35:00,105.15,105.19,105.14,105.19,1175.0
2017-11-09 14:36:00,105.18,105.21,105.17,105.17,1100.0
2017-11-09 14:37:00,105.15,105.19,105.15,105.19,600.0
2017-11-09 14:38:00,105.18,105.21,105.18,105.18,1800.0
2017-11-09 14:39:00,105.17,105.17,105.17,105.17,300.0
2017-11-09 14:40:00,105.1825,105.1825,105.15,105.15,1374.0
2017-11-09 14:41:00,105.16,105.16,105.16,105.16,600.0
2017-11-09 14:42:00,105.17,105.18,105.14,105.14299999999999,1900.0
2017-11-09 14:43:00,105.175,105.175,105.15,105.15,2650.0
2017-11-09 14:44:00,105.12,105.175,105.12,105.175,2200.0
2017-11-09 14:45:00,105.235,105.24,105.11,105.11,4081.0
2017-11-09 14:46:00,105.13,105.19,105.13,105.19,1200.0
2017-11-09 14:47:00,105.1,105.1,105.1,105.1,100.0
2017-11-09 14:49:00,105.1,105.1,105.1,105.1,800.0
2017-11-09 14:50:00,105.18,105.18,105.1,105.1,1457.0
2017-11-09 14:51:00,105.12,105.16,105.09,105.14,1749.0
2017-11-09 14:52:00,105.13,105.15,105.1,105.1,1300.0
2017-11-09 14:53:00,105.23,105.25,105.1501,105.18,2556.0
2017-11-09 14:54:00,105.28,105.28,105.23,105.23,1269.0
2017-11-09 14:55:00,105.255,105.255,105.255,105.255,200.0
2017-11-09 14:56:00,105.28,105.28,105.25,105.25,1100.0
2017-11-09 14:57:00,105.295,105.295,105.27,105.27,200.0
2017-11-09 14:58:00,105.23,105.288,105.23,105.288,1700.0
2017-11-09 14:59:00,105.27,105.27,105.24,105.24,1500.0
2017-11-09 15:00:00,105.3,105.3,105.25,105.25,200.0
2017-11-09 15:01:00,105.27,105.27,105.25,105.25,600.0
2017-11-09 15:02:00,105.28,105.32,105.26,105.26,848.0
2017-11-09 15:03:00,105.16,105.23,105.16,105.23,1000.0
2017-11-09 15:04:00,105.24,105.24,105.19,105.19,200.0
2017-11-09 15:05:00,105.29,105.29,105.21,105.21,300.0
2017-11-09 15:06:00,105.3,105.3,105.26,105.27,700.0
2017-11-09 15:07:00,105.27,105.27,105.24,105.24,200.0
2017-11-09 15:08:00,105.31,105.4,105.25,105.25,1950.0
2017-11-09 15:10:00,105.3,105.33,105.29,105.3,1644.0
2017-11-09 15:11:00,105.2893,105.2992,105.2893,105.2992,319.0
2017-11-09 15:12:00,105.21,105.29,105.21,105.28,2100.0
2017-11-09 15:13:00,105.23,105.24,105.23,105.23,800.0
2017-11-09 15:14:00,105.23,105.23,105.23,105.23,200.0
2017-11-09 15:15:00,105.29,105.32,105.27,105.27,600.0
2017-11-09 15:16:00,105.28,105.3,105.26,105.3,2565.0
2017-11-09 15:17:00,105.27,105.29,105.26,105.28,2100.0
2017-11-09 15:18:00,105.31,105.31,105.27,105.27,1000.0
2017-11-09 15:19:00,105.28,105.29,105.26,105.26,2200.0
2017-11-09 15:20:00,105.34,105.34,105.29,105.29,300.0
2017-11-09 15:21:00,105.36,105.36,105.31,105.31,1500.0
2017-11-09 15:22:00,105.33,105.41,105.33,105.39,2600.0
2017-11-09 15:23:00,105.35,105.35,105.32,105.34,600.0
2017-11-09 15:24:00,105.34,105.37,105.33,105.33,300.0
2017-11-09 15:25:00,105.37,105.37,105.34,105.35,1100.0
2017-11-09 15:26:00,105.37,105.4,105.36,105.4,1566.0
2017-11-09 15:27:00,105.36,105.39,105.36,105.38,1800.0
2017-11-09 15:28:00,105.33,105.36,105.33,105.35,800.0
2017-11-09 15:29:00,105.42,105.42,105.35,105.35,1714.0
2017-11-09 15:30:00,105.42,105.42,105.4,105.4,1400.0
2017-11-09 15:31:00,105.41,105.41,105.4,105.41,900.0
2017-11-09 15:32:00,105.38,105.46,105.38,105.43,1717.0
2017-11-09 15:33:00,105.4,105.42,105.36,105.38,3550.0
2017-11-09 15:34:00,105.39,105.39,105.37,105.39,1250.0
2017-11-09 15:35:00,105.37,105.4,105.36,105.4,1554.0
2017-11-09 15:36:00,105.4,105.4,105.38,105.38,1313.0
2017-11-09 15:37:00,105.38799999999999,105.42,105.38799999999999,105.42,1450.0
2017-11-09 15:38:00,105.33,105.395,105.33,105.38,3340.0
2017-11-09 15:39:00,105.36,105.36,105.34,105.35,800.0
2017-11-09 15:40:00,105.36,105.37,105.355,105.36,2542.0
2017-11-09 15:41:00,105.29,105.36,105.27,105.36,4434.0
2017-11-09 15:42:00,105.3,105.31,105.3,105.305,800.0
2017-11-09 15:43:00,105.26,105.31,105.26,105.3,2724.0
2017-11-09 15:44:00,105.22,105.22,105.22,105.22,300.0
2017-11-09 15:45:00,105.23,105.26,105.2,105.21,2379.0
2017-11-09 15:46:00,105.2455,105.2455,105.23,105.23,1200.0
2017-11-09 15:47:00,105.23,105.2492,105.22,105.24,3467.0
2017-11-09 15:48:00,105.23,105.24,105.23,105.24,1700.0
2017-11-09 15:49:00,105.22,105.24,105.2,105.24,5118.0
2017-11-09 15:50:00,105.29,105.3,105.21,105.21,1300.0
2017-11-09 15:51:00,105.33,105.33,105.28,105.29,2261.0
2017-11-09 15:52:00,105.35,105.35,105.31,105.31,1154.0
2017-11-09 15:53:00,105.34,105.38,105.335,105.335,3100.0
2017-11-09 15:54:00,105.35,105.36,105.34,105.36,600.0
2017-11-09 15:55:00,105.29,105.36,105.28,105.36,3700.0
2017-11-09 15:56:00,105.35,105.39,105.29,105.29,4763.0
2017-11-09 15:57:00,105.35,105.39,105.32,105.37,3111.0
2017-11-09 15:58:00,105.37,105.4,105.35,105.35,2700.0
2017-11-09 15:59:00,105.34,105.38,105.32,105.37,5576.0
2017-11-09 16:00:00,105.25,105.36,105.21,105.36,11705.0
2017-11-10 09:30:00,104.83,104.87,104.78,104.87,2538.0
2017-11-10 09:31:00,104.95,104.95,104.94,104.94,200.0
2017-11-10 09:32:00,104.94,105.2,104.73,104.77,1200.0
2017-11-10 09:33:00,105.24,105.24,104.97,105.06,1716.0
2017-11-10 09:34:00,104.92,104.96,104.92,104.93,300.0
2017-11-10 09:36:00,104.76,105.1125,104.76,105.1125,900.0
2017-11-10 09:37:00,104.82,104.82,104.82,104.82,100.0
2017-11-10 09:41:00,104.8,104.8,104.78,104.78,200.0
2017-11-10 09:42:00,104.87,105.0,104.7749,104.84,1975.0
2017-11-10 09:44:00,104.88,104.89,104.85,104.87,1950.0
2017-11-10 09:45:00,104.79,104.79,104.79,104.79,100.0
2017-11-10 09:46:00,104.89,104.91,104.88,104.88,1605.0
2017-11-10 09:47:00,104.95,104.96,104.9,104.91,700.0
2017-11-10 09:48:00,105.04,105.04,104.915,104.98,500.0
2017-11-10 09:49:00,105.03,105.06,105.0,105.0,400.0
2017-11-10 09:51:00,104.95,105.086,104.95,105.086,1150.0
2017-11-10 09:52:00,104.95,104.96,104.845,104.93,2895.0
2017-11-10 09:53:00,104.86,104.94,104.85,104.93,1200.0
2017-11-10 09:54:00,104.76,104.84,104.76,104.84,419.0
2017-11-10 09:55:00,104.73,104.73,104.73,104.73,100.0
2017-11-10 09:56:00,104.73,104.78,104.72,104.775,1000.0
2017-11-10 09:57:00,104.69,104.755,104.69,104.73,1300.0
2017-11-10 09:58:00,104.675,104.6848,104.64,104.66,1200.0
2017-11-10 09:59:00,104.87,104.87,104.65,104.7,4437.0
2017-11-10 10:00:00,104.86,104.94,104.78,104.78,400.0
2017-11-10 10:01:00,104.77,104.9,104.77,104.9,8821.0
2017-11-10 10:02:00,104.41,104.62,104.41,104.61,3653.0
2017-11-10 10:03:00,104.43,104.43,104.42,104.42,300.0
2017-11-10 10:04:00,104.35,104.35,104.35,104.35,200.0
2017-11-10 10:05:00,104.3,104.3,104.3,104.3,200.0
2017-11-10 10:06:00,104.33,104.41,104.31,104.3385,4466.0
2017-11-10 10:07:00,104.28,104.3718,104.2,104.3718,3173.0
2017-11-10 10:08:00,104.36,104.36,104.27,104.27,900.0
2017-11-10 10:09:00,104.47,104.51,104.45,104.45,6400.0
2017-11-10 10:10:00,104.42,104.43,104.42,104.43,200.0
2017-11-10 10:11:00,104.5,104.54,104.5,104.53,300.0
2017-11-10 10:12:00,104.46,104.55,104.46,104.55,1200.0
2017-11-10 10:13:00,104.44,104.4685,104.44,104.4685,300.0
2017-11-10 10:14:00,104.48,104.48,104.45,104.45,400.0
2017-11-10 10:15:00,104.48,104.54,104.48,104.51,1608.0
2017-11-10 10:16:00,104.42,104.47,104.42,104.47,500.0
2017-11-10 10:17:00,104.44,104.46,104.4,104.42,1400.0
2017-11-10 10:18:00,104.37,104.37,104.37,104.37,100.0
2017-11-10 10:19:00,104.26,104.37,104.26,104.37,600.0
2017-11-10 10:20:00,104.23,104.3209,104.23,104.3209,800.0
2017-11-10 10:21:00,104.255,104.3,104.2,104.21,1700.0
2017-11-10 10:22:00,104.265,104.265,104.23,104.23,700.0
2017-11-10 10:23:00,104.36,104.39,104.22,104.22,2954.0
2017-11-10 10:24:00,104.45,104.45,104.37,104.37,600.0
2017-11-10 10:25:00,104.48,104.48,104.46,104.46,700.0
2017-11-10 10:26:00,104.47,104.49,104.43,104.48,1933.0
2017-11-10 10:27:00,104.44,104.44,104.41,104.44,328.0
2017-11-10 10:28:00,104.51,104.59,104.39,104.4,23460.0
2017-11-10 10:29:00,104.43,104.52,104.43,104.5106,525.0
2017-11-10 10:30:00,104.5,104.56,104.45,104.45,4066.0
2017-11-10 10:31:00,104.47,104.48,104.47,104.48,1702.0
2017-11-10 10:32:00,104.47,104.56,104.44,104.47,6770.0
2017-11-10 10:33:00,104.28,104.5,104.28,104.5,2700.0
2017-11-10 10:34:00,104.29,104.29,104.28,104.28,200.0
2017-11-10 10:35:00,104.28,104.28,104.28,104.28,100.0
2017-11-10 10:36:00,104.275,104.285,104.24,104.285,300.0
2017-11-10 10:37:00,104.36,104.36,104.28,104.28,2400.0
2017-11-10 10:38:00,104.375,104.375,104.375,104.375,100.0
2017-11-10 10:39:00,104.34,104.375,104.34,104.35,700.0
2017-11-10 10:40:00,104.24,104.285,104.24,104.285,600.0
2017-11-10 10:41:00,104.29,104.33,104.26,104.28,800.0
2017-11-10 10:42:00,104.29,104.29,104.29,104.29,200.0
2017-11-10 10:43:00,104.25,104.285,104.23,104.26,900.0
2017-11-10 10:44:00,104.24,104.24,104.22,104.22,575.0
2017-11-10 10:45:00,104.23,104.27,104.21,104.235,3210.0
2017-11-10 10:46:00,104.22,104.25,104.22,104.25,500.0
2017-11-10 10:47:00,104.21,104.23,104.21,104.23,2527.0
2017-11-10 10:48:00,104.23,104.26,104.23,104.24,1100.0
2017-11-10 10:49:00,104.235,104.25,104.23,104.23,400.0
2017-11-10 10:50:00,104.1201,104.21,104.1201,104.21,4401.0
2017-11-10 10:51:00,103.885,104.12,103.84,104.12,2951.0
2017-11-10 10:52:00,103.885,103.89,103.86,103.885,500.0
2017-11-10 10:53:00,103.91,103.93,103.88,103.88,1900.0
2017-11-10 10:54:00,103.96,104.0,103.9372,103.9372,1950.0
2017-11-10 10:55:00,103.99,103.99,103.98,103.98,400.0
2017-11-10 10:56:00,104.041,104.07,103.96,103.96,800.0
2017-11-10 10:57:00,104.03,104.085,104.01,104.085,1500.0
2017-11-10 10:58:00,104.05,104.05,104.01,104.01,800.0
2017-11-10 10:59:00,104.04,104.08,104.04,104.08,400.0
2017-11-10 11:00:00,104.075,104.075,104.075,104.075,200.0
2017-11-10 11:01:00,104.05,104.075,104.03,104.075,1762.0
2017-11-10 11:02:00,104.03,104.06,103.99,104.02,1999.0
2017-11-10 11:03:00,104.09,104.0999,104.03,104.03,1000.0
2017-11-10 11:04:00,104.085,104.085,104.085,104.085,300.0
2017-11-10 11:05:00,104.12,104.13,104.11,104.11,1728.0
2017-11-10 11:06:00,104.16,104.16,104.11,104.14,1100.0
2017-11-10 11:07:00,104.19,104.19,104.15,104.15,1300.0
2017-11-10 11:08:00,104.21,104.21,104.15,104.18,2250.0
2017-11-10 11:09:00,104.28,104.28,104.21,104.235,2729.0
2017-11-10 11:10:00,104.28,104.31,104.28,104.31,200.0
2017-11-10 11:11:00,104.28,104.28,104.28,104.28,300.0
2017-11-10 11:12:00,104.28,104.28,104.28,104.28,300.0
2017-11-10 11:13:00,104.275,104.31,104.275,104.31,300.0
2017-11-10 11:14:00,104.32,104.32,104.275,104.275,1300.0
2017-11-10 11:15:00,104.34,104.34,104.2945,104.33,600.0
2017-11-10 11:16:00,104.3799,104.38,104.34,104.38,300.0
2017-11-10 11:17:00,104.305,104.34,104.29,104.34,2230.0
2017-11-10 11:18:00,104.275,104.28,104.25,104.28,600.0
2017-11-10 11:19:00,104.3,104.3,104.27,104.27,1036.0
2017-11-10 11:20:00,104.3,104.3,104.29,104.29,200.0
2017-11-10 11:21:00,104.29,104.3,104.25,104.3,800.0
2017-11-10 11:22:00,104.26,104.2888,104.26,104.2888,785.0
2017-11-10 11:23:00,104.29,104.3,104.25,104.25,3978.0
2017-11-10 11:24:00,104.275,104.275,104.25,104.25,200.0
2017-11-10 11:25:00,104.3,104.3,104.275,104.275,700.0
2017-11-10 11:26:00,104.31,104.31,104.31,104.31,100.0
2017-11-10 11:27:00,104.37,104.405,104.33,104.33,2026.0
2017-11-10 11:28:00,104.3435,104.38,104.33,104.34,1200.0
2017-11-10 11:29:00,104.47,104.47,104.34,104.34,3499.0
2017-11-10 11:30:00,104.5,104.5,104.5,104.5,100.0
2017-11-10 11:31:00,104.5,104.55,104.47,104.52,1362.0
2017-11-10 11:32:00,104.505,104.505,104.45,104.45,3040.0
2017-11-10 11:33:00,104.46,104.52,104.46,104.495,600.0
2017-11-10 11:34:00,104.52,104.52,104.45,104.49,1000.0
2017-11-10 11:35:00,104.47,104.56,104.47,104.56,5200.0
2017-11-10 11:36:00,104.45,104.49,104.45,104.45,700.0
2017-11-10 11:37:00,104.5,104.5,104.43,104.43,10500.0
2017-11-10 11:38:00,104.46,104.462,104.46,104.462,200.0
2017-11-10 11:39:00,104.56,104.57,104.5,104.5,2200.0
2017-11-10 11:41:00,104.56,104.59,104.55,104.55,400.0
2017-11-10 11:42:00,104.56,104.6,104.54,104.6,400.0
2017-11-10 11:43:00,104.55,104.555,104.55,104.555,200.0
2017-11-10 11:44:00,104.55,104.57,104.51,104.56,2900.0
2017-11-10 11:45:00,104.545,104.555,104.53,104.555,300.0
2017-11-10 11:46:00,104.5,104.56,104.5,104.56,3400.0
2017-11-10 11:47:00,104.5,104.52,104.48,104.5,7002.0
2017-11-10 11:48:00,104.43,104.47,104.43,104.47,600.0
2017-11-10 11:49:00,104.38,104.38,104.38,104.38,100.0
2017-11-10 11:50:00,104.38,104.38,104.38,104.38,100.0
2017-11-10 11:51:00,104.36,104.36,104.36,104.36,200.0
2017-11-10 11:52:00,104.315,104.36,104.315,104.36,2000.0
2017-11-10 11:53:00,104.32,104.32,104.3,104.315,400.0
2017-11-10 11:54:00,104.4,104.4,104.32,104.32,2200.0
2017-11-10 11:55:00,104.375,104.375,104.375,104.375,100.0
2017-11-10 11:56:00,104.38,104.38,104.375,104.375,200.0
2017-11-10 11:57:00,104.39,104.4,104.375,104.375,1190.0
2017-11-10 11:58:00,104.46,104.46,104.41,104.41,1700.0
2017-11-10 11:59:00,104.43,104.465,104.41,104.465,1690.0
2017-11-10 12:00:00,104.3706,104.42,104.37,104.39,694.0
2017-11-10 12:01:00,104.39,104.4,104.39,104.39,343.0
2017-11-10 12:02:00,104.38,104.38,104.38,104.38,300.0
2017-11-10 12:03:00,104.4,104.4,104.4,104.4,400.0
2017-11-10 12:04:00,104.37,104.395,104.345,104.395,800.0
2017-11-10 12:05:00,104.365,104.365,104.365,104.365,100.0
2017-11-10 12:06:00,104.37,104.37,104.37,104.37,100.0
2017-11-10 12:07:00,104.35,104.39,104.35,104.38,900.0
2017-11-10 12:08:00,104.41,104.42,104.34,104.355,1000.0
2017-11-10 12:09:00,104.425,104.425,104.425,104.425,100.0
2017-11-10 12:10:00,104.419,104.43,104.405,104.41,1492.0
2017-11-10 12:11:00,104.41,104.41,104.41,104.41,400.0
2017-11-10 12:12:00,104.4,104.405,104.4,104.405,200.0
2017-11-10 12:13:00,104.42,104.42,104.38,104.38,1000.0
2017-11-10 12:14:00,104.4,104.4,104.39,104.39,200.0
2017-11-10 12:15:00,104.365,104.365,104.36,104.36,500.0
2017-11-10 12:16:00,104.36,104.36,104.33,104.33,200.0
2017-11-10 12:17:00,104.4,104.4,104.3201,104.34,2249.0
2017-11-10 12:18:00,104.41,104.41,104.4,104.4,400.0
2017-11-10 12:19:00,104.37,104.405,104.36,104.405,2801.0
2017-11-10 12:21:00,104.355,104.355,104.355,104.355,100.0
2017-11-10 12:23:00,104.33,104.3749,104.33,104.3749,950.0
2017-11-10 12:24:00,104.37,104.37,104.32,104.33,2278.0
2017-11-10 12:25:00,104.39,104.39,104.35,104.35,400.0
2017-11-10 12:26:00,104.33,104.36,104.33,104.35,500.0
2017-11-10 12:28:00,104.34,104.365,104.34,104.365,200.0
2017-11-10 12:29:00,104.335,104.365,104.33,104.365,1698.0
2017-11-10 12:30:00,104.3318,104.3318,104.3318,104.3318,150.0
2017-11-10 12:31:00,104.31,104.335,104.31,104.335,300.0
2017-11-10 12:32:00,104.33,104.33,104.29,104.31,2820.0
2017-11-10 12:33:00,104.31,104.31,104.31,104.31,100.0
2017-11-10 12:34:00,104.37,104.37,104.33,104.33,901.0
2017-11-10 12:35:00,104.39,104.42,104.3897,104.42,400.0
2017-11-10 12:36:00,104.41,104.41,104.41,104.41,100.0
2017-11-10 12:37:00,104.34,104.38,104.33,104.38,1318.0
2017-11-10 12:38:00,104.355,104.355,104.35,104.35,300.0
2017-11-10 12:39:00,104.3,104.33,104.28,104.33,1477.0
2017-11-10 12:40:00,104.29,104.3,104.27,104.3,400.0
2017-11-10 12:41:00,104.2853,104.29,104.2853,104.29,400.0
2017-11-10 12:42:00,104.31,104.31,104.2902,104.2902,400.0
2017-11-10 12:43:00,104.3,104.3,104.3,104.3,200.0
2017-11-10 12:44:00,104.28,104.295,104.28,104.295,900.0
2017-11-10 12:45:00,104.22,104.28,104.22,104.28,3059.0
2017-11-10 12:46:00,104.2,104.24,104.19,104.24,1989.0
2017-11-10 12:47:00,104.17,104.1888,104.17,104.1888,687.0
2017-11-10 12:48:00,104.14,104.16,104.13,104.16,1613.0
2017-11-10 12:49:00,104.12,104.12,104.11,104.11,200.0
2017-11-10 12:50:00,104.09,104.13,104.08,104.1,6271.0
2017-11-10 12:51:00,104.0707,104.1,104.07,104.1,2100.0
2017-11-10 12:52:00,104.02,104.055,104.02,104.055,1210.0
2017-11-10 12:53:00,104.05,104.05,103.98,103.98,1777.0
2017-11-10 12:54:00,104.15,104.15,104.05,104.05,908.0
2017-11-10 12:55:00,104.1,104.1,104.1,104.1,100.0
2017-11-10 12:56:00,104.13,104.13,104.13,104.13,100.0
2017-11-10 12:57:00,104.15,104.15,104.125,104.125,200.0
2017-11-10 12:58:00,104.125,104.125,104.125,104.125,200.0
2017-11-10 12:59:00,104.11,104.11,104.08,104.1,868.0
2017-11-10 13:00:00,104.09,104.1,104.09,104.1,200.0
2017-11-10 13:01:00,104.095,104.1,104.095,104.1,300.0
2017-11-10 13:03:00,104.095,104.095,104.095,104.095,100.0
2017-11-10 13:04:00,104.095,104.095,104.095,104.095,200.0
2017-11-10 13:05:00,104.08,104.1,104.08,104.08,1100.0
2017-11-10 13:06:00,104.08,104.08,104.08,104.08,400.0
2017-11-10 13:07:00,104.02,104.06,104.02,104.06,1832.0
2017-11-10 13:08:00,104.08,104.09,104.035,104.035,2338.0
2017-11-10 13:09:00,104.09,104.09,104.09,104.09,100.0
2017-11-10 13:10:00,104.1006,104.1006,104.06,104.06,1000.0
2017-11-10 13:11:00,104.09,104.09,104.09,104.09,100.0
2017-11-10 13:12:00,104.09,104.1,104.09,104.1,200.0
2017-11-10 13:13:00,104.095,104.0998,104.095,104.0998,600.0
2017-11-10 13:14:00,104.235,104.235,104.12,104.12,3550.0
2017-11-10 13:15:00,104.35,104.35,104.25,104.25,1933.0
2017-11-10 13:16:00,104.31,104.34,104.31,104.34,900.0
2017-11-10 13:17:00,104.31,104.31,104.31,104.31,100.0
2017-11-10 13:18:00,104.33,104.33,104.31,104.31,200.0
2017-11-10 13:19:00,104.25,104.28,104.25,104.28,700.0
2017-11-10 13:20:00,104.25,104.2532,104.25,104.2532,300.0
2017-11-10 13:21:00,104.25,104.27,104.25,104.27,800.0
2017-11-10 13:22:00,104.2,104.2,104.17,104.17,200.0
2017-11-10 13:23:00,104.195,104.2,104.195,104.2,500.0
2017-11-10 13:24:00,104.205,104.205,104.205,104.205,200.0
2017-11-10 13:25:00,104.22,104.23,104.195,104.205,4992.0
2017-11-10 13:26:00,104.34,104.34,104.25,104.25,1000.0
2017-11-10 13:27:00,104.44,104.44,104.39,104.44,600.0
2017-11-10 13:28:00,104.47399999999999,104.58,104.395,104.395,10420.0
2017-11-10 13:29:00,104.5796,104.5796,104.47,104.495,2749.0
2017-11-10 13:30:00,104.56,104.56,104.54,104.56,950.0
2017-11-10 13:31:00,104.54,104.54,104.54,104.54,100.0
2017-11-10 13:32:00,104.55,104.6,104.53,104.6,2400.0
2017-11-10 13:33:00,104.54,104.56,104.54,104.55,2400.0
2017-11-10 13:34:00,104.4925,104.52,104.46,104.52,2500.0
2017-11-10 13:35:00,104.54,104.54,104.49,104.49,1070.0
2017-11-10 13:36:00,104.54,104.54,104.54,104.54,500.0
2017-11-10 13:37:00,104.53,104.53,104.53,104.53,100.0
2017-11-10 13:38:00,104.54,104.54,104.53,104.53,300.0
2017-11-10 13:39:00,104.39,104.51,104.38,104.51,1620.0
2017-11-10 13:40:00,104.405,104.405,104.38,104.38,200.0
2017-11-10 13:41:00,104.36,104.395,104.36,104.395,200.0
2017-11-10 13:42:00,104.35,104.37,104.35,104.36,300.0
2017-11-10 13:43:00,104.33,104.37,104.33,104.37,800.0
2017-11-10 13:44:00,104.28,104.33,104.28,104.33,1000.0
2017-11-10 13:45:00,104.31,104.31,104.27,104.27,800.0
2017-11-10 13:46:00,104.28,104.31,104.28,104.31,400.0
2017-11-10 13:47:00,104.32,104.32,104.27,104.29,1100.0
2017-11-10 13:48:00,104.33,104.33,104.32,104.32,700.0
2017-11-10 13:49:00,104.365,104.37,104.34,104.34,300.0
2017-11-10 13:50:00,104.35,104.36,104.35,104.36,200.0
2017-11-10 13:51:00,104.36,104.36,104.3475,104.3475,308.0
2017-11-10 13:52:00,104.34,104.34,104.34,104.34,587.0
2017-11-10 13:53:00,104.385,104.385,104.385,104.385,100.0
2017-11-10 13:54:00,104.37,104.37,104.32,104.36,621.0
2017-11-10 13:55:00,104.37,104.4,104.37,104.37,400.0
2017-11-10 13:56:00,104.33,104.355,104.33,104.355,300.0
2017-11-10 13:57:00,104.4,104.4,104.37,104.38,600.0
2017-11-10 13:58:00,104.38,104.4,104.38,104.39,1200.0
2017-11-10 13:59:00,104.325,104.33,104.31,104.33,400.0
2017-11-10 14:00:00,104.31,104.36,104.3,104.3,1700.0
2017-11-10 14:01:00,104.35,104.38,104.35,104.37,400.0
2017-11-10 14:02:00,104.375,104.375,104.375,104.375,100.0
2017-11-10 14:03:00,104.3605,104.3605,104.3605,104.3605,100.0
2017-11-10 14:05:00,104.395,104.395,104.385,104.385,300.0
2017-11-10 14:06:00,104.39,104.395,104.37,104.37,300.0
2017-11-10 14:07:00,104.4,104.4,104.38,104.38,900.0
2017-11-10 14:08:00,104.39,104.4,104.3832,104.3832,1250.0
2017-11-10 14:09:00,104.43,104.47,104.39,104.4,2572.0
2017-11-10 14:10:00,104.42,104.43,104.42,104.43,500.0
2017-11-10 14:11:00,104.49,104.49,104.47,104.47,200.0
2017-11-10 14:13:00,104.5102,104.5102,104.5102,104.5102,287.0
2017-11-10 14:14:00,104.56,104.56,104.5256,104.5256,200.0
2017-11-10 14:15:00,104.53,104.535,104.53,104.535,200.0
2017-11-10 14:16:00,104.585,104.61,104.585,104.61,300.0
2017-11-10 14:18:00,104.61,104.61,104.6,104.6,600.0
2017-11-10 14:19:00,104.6,104.64,104.6,104.64,300.0
2017-11-10 14:21:00,104.64,104.64,104.62,104.62,300.0
2017-11-10 14:22:00,104.645,104.645,104.645,104.645,100.0
2017-11-10 14:23:00,104.6649,104.6649,104.6649,104.6649,100.0
2017-11-10 14:25:00,104.69,104.69,104.63,104.63,300.0
2017-11-10 14:26:00,104.75,104.75,104.73,104.73,600.0
2017-11-10 14:27:00,104.73,104.74,104.68,104.74,300.0
2017-11-10 14:28:00,104.74,104.74,104.74,104.74,100.0
2017-11-10 14:29:00,104.75,104.77,104.74,104.74,600.0
2017-11-10 14:30:00,104.7678,104.79,104.7678,104.79,200.0
2017-11-10 14:31:00,104.71,104.74,104.7,104.7207,1722.0
2017-11-10 14:32:00,104.69,104.71,104.69,104.6975,803.0
2017-11-10 14:33:00,104.69,104.69,104.69,104.69,101.0
2017-11-10 14:34:00,104.695,104.7,104.695,104.7,200.0
2017-11-10 14:35:00,104.695,104.705,104.695,104.705,300.0
2017-11-10 14:36:00,104.695,104.7,104.695,104.7,200.0
2017-11-10 14:37:00,104.685,104.695,104.679,104.69,1997.0
2017-11-10 14:38:00,104.7,104.71,104.6809,104.685,2800.0
2017-11-10 14:39:00,104.72,104.73,104.7,104.715,2602.0
2017-11-10 14:40:00,104.695,104.72,104.69,104.71,1200.0
2017-11-10 14:41:00,104.7,104.7,104.7,104.7,282.0
2017-11-10 14:42:00,104.68,104.68,104.68,104.68,100.0
2017-11-10 14:43:00,104.72,104.72,104.7,104.7,200.0
2017-11-10 14:44:00,104.74,104.74,104.71,104.72,900.0
2017-11-10 14:47:00,104.72,104.74,104.72,104.74,300.0
2017-11-10 14:48:00,104.74,104.77,104.73,104.75,1394.0
2017-11-10 14:49:00,104.72,104.74,104.72,104.74,1050.0
2017-11-10 14:50:00,104.71,104.71,104.71,104.71,100.0
2017-11-10 14:51:00,104.71,104.715,104.7,104.71,797.0
2017-11-10 14:52:00,104.69,104.71,104.69,104.71,2200.0
2017-11-10 14:53:00,104.71,104.71,104.68,104.68,400.0
2017-11-10 14:54:00,104.705,104.705,104.705,104.705,200.0
2017-11-10 14:55:00,104.73,104.73,104.69,104.73,400.0
2017-11-10 14:57:00,104.8,104.8,104.72,104.72,1679.0
2017-11-10 14:58:00,104.785,104.785,104.785,104.785,100.0
2017-11-10 14:59:00,104.77,104.77,104.77,104.77,100.0
2017-11-10 15:00:00,104.7914,104.82,104.7914,104.82,400.0
2017-11-10 15:01:00,104.79,104.81,104.79,104.81,501.0
2017-11-10 15:02:00,104.815,104.815,104.815,104.815,300.0
2017-11-10 15:03:00,104.8,104.815,104.8,104.815,500.0
2017-11-10 15:04:00,104.83,104.83,104.8125,104.815,600.0
2017-11-10 15:05:00,104.84,104.84,104.84,104.84,300.0
2017-11-10 15:06:00,104.83,104.84,104.83,104.83,1552.0
2017-11-10 15:07:00,104.825,104.825,104.81,104.81,500.0
2017-11-10 15:08:00,104.87,104.87,104.82,104.82,800.0
2017-11-10 15:09:00,104.82,104.835,104.82,104.83,1000.0
2017-11-10 15:10:00,104.79,104.81,104.79,104.81,500.0
2017-11-10 15:11:00,104.8,104.82,104.78,104.81,2227.0
2017-11-10 15:12:00,104.8,104.81,104.8,104.8,600.0
2017-11-10 15:13:00,104.81,104.84,104.81,104.84,490.0
2017-11-10 15:14:00,104.79,104.8,104.79,104.8,1127.0
2017-11-10 15:15:00,104.79,104.79,104.79,104.79,100.0
2017-11-10 15:16:00,104.81,104.81,104.8,104.8,785.0
2017-11-10 15:17:00,104.81,104.81,104.78,104.81,1000.0
2017-11-10 15:18:00,104.86,104.86,104.85,104.85,300.0
2017-11-10 15:19:00,104.84,104.84,104.84,104.84,100.0
2017-11-10 15:20:00,104.91,104.91,104.86,104.86,500.0
2017-11-10 15:21:00,104.9,104.9,104.87,104.8964,463.0
2017-11-10 15:22:00,104.93,104.93,104.92,104.92,200.0
2017-11-10 15:23:00,104.96,104.96,104.89,104.91,2443.0
2017-11-10 15:24:00,104.96,104.96,104.96,104.96,300.0
2017-11-10 15:25:00,104.9725,104.9725,104.96,104.97,300.0
2017-11-10 15:26:00,104.9452,104.97,104.93,104.97,600.0
2017-11-10 15:27:00,104.97,104.97,104.95,104.97,500.0
2017-11-10 15:28:00,104.9625,104.9772,104.95,104.9772,1827.0
2017-11-10 15:29:00,104.96,104.96,104.96,104.96,780.0
2017-11-10 15:30:00,104.96,104.99,104.96,104.98,1300.0
2017-11-10 15:31:00,104.96,104.96,104.95,104.96,700.0
2017-11-10 15:32:00,104.94,104.95,104.94,104.94,1900.0
2017-11-10 15:33:00,104.94,104.94,104.93,104.93,859.0
2017-11-10 15:34:00,104.81,104.93,104.81,104.93,2011.0
2017-11-10 15:35:00,104.81,104.83,104.81,104.83,700.0
2017-11-10 15:36:00,104.795,104.8,104.78,104.78,700.0
2017-11-10 15:37:00,104.82,104.82,104.78,104.78,2101.0
2017-11-10 15:38:00,104.82,104.82,104.81,104.81,400.0
2017-11-10 15:39:00,104.81,104.82,104.8,104.82,2245.0
2017-11-10 15:40:00,104.83,104.87,104.81,104.81,5301.0
2017-11-10 15:41:00,104.83,104.83,104.82,104.83,500.0
2017-11-10 15:42:00,104.82,104.85,104.82,104.82,1100.0
2017-11-10 15:43:00,104.85,104.855,104.82,104.82,2100.0
2017-11-10 15:44:00,104.86,104.869,104.84,104.85,1501.0
2017-11-10 15:45:00,104.84,104.88,104.81,104.87,4300.0
2017-11-10 15:46:00,104.84,104.84,104.82,104.84,2755.0
2017-11-10 15:47:00,104.8301,104.845,104.83,104.84,1434.0
2017-11-10 15:48:00,104.865,104.865,104.84,104.84,2357.0
2017-11-10 15:49:00,104.865,104.875,104.8501,104.86,2236.0
2017-11-10 15:50:00,104.81,104.86,104.8,104.86,3850.0
2017-11-10 15:51:00,104.82,104.83,104.8,104.8,1762.0
2017-11-10 15:52:00,104.85,104.85,104.82,104.82,2019.0
2017-11-10 15:53:00,104.82,104.85,104.82,104.835,1966.0
2017-11-10 15:54:00,104.82,104.83,104.82,104.8299,1519.0
2017-11-10 15:55:00,104.85,104.85,104.81,104.81,3546.0
2017-11-10 15:56:00,104.845,104.86,104.8301,104.84,4847.0
2017-11-10 15:57:00,104.84,104.84,104.82,104.83,1600.0
2017-11-10 15:58:00,104.8,104.8301,104.79,104.8301,4135.0
2017-11-10 15:59:00,104.78,104.81,104.7701,104.8,5280.0
2017-11-10 16:00:00,104.82,104.86,104.78,104.78,10161.0
2017-11-13 09:31:00,104.4204,104.71,104.4204,104.55,5570.0
2017-11-13 09:33:00,104.275,104.42,104.16,104.42,1400.0
2017-11-13 09:34:00,104.245,104.245,104.13,104.17,1550.0
2017-11-13 09:35:00,104.1925,104.1925,104.1925,104.1925,120.0
2017-11-13 09:37:00,104.32,104.32,104.31,104.31,300.0
2017-11-13 09:38:00,104.3317,104.36,104.27,104.27,600.0
2017-11-13 09:42:00,104.18,104.28,104.18,104.28,830.0
2017-11-13 09:43:00,104.24,104.25,104.06,104.18,2600.0
2017-11-13 09:45:00,104.56,104.56,104.35,104.35,600.0
2017-11-13 09:46:00,104.42,104.5,104.42,104.5,1202.0
2017-11-13 09:47:00,104.43,104.43,104.4,104.43,507.0
2017-11-13 09:49:00,104.2,104.35,104.2,104.35,1700.0
2017-11-13 09:50:00,104.21,104.21,104.21,104.21,100.0
2017-11-13 09:51:00,104.24,104.24,104.18,104.19,700.0
2017-11-13 09:52:00,104.195,104.195,104.14,104.15,800.0
2017-11-13 09:53:00,104.05,104.18,104.05,104.17,1400.0
2017-11-13 09:55:00,104.05,104.09,104.05,104.09,500.0
2017-11-13 09:56:00,104.12,104.13,104.12,104.12,1000.0
2017-11-13 09:57:00,104.12,104.2,104.02,104.04,4400.0
2017-11-13 09:58:00,104.31,104.31,104.21,104.21,4300.0
2017-11-13 09:59:00,104.35,104.36,104.25,104.36,2568.0
2017-11-13 10:00:00,104.2988,104.2988,104.25,104.25,300.0
2017-11-13 10:01:00,104.49,104.49,104.41,104.41,600.0
2017-11-13 10:02:00,104.34,104.43,104.34,104.43,1557.0
2017-11-13 10:03:00,104.34,104.395,104.34,104.34,300.0
2017-11-13 10:04:00,104.395,104.4,104.39,104.39,412.0
2017-11-13 10:05:00,104.25,104.39,104.25,104.39,600.0
2017-11-13 10:06:00,104.31,104.32,104.24,104.3,1998.0
2017-11-13 10:07:00,104.27,104.27,104.27,104.27,100.0
2017-11-13 10:08:00,104.18,104.18,104.18,104.18,200.0
2017-11-13 10:09:00,104.21,104.22,104.195,104.195,300.0
2017-11-13 10:11:00,104.12,104.34,104.12,104.22,1946.0
2017-11-13 10:12:00,104.15,104.26,104.15,104.22,600.0
2017-11-13 10:13:00,104.14,104.16,104.1,104.1,900.0
2017-11-13 10:16:00,104.23,104.235,104.23,104.235,200.0
2017-11-13 10:17:00,104.0,104.19,104.0,104.19,2301.0
2017-11-13 10:18:00,103.845,103.99,103.845,103.99,800.0
2017-11-13 10:19:00,103.905,103.98,103.905,103.975,600.0
2017-11-13 10:20:00,103.96,104.03,103.96,104.02,600.0
2017-11-13 10:21:00,104.0246,104.0246,104.0246,104.0246,200.0
2017-11-13 10:22:00,103.99,104.03,103.99,104.03,500.0
2017-11-13 10:23:00,104.02,104.06,103.98,104.06,700.0
2017-11-13 10:24:00,104.0,104.0,104.0,104.0,200.0
2017-11-13 10:25:00,104.165,104.17,104.05,104.07,1100.0
2017-11-13 10:26:00,104.26,104.26,104.24,104.24,200.0
2017-11-13 10:27:00,104.165,104.24,104.13,104.24,1900.0
2017-11-13 10:28:00,104.09,104.1633,104.09,104.1633,2298.0
2017-11-13 10:29:00,104.165,104.165,104.08,104.1,1200.0
2017-11-13 10:30:00,104.19,104.24,104.13,104.22,500.0
2017-11-13 10:32:00,104.195,104.195,104.19,104.19,300.0
2017-11-13 10:33:00,104.18,104.18,104.18,104.18,100.0
2017-11-13 10:34:00,104.08,104.16,104.08,104.16,700.0
2017-11-13 10:35:00,104.13,104.2,104.1,104.17,2300.0
2017-11-13 10:37:00,104.2,104.24,104.2,104.23,400.0
2017-11-13 10:38:00,104.02,104.178,104.02,104.178,2068.0
2017-11-13 10:39:00,104.13,104.13,104.08,104.08,500.0
2017-11-13 10:40:00,104.015,104.13,103.955,104.09,1400.0
2017-11-13 10:41:00,103.98,104.05,103.98,104.03,907.0
2017-11-13 10:43:00,104.02,104.02,103.98,103.98,300.0
2017-11-13 10:46:00,104.05,104.07,104.0,104.0,838.0
2017-11-13 10:47:00,104.045,104.05,104.0,104.05,800.0
2017-11-13 10:48:00,104.0,104.0,104.0,104.0,100.0
2017-11-13 10:49:00,104.01,104.01,104.01,104.01,500.0
2017-11-13 10:50:00,103.99,104.0415,103.99,104.0415,1050.0
2017-11-13 10:51:00,103.99,104.04,103.96,103.98,1100.0
2017-11-13 10:52:00,104.02,104.02,104.02,104.02,100.0
2017-11-13 10:53:00,103.95,103.97,103.95,103.97,200.0
2017-11-13 10:56:00,103.9764,103.99,103.95,103.99,1000.0
2017-11-13 10:57:00,103.95,104.02,103.95,104.0,4668.0
2017-11-13 10:58:00,103.88,103.95,103.88,103.95,1705.0
2017-11-13 10:59:00,103.9,103.92,103.9,103.92,400.0
2017-11-13 11:00:00,103.93,103.97,103.93,103.97,500.0
2017-11-13 11:01:00,103.86,103.93,103.82,103.93,1518.0
2017-11-13 11:02:00,103.82,103.82,103.82,103.82,100.0
2017-11-13 11:03:00,103.82,103.867,103.82,103.82,750.0
2017-11-13 11:04:00,103.85,103.88,103.83,103.83,1532.0
2017-11-13 11:05:00,103.86,103.86,103.86,103.86,200.0
2017-11-13 11:06:00,104.04,104.04,103.88,103.88,1650.0
2017-11-13 11:07:00,104.08,104.08,104.06,104.06,300.0
2017-11-13 11:08:00,104.06,104.08,104.04,104.0637,875.0
2017-11-13 11:09:00,104.12,104.13,104.09,104.09,700.0
2017-11-13 11:12:00,104.18,104.18,104.14,104.14,300.0
2017-11-13 11:13:00,104.16,104.19,104.15,104.19,1483.0
2017-11-13 11:14:00,104.23,104.25,104.18,104.18,1200.0
2017-11-13 11:15:00,104.305,104.305,104.25,104.28,850.0
2017-11-13 11:16:00,104.36,104.36,104.35,104.35,219.0
2017-11-13 11:19:00,104.255,104.36,104.23,104.36,1850.0
2017-11-13 11:20:00,104.25,104.29,104.23,104.255,990.0
2017-11-13 11:21:00,104.28,104.28,104.28,104.28,100.0
2017-11-13 11:22:00,104.34,104.44,104.32,104.32,500.0
2017-11-13 11:24:00,104.25,104.36,104.23,104.36,1450.0
2017-11-13 11:25:00,104.19,104.25,104.19,104.25,300.0
2017-11-13 11:26:00,104.29,104.29,104.15,104.15,900.0
2017-11-13 11:27:00,104.23,104.23,104.23,104.23,100.0
2017-11-13 11:28:00,104.2,104.28,104.15,104.28,2542.0
2017-11-13 11:29:00,104.04,104.26,104.04,104.26,900.0
2017-11-13 11:30:00,104.12,104.13,104.08,104.08,400.0
2017-11-13 11:31:00,104.115,104.13,103.93,104.11,1323.0
2017-11-13 11:32:00,104.14,104.14,104.14,104.14,100.0
2017-11-13 11:33:00,104.22,104.22,103.99,104.15,800.0
2017-11-13 11:34:00,104.25,104.25,104.25,104.25,100.0
2017-11-13 11:35:00,104.23,104.28,104.23,104.27,300.0
2017-11-13 11:37:00,104.2,104.22,104.2,104.22,533.0
2017-11-13 11:38:00,104.24,104.24,104.17,104.18,700.0
2017-11-13 11:39:00,104.2,104.24,104.17,104.17,597.0
2017-11-13 11:41:00,104.19,104.19,104.19,104.19,100.0
2017-11-13 11:45:00,104.2,104.2,104.2,104.2,100.0
2017-11-13 11:46:00,104.1,104.21,104.09,104.21,4767.0
2017-11-13 11:47:00,104.325,104.325,104.1,104.1,1907.0
2017-11-13 11:49:00,104.345,104.345,104.345,104.345,100.0
2017-11-13 11:50:00,104.55,104.65,104.35,104.36,1500.0
2017-11-13 11:51:00,104.491,104.491,104.491,104.491,100.0
2017-11-13 11:52:00,104.34,104.49,104.34,104.49,1191.0
2017-11-13 11:53:00,104.415,104.415,104.415,104.415,100.0
2017-11-13 11:54:00,104.38,104.39,104.38,104.39,400.0
2017-11-13 11:55:00,104.37,104.37,104.37,104.37,100.0
2017-11-13 11:56:00,104.4585,104.4585,104.41,104.42,439.0
2017-11-13 11:57:00,104.31,104.43,104.31,104.43,1000.0
2017-11-13 11:58:00,104.3,104.3,104.3,104.3,100.0
2017-11-13 11:59:00,104.325,104.33,104.3,104.33,300.0
2017-11-13 12:00:00,104.3,104.3,104.29,104.29,400.0
2017-11-13 12:01:00,104.32,104.34,104.29,104.29,700.0
2017-11-13 12:02:00,104.375,104.375,104.375,104.375,100.0
2017-11-13 12:03:00,104.36,104.36,104.34,104.34,387.0
2017-11-13 12:05:00,104.43,104.43,104.34,104.35,801.0
2017-11-13 12:07:00,104.325,104.42,104.26,104.42,991.0
2017-11-13 12:08:00,104.38,104.38,104.27,104.28,1059.0
2017-11-13 12:11:00,104.39,104.4,104.39,104.4,200.0
2017-11-13 12:12:00,104.44,104.45,104.41,104.44,800.0
2017-11-13 12:13:00,104.47,104.5,104.47,104.47,1100.0
2017-11-13 12:14:00,104.36,104.5,104.36,104.45,1025.0
2017-11-13 12:15:00,104.39,104.415,104.39,104.415,200.0
2017-11-13 12:18:00,104.43,104.5,104.43,104.43,1000.0
2017-11-13 12:21:00,104.43,104.49,104.43,104.49,700.0
2017-11-13 12:22:00,104.37,104.43,104.37,104.38,1150.0
2017-11-13 12:23:00,104.36,104.44,104.35,104.43,897.0
2017-11-13 12:26:00,104.37,104.38,104.37,104.38,400.0
2017-11-13 12:27:00,104.42,104.42,104.42,104.42,200.0
2017-11-13 12:28:00,104.36,104.4,104.36,104.37,1100.0
2017-11-13 12:30:00,104.37,104.43,104.37,104.43,512.0
2017-11-13 12:32:00,104.4,104.46,104.39,104.43,1700.0
2017-11-13 12:34:00,104.44,104.5,104.44,104.46,800.0
2017-11-13 12:36:00,104.47,104.51,104.47,104.51,400.0
2017-11-13 12:37:00,104.49,104.51,104.46,104.47,1700.0
2017-11-13 12:38:00,104.47,104.47,104.47,104.47,100.0
2017-11-13 12:40:00,104.49,104.5,104.48,104.48,500.0
2017-11-13 12:42:00,104.58,104.59,104.49,104.53,2205.0
2017-11-13 12:43:00,104.53,104.53,104.53,104.53,889.0
2017-11-13 12:44:00,104.68,104.68,104.58,104.58,1298.0
2017-11-13 12:45:00,104.67,104.67,104.67,104.67,100.0
2017-11-13 12:46:00,104.62,104.62,104.62,104.62,150.0
2017-11-13 12:47:00,104.6,104.62,104.6,104.6,1670.0
2017-11-13 12:48:00,104.45,104.59,104.39,104.59,4213.0
2017-11-13 12:50:00,104.53,104.53,104.53,104.53,300.0
2017-11-13 12:51:00,104.54,104.59,104.54,104.59,200.0
2017-11-13 12:53:00,104.49,104.6,104.44,104.6,1802.0
2017-11-13 12:54:00,104.52,104.58,104.52,104.56,400.0
2017-11-13 12:55:00,104.54,104.55,104.53,104.53,400.0
2017-11-13 12:56:00,104.55,104.55,104.55,104.55,200.0
2017-11-13 12:59:00,104.55,104.55,104.55,104.55,400.0
2017-11-13 13:00:00,104.51,104.57,104.47,104.55,2400.0
2017-11-13 13:01:00,104.53,104.58,104.53,104.56,300.0
2017-11-13 13:03:00,104.51,104.535,104.51,104.535,300.0
2017-11-13 13:05:00,104.46,104.53,104.4,104.52,2751.0
2017-11-13 13:06:00,104.45,104.47,104.45,104.47,477.0
2017-11-13 13:07:00,104.35,104.44,104.35,104.44,500.0
2017-11-13 13:08:00,104.37,104.37,104.37,104.37,100.0
2017-11-13 13:09:00,104.34,104.42,104.325,104.35,1000.0
2017-11-13 13:10:00,104.375,104.42,104.34,104.37,1082.0
2017-11-13 13:11:00,104.32,104.32,104.32,104.32,100.0
2017-11-13 13:14:00,104.375,104.4076,104.331,104.4076,642.0
2017-11-13 13:16:00,104.3,104.34,104.275,104.34,1630.0
2017-11-13 13:17:00,104.36,104.36,104.29,104.29,300.0
2017-11-13 13:19:00,104.32,104.34,104.32,104.34,300.0
2017-11-13 13:20:00,104.35,104.36,104.33,104.36,700.0
2017-11-13 13:21:00,104.36,104.36,104.36,104.36,400.0
2017-11-13 13:22:00,104.35,104.35,104.29,104.34,500.0
2017-11-13 13:23:00,104.37,104.37,104.37,104.37,100.0
2017-11-13 13:24:00,104.36,104.38,104.36,104.38,300.0
2017-11-13 13:25:00,104.36,104.36,104.36,104.36,200.0
2017-11-13 13:26:00,104.33,104.38,104.32,104.33,600.0
2017-11-13 13:27:00,104.36,104.36,104.35,104.35,400.0
2017-11-13 13:29:00,104.31,104.38,104.31,104.33,300.0
2017-11-13 13:32:00,104.32,104.32,104.32,104.32,200.0
2017-11-13 13:33:00,104.355,104.355,104.32,104.32,300.0
2017-11-13 13:34:00,104.37,104.38,104.32,104.38,2345.0
2017-11-13 13:35:00,104.33,104.38,104.33,104.37,650.0
2017-11-13 13:36:00,104.33,104.38,104.33,104.36,300.0
2017-11-13 13:37:00,104.33,104.33,104.33,104.33,100.0
2017-11-13 13:38:00,104.255,104.34,104.255,104.34,2167.0
2017-11-13 13:39:00,104.315,104.35,104.29,104.29,1200.0
2017-11-13 13:40:00,104.29,104.35,104.29,104.35,200.0
2017-11-13 13:42:00,104.33,104.33,104.33,104.33,300.0
2017-11-13 13:43:00,104.31,104.33,104.31,104.32,600.0
2017-11-13 13:44:00,104.32,104.32,104.32,104.32,100.0
2017-11-13 13:45:00,104.26,104.3,104.19,104.3,1621.0
2017-11-13 13:46:00,104.22,104.26,104.22,104.22,1200.0
2017-11-13 13:47:00,104.27,104.27,104.26,104.26,200.0
2017-11-13 13:48:00,104.29,104.29,104.27,104.27,800.0
2017-11-13 13:49:00,104.28,104.29,104.245,104.29,800.0
2017-11-13 13:50:00,104.31,104.31,104.27,104.27,200.0
2017-11-13 13:51:00,104.26,104.31,104.26,104.29,500.0
2017-11-13 13:52:00,104.28,104.28,104.28,104.28,200.0
2017-11-13 13:53:00,104.32,104.32,104.31,104.32,700.0
2017-11-13 13:54:00,104.3,104.3,104.3,104.3,100.0
2017-11-13 13:56:00,104.31,104.31,104.29,104.29,300.0
2017-11-13 13:57:00,104.315,104.33,104.315,104.33,500.0
2017-11-13 13:58:00,104.36,104.36,104.32,104.32,700.0
2017-11-13 13:59:00,104.55,104.55,104.37,104.37,6495.0
2017-11-13 14:00:00,104.54,104.54,104.46,104.52,6446.0
2017-11-13 14:02:00,104.4,104.525,104.35,104.525,6450.0
2017-11-13 14:03:00,104.51,104.55,104.43700000000001,104.45,2872.0
2017-11-13 14:04:00,104.47,104.5,104.47,104.5,200.0
2017-11-13 14:06:00,104.505,104.505,104.505,104.505,400.0
2017-11-13 14:07:00,104.505,104.505,104.505,104.505,100.0
2017-11-13 14:08:00,104.53,104.53,104.48,104.505,1100.0
2017-11-13 14:10:00,104.44,104.49,104.44,104.48,1400.0
2017-11-13 14:11:00,104.49,104.49,104.465,104.465,700.0
2017-11-13 14:12:00,104.47,104.48,104.44,104.48,300.0
2017-11-13 14:14:00,104.48,104.48,104.46,104.48,1100.0
2017-11-13 14:15:00,104.515,104.52,104.5,104.5,500.0
2017-11-13 14:17:00,104.5133,104.5133,104.51,104.51,300.0
2017-11-13 14:18:00,104.51,104.51,104.51,104.51,100.0
2017-11-13 14:20:00,104.49,104.51,104.49,104.51,1793.0
2017-11-13 14:21:00,104.51,104.53,104.51,104.51,1100.0
2017-11-13 14:22:00,104.46,104.48,104.46,104.48,318.0
2017-11-13 14:24:00,104.445,104.46,104.445,104.46,1600.0
2017-11-13 14:25:00,104.41,104.45,104.41,104.43,2110.0
2017-11-13 14:26:00,104.43,104.43,104.41,104.43,1044.0
2017-11-13 14:27:00,104.46,104.48,104.46,104.48,200.0
2017-11-13 14:28:00,104.43,104.475,104.43,104.475,942.0
2017-11-13 14:29:00,104.445,104.445,104.4395,104.4395,200.0
2017-11-13 14:30:00,104.435,104.45,104.41,104.445,4156.0
2017-11-13 14:31:00,104.46,104.47,104.45,104.45,400.0
2017-11-13 14:32:00,104.455,104.48,104.44,104.45,500.0
2017-11-13 14:34:00,104.48,104.48,104.45,104.45,1224.0
2017-11-13 14:35:00,104.46,104.46,104.46,104.46,300.0
2017-11-13 14:38:00,104.47,104.5,104.45,104.45,600.0
2017-11-13 14:39:00,104.46,104.46,104.45,104.45,500.0
2017-11-13 14:40:00,104.47,104.47,104.46,104.46,2936.0
2017-11-13 14:41:00,104.48,104.48,104.43,104.47,2554.0
2017-11-13 14:42:00,104.47,104.47,104.47,104.47,200.0
2017-11-13 14:43:00,104.49,104.49,104.48,104.48,868.0
2017-11-13 14:44:00,104.45,104.47,104.45,104.47,750.0
2017-11-13 14:45:00,104.45,104.46,104.45,104.46,850.0
2017-11-13 14:46:00,104.44,104.44,104.44,104.44,100.0
2017-11-13 14:47:00,104.445,104.445,104.44,104.44,200.0
2017-11-13 14:51:00,104.47,104.47,104.45,104.45,316.0
2017-11-13 14:52:00,104.435,104.46,104.38,104.46,3975.0
2017-11-13 14:53:00,104.42,104.42,104.42,104.42,100.0
2017-11-13 14:54:00,104.5,104.5,104.435,104.45,2450.0
2017-11-13 14:56:00,104.56,104.56,104.5,104.5,1150.0
2017-11-13 14:58:00,104.53,104.55,104.53,104.54,350.0
2017-11-13 14:59:00,104.53,104.545,104.53,104.53,300.0
2017-11-13 15:00:00,104.56,104.56,104.56,104.56,200.0
2017-11-13 15:01:00,104.52,104.54,104.52,104.54,850.0
2017-11-13 15:02:00,104.59,104.59,104.55,104.55,908.0
2017-11-13 15:03:00,104.64,104.64,104.59,104.59,5924.0
2017-11-13 15:04:00,104.63,104.63,104.6,104.6233,4311.0
2017-11-13 15:05:00,104.63,104.63,104.6,104.6,900.0
2017-11-13 15:06:00,104.61,104.63,104.61,104.63,300.0
2017-11-13 15:07:00,104.62,104.63,104.6,104.6,3128.0
2017-11-13 15:08:00,104.615,104.62,104.615,104.62,600.0
2017-11-13 15:09:00,104.65,104.68,104.625,104.63,3400.0
2017-11-13 15:10:00,104.65,104.6886,104.65,104.6886,1400.0
2017-11-13 15:11:00,104.68,104.68,104.66,104.66,1016.0
2017-11-13 15:12:00,104.71,104.71,104.68,104.695,600.0
2017-11-13 15:13:00,104.75,104.751,104.7,104.7051,2400.0
2017-11-13 15:14:00,104.76,104.76,104.745,104.75,1008.0
2017-11-13 15:15:00,104.75,104.75,104.72,104.745,1900.0
2017-11-13 15:16:00,104.76,104.76,104.745,104.745,200.0
2017-11-13 15:17:00,104.75,104.75,104.74,104.74,1500.0
2017-11-13 15:18:00,104.77,104.78,104.76,104.76,1800.0
2017-11-13 15:19:00,104.79,104.8,104.78,104.785,4284.0
2017-11-13 15:20:00,104.85,104.85,104.79,104.79,7155.0
2017-11-13 15:21:00,104.855,104.86,104.84,104.855,2501.0
2017-11-13 15:22:00,104.82,104.8535,104.82,104.85,2950.0
2017-11-13 15:23:00,104.84,104.84,104.84,104.84,100.0
2017-11-13 15:24:00,104.82,104.82,104.82,104.82,100.0
2017-11-13 15:25:00,104.86,104.86,104.83,104.83,600.0
2017-11-13 15:26:00,104.87,104.87,104.84,104.86,1500.0
2017-11-13 15:27:00,104.83,104.86,104.82,104.86,2150.0
2017-11-13 15:28:00,104.7,104.81,104.7,104.81,800.0
2017-11-13 15:29:00,104.69,104.705,104.66,104.705,600.0
2017-11-13 15:30:00,104.7425,104.76,104.7,104.7,2018.0
2017-11-13 15:31:00,104.78,104.78,104.765,104.765,300.0
2017-11-13 15:32:00,104.76,104.8,104.76,104.78,2935.0
2017-11-13 15:33:00,104.81,104.81,104.76,104.76,4283.0
2017-11-13 15:34:00,104.88,104.88,104.82,104.82,810.0
2017-11-13 15:35:00,104.87,104.92,104.87,104.88,1300.0
2017-11-13 15:36:00,104.9,104.9,104.885,104.89,1600.0
2017-11-13 15:37:00,104.9,104.9,104.88,104.89,1650.0
2017-11-13 15:38:00,104.89,104.9,104.88,104.9,1800.0
2017-11-13 15:39:00,104.92,104.92,104.88,104.89,2808.0
2017-11-13 15:40:00,104.91,104.93,104.91,104.93,3480.0
2017-11-13 15:41:00,104.87,104.93,104.87,104.92,2721.0
2017-11-13 15:42:00,104.83,104.88,104.83,104.88,4366.0
2017-11-13 15:43:00,104.84,104.84,104.82,104.84,1000.0
2017-11-13 15:44:00,104.84,104.84,104.82,104.84,1200.0
2017-11-13 15:45:00,104.815,104.84,104.79,104.83,8692.0
2017-11-13 15:46:00,104.79,104.81,104.79,104.8,1600.0
2017-11-13 15:47:00,104.84,104.84,104.8,104.8,5650.0
2017-11-13 15:48:00,104.86,104.86,104.81,104.84,4233.0
2017-11-13 15:49:00,104.93,104.93,104.86,104.86,3995.0
2017-11-13 15:50:00,104.93,104.94,104.895,104.93,10307.0
2017-11-13 15:51:00,105.01,105.01,104.93,104.93,9732.0
2017-11-13 15:52:00,104.995,105.01,104.98,105.01,7850.0
2017-11-13 15:53:00,104.99,104.995,104.98,104.995,3554.0
2017-11-13 15:54:00,105.0,105.0,104.965,104.985,15107.0
2017-11-13 15:55:00,104.98,105.01,104.98,105.0,4634.0
2017-11-13 15:56:00,104.98,105.0,104.98,105.0,6150.0
2017-11-13 15:57:00,105.03,105.05,104.98,104.98,7474.0
2017-11-13 15:58:00,105.09,105.11,105.03,105.03,15871.0
2017-11-13 15:59:00,105.09,105.09,105.06,105.09,15010.0
2017-11-13 16:00:00,105.12,105.19,105.08,105.08,32644.0
2017-11-14 09:30:00,104.5,104.5,104.5,104.5,7045.0
2017-11-14 09:32:00,104.81,104.81,104.81,104.81,100.0
2017-11-14 09:33:00,104.5,104.5,104.5,104.5,200.0
2017-11-14 09:34:00,104.68,104.68,104.68,104.68,100.0
2017-11-14 09:35:00,104.5,104.5987,104.48,104.48,351.0
2017-11-14 09:36:00,104.4,104.725,104.4,104.63600000000001,2180.0
2017-11-14 09:37:00,104.36,104.5402,104.36,104.4,1413.0
2017-11-14 09:38:00,104.26,104.275,104.16,104.275,713.0
2017-11-14 09:39:00,104.24,104.27,104.03,104.03,2330.0
2017-11-14 09:40:00,104.2858,104.2858,104.22,104.22,1600.0
2017-11-14 09:41:00,104.22,104.36,104.21,104.3499,4900.0
2017-11-14 09:42:00,104.13,104.26,104.13,104.14,700.0
2017-11-14 09:43:00,104.21,104.25,104.055,104.055,900.0
2017-11-14 09:44:00,104.22,104.29,104.22,104.25,600.0
2017-11-14 09:45:00,104.18,104.305,104.17,104.305,600.0
2017-11-14 09:46:00,104.27,104.29,104.22,104.22,800.0
2017-11-14 09:47:00,104.37,104.37,104.23,104.27,2450.0
2017-11-14 09:48:00,104.4,104.4,104.4,104.4,100.0
2017-11-14 09:49:00,104.44,104.47,104.43,104.43,300.0
2017-11-14 09:50:00,104.34,104.435,104.265,104.41,4556.0
2017-11-14 09:51:00,104.43,104.43,104.38,104.38,300.0
2017-11-14 09:52:00,104.29,104.34,104.28,104.34,1300.0
2017-11-14 09:53:00,104.18,104.31,104.18,104.28,2044.0
2017-11-14 09:54:00,104.37,104.37,104.25,104.25,1300.0
2017-11-14 09:55:00,104.29,104.32,104.29,104.32,600.0
2017-11-14 09:56:00,104.26,104.27,104.26,104.27,300.0
2017-11-14 09:57:00,104.55,104.6,104.28,104.36,2300.0
2017-11-14 09:58:00,104.49,104.52,104.485,104.485,600.0
2017-11-14 09:59:00,104.49,104.5,104.48,104.49,1775.0
2017-11-14 10:00:00,104.36,104.45,104.35,104.45,2244.0
2017-11-14 10:01:00,104.33,104.365,104.28,104.33,1900.0
2017-11-14 10:02:00,104.42,104.48,104.34,104.34,4150.0
2017-11-14 10:03:00,104.37,104.42,104.37,104.405,1200.0
2017-11-14 10:04:00,104.12,104.34,104.12,104.34,1300.0
2017-11-14 10:05:00,104.2,104.2,104.11,104.11,1675.0
2017-11-14 10:06:00,104.24,104.24,104.23,104.23,700.0
2017-11-14 10:07:00,104.2,104.3,104.13,104.3,3057.0
2017-11-14 10:08:00,104.31,104.31,104.2962,104.2962,430.0
2017-11-14 10:09:00,104.37,104.37,104.34,104.34,700.0
2017-11-14 10:10:00,104.295,104.38,104.28,104.38,1000.0
2017-11-14 10:11:00,104.31,104.34,104.2265,104.3,1601.0
2017-11-14 10:12:00,104.28,104.28,104.28,104.28,400.0
2017-11-14 10:13:00,104.2,104.26,104.2,104.21,1000.0
2017-11-14 10:14:00,104.25,104.25,104.23,104.23,518.0
2017-11-14 10:15:00,104.23,104.33,104.23,104.25,2100.0
2017-11-14 10:16:00,104.36,104.36,104.27,104.27,1300.0
2017-11-14 10:17:00,104.29,104.34,104.29,104.33,800.0
2017-11-14 10:18:00,104.22,104.28,104.22,104.28,800.0
2017-11-14 10:19:00,104.15,104.2,104.15,104.18,800.0
2017-11-14 10:20:00,104.12,104.13,104.09,104.13,1100.0
2017-11-14 10:21:00,104.2,104.2,104.14,104.14,960.0
2017-11-14 10:22:00,104.19,104.19,104.13,104.15,1900.0
2017-11-14 10:23:00,104.24,104.25,104.19,104.19,1200.0
2017-11-14 10:24:00,104.27,104.31,104.27,104.3,1460.0
2017-11-14 10:25:00,104.18,104.27,104.18,104.26,4065.0
2017-11-14 10:26:00,104.18,104.24,104.09,104.09,2800.0
2017-11-14 10:27:00,104.11,104.24,104.11,104.24,602.0
2017-11-14 10:28:00,104.11,104.11,104.11,104.11,700.0
2017-11-14 10:29:00,104.16,104.16,104.03,104.07,1505.0
2017-11-14 10:30:00,104.06,104.13,104.06,104.13,300.0
2017-11-14 10:31:00,104.06,104.07,104.06,104.07,1209.0
2017-11-14 10:32:00,104.06,104.11,104.0,104.0,2290.0
2017-11-14 10:33:00,104.09,104.09,104.08,104.08,500.0
2017-11-14 10:34:00,104.2288,104.23,104.07,104.12,2560.0
2017-11-14 10:35:00,104.25,104.27,104.19,104.26,1100.0
2017-11-14 10:37:00,104.35,104.35,104.31,104.31,600.0
2017-11-14 10:38:00,104.16,104.36,104.15,104.33,4300.0
2017-11-14 10:39:00,104.225,104.225,104.14,104.14,2421.0
2017-11-14 10:40:00,104.36,104.38,104.3,104.3,1700.0
2017-11-14 10:41:00,104.35,104.35,104.35,104.35,100.0
2017-11-14 10:42:00,104.2,104.34,104.2,104.34,2753.0
2017-11-14 10:43:00,104.255,104.3,104.255,104.3,500.0
2017-11-14 10:44:00,104.32,104.32,104.29,104.29,500.0
2017-11-14 10:45:00,104.32,104.32,104.32,104.32,100.0
2017-11-14 10:46:00,104.37,104.4,104.355,104.36,2707.0
2017-11-14 10:47:00,104.37,104.44,104.32,104.35,1716.0
2017-11-14 10:48:00,104.3228,104.3228,104.3,104.3,2058.0
2017-11-14 10:49:00,104.34,104.37,104.34,104.37,400.0
2017-11-14 10:50:00,104.33,104.33,104.33,104.33,100.0
2017-11-14 10:51:00,104.26,104.35,104.23,104.35,2228.0
2017-11-14 10:52:00,104.46,104.46,104.3,104.3,1500.0
2017-11-14 10:54:00,104.41,104.41,104.35,104.39,1000.0
2017-11-14 10:56:00,104.49,104.49,104.44,104.44,610.0
2017-11-14 10:57:00,104.48,104.49,104.48,104.49,300.0
2017-11-14 10:58:00,104.45,104.48,104.4,104.48,2548.0
2017-11-14 10:59:00,104.49,104.49,104.49,104.49,1500.0
2017-11-14 11:02:00,104.33,104.41,104.33,104.41,2117.0
2017-11-14 11:03:00,104.3,104.33,104.3,104.33,600.0
2017-11-14 11:04:00,104.28,104.31,104.28,104.31,200.0
2017-11-14 11:06:00,104.4,104.4,104.24,104.24,3456.0
2017-11-14 11:07:00,104.5,104.54,104.44,104.44,700.0
2017-11-14 11:08:00,104.58,104.58,104.565,104.565,400.0
2017-11-14 11:09:00,104.57,104.57,104.53,104.54,1500.0
2017-11-14 11:10:00,104.52,104.52,104.51,104.51,300.0
2017-11-14 11:11:00,104.58,104.65,104.52,104.52,2300.0
2017-11-14 11:12:00,104.53,104.55,104.53,104.55,869.0
2017-11-14 11:14:00,104.61,104.62,104.53,104.53,1043.0
2017-11-14 11:15:00,104.57,104.59,104.57,104.59,1157.0
2017-11-14 11:16:00,104.5,104.55,104.5,104.54,1227.0
2017-11-14 11:17:00,104.45,104.45,104.45,104.45,200.0
2017-11-14 11:18:00,104.36,104.43,104.35,104.43,800.0
2017-11-14 11:19:00,104.51,104.51,104.415,104.46,1905.0
2017-11-14 11:21:00,104.51,104.51,104.46,104.46,500.0
2017-11-14 11:22:00,104.5,104.51,104.495,104.51,600.0
2017-11-14 11:24:00,104.47,104.47,104.47,104.47,200.0
2017-11-14 11:25:00,104.5,104.5,104.4761,104.4761,1200.0
2017-11-14 11:27:00,104.58,104.65,104.51,104.51,1300.0
2017-11-14 11:28:00,104.52,104.58,104.52,104.58,1400.0
2017-11-14 11:29:00,104.545,104.59,104.545,104.57,1000.0
2017-11-14 11:30:00,104.5,104.53,104.48,104.53,900.0
2017-11-14 11:31:00,104.41,104.54,104.41,104.51,1498.0
2017-11-14 11:32:00,104.36,104.44,104.36,104.44,200.0
2017-11-14 11:33:00,104.41,104.41,104.41,104.41,100.0
2017-11-14 11:35:00,104.4,104.41,104.4,104.41,200.0
2017-11-14 11:36:00,104.405,104.405,104.38,104.4,400.0
2017-11-14 11:37:00,104.47,104.47,104.41,104.41,1000.0
2017-11-14 11:38:00,104.535,104.54,104.46,104.46,1550.0
2017-11-14 11:39:00,104.535,104.535,104.535,104.535,100.0
2017-11-14 11:40:00,104.64,104.64,104.54,104.5462,1300.0
2017-11-14 11:41:00,104.545,104.63,104.545,104.63,1800.0
2017-11-14 11:42:00,104.57,104.57,104.57,104.57,400.0
2017-11-14 11:43:00,104.6,104.6,104.6,104.6,700.0
2017-11-14 11:46:00,104.51,104.61,104.51,104.61,2098.0
2017-11-14 11:47:00,104.52,104.53,104.505,104.51,900.0
2017-11-14 11:48:00,104.48,104.53,104.48,104.52,1300.0
2017-11-14 11:49:00,104.55,104.56,104.51,104.51,1079.0
2017-11-14 11:50:00,104.53,104.53,104.48,104.48,700.0
2017-11-14 11:52:00,104.495,104.51,104.45,104.51,900.0
2017-11-14 11:54:00,104.42,104.465,104.42,104.46,1000.0
2017-11-14 11:55:00,104.48,104.48,104.39,104.465,1261.0
2017-11-14 11:58:00,104.55,104.55,104.55,104.55,100.0
2017-11-14 11:59:00,104.59,104.59,104.59,104.59,400.0
2017-11-14 12:00:00,104.56,104.57,104.55,104.56,600.0
2017-11-14 12:01:00,104.54,104.54,104.5316,104.5316,200.0
2017-11-14 12:02:00,104.53,104.555,104.53,104.555,200.0
2017-11-14 12:03:00,104.52,104.55,104.52,104.53,1000.0
2017-11-14 12:04:00,104.58,104.58,104.55,104.55,950.0
2017-11-14 12:05:00,104.52,104.62,104.52,104.6,1600.0
2017-11-14 12:07:00,104.35,104.45,104.35,104.45,800.0
2017-11-14 12:08:00,104.33,104.4812,104.32,104.4199,2100.0
2017-11-14 12:09:00,104.42,104.42,104.41,104.41,200.0
2017-11-14 12:10:00,104.4184,104.4184,104.41,104.41,400.0
2017-11-14 12:11:00,104.41,104.4778,104.41,104.4778,531.0
2017-11-14 12:12:00,104.45,104.45,104.45,104.45,100.0
2017-11-14 12:13:00,104.45,104.45,104.439,104.439,600.0
2017-11-14 12:14:00,104.47,104.47,104.47,104.47,100.0
2017-11-14 12:15:00,104.53,104.53,104.48,104.48,500.0
2017-11-14 12:16:00,104.52,104.52,104.52,104.52,377.0
2017-11-14 12:17:00,104.53,104.53,104.53,104.53,100.0
2017-11-14 12:18:00,104.56,104.565,104.54,104.565,1300.0
2017-11-14 12:19:00,104.6,104.6,104.57,104.57,400.0
2017-11-14 12:20:00,104.63,104.63,104.53,104.6,1700.0
2017-11-14 12:22:00,104.58,104.58,104.58,104.58,100.0
2017-11-14 12:24:00,104.625,104.625,104.625,104.625,100.0
2017-11-14 12:25:00,104.67,104.67,104.63,104.67,1200.0
2017-11-14 12:26:00,104.65,104.68,104.65,104.67,861.0
2017-11-14 12:28:00,104.62,104.62,104.62,104.62,100.0
2017-11-14 12:31:00,104.63,104.63,104.63,104.63,500.0
2017-11-14 12:32:00,104.605,104.605,104.605,104.605,100.0
2017-11-14 12:33:00,104.62,104.62,104.62,104.62,400.0
2017-11-14 12:36:00,104.58,104.6,104.58,104.6,1700.0
2017-11-14 12:37:00,104.63,104.63,104.63,104.63,576.0
2017-11-14 12:38:00,104.6238,104.6238,104.6238,104.6238,195.0
2017-11-14 12:39:00,104.64,104.65,104.64,104.65,200.0
2017-11-14 12:41:00,104.63,104.63,104.63,104.63,200.0
2017-11-14 12:42:00,104.6491,104.6491,104.6491,104.6491,141.0
2017-11-14 12:43:00,104.64,104.65,104.64,104.65,727.0
2017-11-14 12:44:00,104.62,104.67,104.62,104.67,400.0
2017-11-14 12:45:00,104.61,104.635,104.61,104.635,200.0
2017-11-14 12:46:00,104.52,104.65,104.52,104.65,1900.0
2017-11-14 12:47:00,104.59,104.59,104.57,104.57,200.0
2017-11-14 12:48:00,104.55,104.59,104.55,104.59,200.0
2017-11-14 12:50:00,104.58,104.58,104.58,104.58,100.0
2017-11-14 12:51:00,104.57,104.59,104.57,104.59,200.0
2017-11-14 12:52:00,104.59,104.59,104.59,104.59,100.0
2017-11-14 12:53:00,104.56,104.57,104.49,104.57,2173.0
2017-11-14 12:54:00,104.48,104.5,104.42,104.5,1500.0
2017-11-14 12:55:00,104.41,104.4352,104.41,104.4352,300.0
2017-11-14 12:56:00,104.47,104.47,104.42,104.42,264.0
2017-11-14 12:57:00,104.43,104.43,104.43,104.43,200.0
2017-11-14 12:58:00,104.45,104.48,104.45,104.47,1800.0
2017-11-14 12:59:00,104.41,104.47,104.32,104.47,3009.0
2017-11-14 13:00:00,104.47,104.47,104.44,104.45,500.0
2017-11-14 13:01:00,104.45,104.45,104.45,104.45,401.0
2017-11-14 13:02:00,104.45,104.47,104.45,104.47,200.0
2017-11-14 13:04:00,104.51,104.51,104.5,104.5,300.0
2017-11-14 13:05:00,104.5,104.5,104.5,104.5,300.0
2017-11-14 13:06:00,104.5,104.54,104.46,104.47,1400.0
2017-11-14 13:10:00,104.5,104.5,104.5,104.5,100.0
2017-11-14 13:11:00,104.505,104.505,104.505,104.505,200.0
2017-11-14 13:12:00,104.51,104.52,104.51,104.51899999999999,690.0
2017-11-14 13:13:00,104.52,104.52,104.52,104.52,100.0
2017-11-14 13:14:00,104.542,104.55,104.542,104.55,200.0
2017-11-14 13:15:00,104.54,104.54,104.52,104.54,2788.0
2017-11-14 13:16:00,104.59,104.59,104.55,104.55,600.0
2017-11-14 13:17:00,104.66,104.66,104.61,104.61,200.0
2017-11-14 13:20:00,104.7,104.7,104.66,104.67,300.0
2017-11-14 13:21:00,104.68,104.68,104.68,104.68,200.0
2017-11-14 13:23:00,104.69,104.71,104.67,104.7,700.0
2017-11-14 13:24:00,104.69,104.69,104.69,104.69,100.0
2017-11-14 13:25:00,104.62,104.69,104.59,104.67,3606.0
2017-11-14 13:27:00,104.61,104.61,104.61,104.61,100.0
2017-11-14 13:28:00,104.61,104.61,104.6,104.61,694.0
2017-11-14 13:29:00,104.615,104.615,104.615,104.615,100.0
2017-11-14 13:31:00,104.54,104.615,104.54,104.615,1300.0
2017-11-14 13:32:00,104.525,104.54,104.52,104.54,550.0
2017-11-14 13:33:00,104.53,104.53,104.53,104.53,100.0
2017-11-14 13:34:00,104.39,104.53,104.39,104.53,700.0
2017-11-14 13:35:00,104.46,104.46,104.42,104.42,1300.0
2017-11-14 13:36:00,104.44,104.48,104.44,104.455,900.0
2017-11-14 13:37:00,104.45,104.45,104.45,104.45,100.0
2017-11-14 13:38:00,104.38,104.42,104.38,104.42,500.0
2017-11-14 13:39:00,104.35,104.4,104.35,104.4,1200.0
2017-11-14 13:40:00,104.36,104.39,104.36,104.38,800.0
2017-11-14 13:41:00,104.395,104.41,104.35,104.35,1000.0
2017-11-14 13:42:00,104.4497,104.4497,104.42,104.42,550.0
2017-11-14 13:44:00,104.45,104.45,104.45,104.45,805.0
2017-11-14 13:45:00,104.48,104.48,104.44,104.47,300.0
2017-11-14 13:46:00,104.53,104.53,104.5,104.5,728.0
2017-11-14 13:47:00,104.46,104.58,104.46,104.58,1200.0
2017-11-14 13:48:00,104.49,104.49,104.47,104.47,600.0
2017-11-14 13:49:00,104.45,104.47,104.44,104.46,1400.0
2017-11-14 13:50:00,104.46,104.46,104.42,104.45,400.0
2017-11-14 13:51:00,104.38,104.42,104.32,104.42,1437.0
2017-11-14 13:52:00,104.38,104.4,104.365,104.37,525.0
2017-11-14 13:53:00,104.385,104.385,104.385,104.385,100.0
2017-11-14 13:54:00,104.36,104.37,104.3,104.37,1361.0
2017-11-14 13:55:00,104.355,104.38,104.3,104.36,1050.0
2017-11-14 13:56:00,104.34,104.35,104.34,104.35,300.0
2017-11-14 13:57:00,104.33,104.33,104.33,104.33,100.0
2017-11-14 13:58:00,104.35,104.3525,104.34,104.35,400.0
2017-11-14 13:59:00,104.39,104.39,104.37,104.37,1300.0
2017-11-14 14:00:00,104.42,104.42,104.4,104.4,3242.0
2017-11-14 14:01:00,104.48,104.48,104.48,104.48,100.0
2017-11-14 14:02:00,104.46,104.5,104.46,104.5,300.0
2017-11-14 14:03:00,104.43,104.46,104.36,104.45,2372.0
2017-11-14 14:05:00,104.4,104.42,104.4,104.42,200.0
2017-11-14 14:06:00,104.34,104.43,104.34,104.4,1321.0
2017-11-14 14:07:00,104.35,104.35,104.32,104.32,6362.0
2017-11-14 14:08:00,104.385,104.39,104.35,104.35,1200.0
2017-11-14 14:09:00,104.3844,104.4004,104.3844,104.385,2250.0
2017-11-14 14:10:00,104.4,104.4,104.4,104.4,100.0
2017-11-14 14:11:00,104.37,104.44,104.37,104.37,2212.0
2017-11-14 14:12:00,104.37,104.37,104.37,104.37,100.0
2017-11-14 14:13:00,104.36,104.38,104.36,104.38,330.0
2017-11-14 14:14:00,104.375,104.375,104.375,104.375,100.0
2017-11-14 14:15:00,104.39,104.39,104.37,104.37,845.0
2017-11-14 14:16:00,104.38,104.4,104.38,104.4,200.0
2017-11-14 14:17:00,104.35,104.38,104.35,104.38,1036.0
2017-11-14 14:18:00,104.37,104.37,104.37,104.37,100.0
2017-11-14 14:19:00,104.355,104.36,104.34,104.34,500.0
2017-11-14 14:20:00,104.34,104.36,104.34,104.355,400.0
2017-11-14 14:21:00,104.44,104.44,104.36,104.36,2310.0
2017-11-14 14:22:00,104.5,104.5,104.5,104.5,100.0
2017-11-14 14:23:00,104.53,104.53,104.49,104.5,600.0
2017-11-14 14:24:00,104.36,104.49,104.36,104.49,2513.0
2017-11-14 14:25:00,104.34,104.3733,104.34,104.3733,319.0
2017-11-14 14:26:00,104.36,104.375,104.36,104.37,300.0
2017-11-14 14:27:00,104.38,104.395,104.34,104.37,2375.0
2017-11-14 14:30:00,104.4,104.4,104.4,104.4,100.0
2017-11-14 14:31:00,104.395,104.395,104.395,104.395,100.0
2017-11-14 14:32:00,104.42,104.42,104.395,104.395,300.0
2017-11-14 14:33:00,104.395,104.42,104.395,104.42,200.0
2017-11-14 14:34:00,104.38,104.395,104.37,104.395,400.0
2017-11-14 14:35:00,104.42,104.42,104.39,104.41,1400.0
2017-11-14 14:36:00,104.4,104.42,104.39,104.42,1822.0
2017-11-14 14:38:00,104.44,104.44,104.44,104.44,200.0
2017-11-14 14:39:00,104.4,104.44,104.4,104.44,1506.0
2017-11-14 14:40:00,104.43,104.43,104.43,104.43,100.0
2017-11-14 14:41:00,104.425,104.425,104.425,104.425,100.0
2017-11-14 14:43:00,104.4,104.425,104.4,104.425,400.0
2017-11-14 14:44:00,104.42,104.44,104.4,104.4,900.0
2017-11-14 14:45:00,104.43,104.43,104.43,104.43,100.0
2017-11-14 14:46:00,104.4,104.425,104.4,104.4,400.0
2017-11-14 14:47:00,104.415,104.415,104.415,104.415,100.0
2017-11-14 14:48:00,104.41,104.415,104.41,104.415,200.0
2017-11-14 14:49:00,104.41,104.43,104.41,104.43,425.0
2017-11-14 14:50:00,104.38,104.41,104.37,104.41,1321.0
2017-11-14 14:51:00,104.38,104.38,104.38,104.38,100.0
2017-11-14 14:52:00,104.37,104.37,104.36,104.36,1900.0
2017-11-14 14:53:00,104.38,104.38,104.38,104.38,100.0
2017-11-14 14:54:00,104.4,104.4,104.4,104.4,100.0
2017-11-14 14:55:00,104.375,104.375,104.375,104.375,100.0
2017-11-14 14:56:00,104.37,104.39,104.37,104.39,200.0
2017-11-14 14:57:00,104.37,104.38,104.36,104.38,1100.0
2017-11-14 14:58:00,104.365,104.365,104.365,104.365,100.0
2017-11-14 14:59:00,104.365,104.365,104.365,104.365,100.0
2017-11-14 15:00:00,104.33,104.355,104.3,104.35,2073.0
2017-11-14 15:01:00,104.33,104.34,104.315,104.32,900.0
2017-11-14 15:02:00,104.35,104.35,104.34,104.34,250.0
2017-11-14 15:03:00,104.38,104.38,104.38,104.38,100.0
2017-11-14 15:04:00,104.4,104.4,104.35,104.38,3950.0
2017-11-14 15:05:00,104.45,104.45,104.42,104.42,1200.0
2017-11-14 15:08:00,104.42,104.44,104.42,104.44,800.0
2017-11-14 15:09:00,104.425,104.4339,104.4,104.41,1981.0
2017-11-14 15:10:00,104.3625,104.41,104.3625,104.41,952.0
2017-11-14 15:11:00,104.36,104.36,104.36,104.36,100.0
2017-11-14 15:12:00,104.37,104.37,104.37,104.37,200.0
2017-11-14 15:13:00,104.37,104.37,104.37,104.37,100.0
2017-11-14 15:14:00,104.3676,104.37,104.3676,104.37,809.0
2017-11-14 15:15:00,104.38,104.41,104.37,104.37,2030.0
2017-11-14 15:16:00,104.39,104.39,104.38,104.385,1300.0
2017-11-14 15:17:00,104.385,104.385,104.385,104.385,100.0
2017-11-14 15:18:00,104.41,104.41,104.38,104.38,600.0
2017-11-14 15:19:00,104.42,104.42,104.42,104.42,400.0
2017-11-14 15:20:00,104.43,104.43,104.42,104.42,500.0
2017-11-14 15:22:00,104.425,104.44,104.425,104.44,200.0
2017-11-14 15:23:00,104.4,104.43,104.37,104.42,5419.0
2017-11-14 15:24:00,104.41,104.41,104.38,104.385,1132.0
2017-11-14 15:25:00,104.4,104.4,104.4,104.4,200.0
2017-11-14 15:26:00,104.42,104.42,104.39,104.3928,1650.0
2017-11-14 15:27:00,104.41,104.41,104.4,104.4,300.0
2017-11-14 15:28:00,104.41,104.41,104.36,104.39,2400.0
2017-11-14 15:29:00,104.36,104.42,104.36,104.42,600.0
2017-11-14 15:30:00,104.42,104.48,104.39,104.39,2200.0
2017-11-14 15:31:00,104.4,104.4,104.4,104.4,200.0
2017-11-14 15:32:00,104.385,104.395,104.385,104.39,300.0
2017-11-14 15:33:00,104.385,104.39,104.385,104.385,300.0
2017-11-14 15:34:00,104.41,104.41,104.385,104.385,1000.0
2017-11-14 15:35:00,104.42,104.42,104.405,104.41,1517.0
2017-11-14 15:36:00,104.43,104.43,104.4,104.41,2408.0
2017-11-14 15:37:00,104.45,104.45,104.43,104.43,800.0
2017-11-14 15:38:00,104.44,104.44,104.43,104.44,400.0
2017-11-14 15:39:00,104.395,104.44,104.39,104.44,3296.0
2017-11-14 15:40:00,104.35,104.395,104.35,104.395,1956.0
2017-11-14 15:41:00,104.29,104.335,104.29,104.335,800.0
2017-11-14 15:42:00,104.28,104.32,104.28,104.28,12336.0
2017-11-14 15:43:00,104.31,104.31,104.28,104.31,2603.0
2017-11-14 15:44:00,104.33,104.33,104.32,104.32,900.0
2017-11-14 15:45:00,104.4,104.42,104.34,104.34,2941.0
2017-11-14 15:46:00,104.37,104.4,104.37,104.4,500.0
2017-11-14 15:47:00,104.295,104.365,104.295,104.35,1500.0
2017-11-14 15:48:00,104.3,104.32,104.29,104.3,1900.0
2017-11-14 15:49:00,104.3,104.33,104.3,104.31,2200.0
2017-11-14 15:50:00,104.31,104.34,104.3,104.3,2798.0
2017-11-14 15:51:00,104.33,104.355,104.33,104.33,907.0
2017-11-14 15:52:00,104.31,104.34,104.31,104.33,2550.0
2017-11-14 15:53:00,104.335,104.35,104.31,104.31,1800.0
2017-11-14 15:54:00,104.29,104.32,104.29,104.32,900.0
2017-11-14 15:55:00,104.3,104.31,104.29,104.305,13400.0
2017-11-14 15:56:00,104.28,104.29,104.27,104.29,1800.0
2017-11-14 15:57:00,104.24,104.28,104.23,104.28,6507.0
2017-11-14 15:58:00,104.29,104.32,104.23,104.23,4084.0
2017-11-14 15:59:00,104.29,104.3,104.27,104.27,2937.0
2017-11-14 16:00:00,104.25,104.29,104.24,104.289,7252.0
2017-11-15 09:30:00,104.04,104.04,104.04,104.04,1848.0
2017-11-15 09:33:00,103.58,103.82,103.3,103.81,4474.0
2017-11-15 09:35:00,103.54,103.59,103.495,103.5499,1341.0
2017-11-15 09:36:00,103.56,103.62,103.53,103.61,900.0
2017-11-15 09:37:00,103.39,103.39,103.39,103.39,100.0
2017-11-15 09:38:00,103.4,103.41,103.26,103.39,3714.0
2017-11-15 09:40:00,103.285,103.33,103.03,103.33,2284.0
2017-11-15 09:41:00,103.08,103.19,103.08,103.18,1474.0
2017-11-15 09:42:00,103.22,103.22,103.15,103.15,1200.0
2017-11-15 09:43:00,103.22,103.22,103.17,103.17,229.0
2017-11-15 09:44:00,103.1001,103.15,103.1001,103.15,401.0
2017-11-15 09:45:00,103.12,103.12,103.05,103.05,200.0
2017-11-15 09:46:00,102.94,103.04,102.83,103.04,2502.0
2017-11-15 09:47:00,103.03,103.03,103.02,103.02,200.0
2017-11-15 09:48:00,103.08,103.08,103.0,103.0569,3583.0
2017-11-15 09:49:00,103.14,103.14,103.0547,103.0547,1010.0
2017-11-15 09:50:00,103.1,103.12,103.1,103.12,500.0
2017-11-15 09:51:00,103.08,103.15,103.08,103.15,200.0
2017-11-15 09:52:00,103.27,103.27,103.16,103.16,975.0
2017-11-15 09:53:00,103.1223,103.21,103.1223,103.21,1201.0
2017-11-15 09:54:00,103.07,103.17,103.07,103.17,600.0
2017-11-15 09:55:00,103.1,103.1,103.1,103.1,200.0
2017-11-15 09:56:00,103.05,103.14,102.99,103.05,4116.0
2017-11-15 09:57:00,103.03,103.09,103.03,103.05,1000.0
2017-11-15 09:59:00,102.98,103.05,102.98,103.05,627.0
2017-11-15 10:00:00,103.0247,103.09,102.98,103.04,9928.0
2017-11-15 10:01:00,102.88,103.0,102.86,103.0,4537.0
2017-11-15 10:02:00,102.8,102.86,102.79,102.85,1789.0
2017-11-15 10:04:00,102.73,102.83,102.73,102.74,3244.0
2017-11-15 10:05:00,102.81,102.81,102.78,102.7898,3800.0
2017-11-15 10:06:00,102.8,102.84,102.73,102.8,2436.0
2017-11-15 10:07:00,102.74,102.82,102.74,102.82,1400.0
2017-11-15 10:08:00,102.69,102.83,102.69,102.81,1500.0
2017-11-15 10:09:00,102.78,102.81,102.75,102.75,1600.0
2017-11-15 10:10:00,102.75,102.785,102.74,102.785,700.0
2017-11-15 10:11:00,102.76,102.76,102.76,102.76,100.0
2017-11-15 10:12:00,102.8,102.84,102.76,102.7948,3000.0
2017-11-15 10:13:00,102.77,102.77,102.74,102.74,300.0
2017-11-15 10:14:00,102.74,102.77,102.74,102.77,1000.0
2017-11-15 10:15:00,102.8,102.81,102.78,102.79,2545.0
2017-11-15 10:16:00,102.79,102.83,102.78,102.79,3102.0
2017-11-15 10:17:00,102.81,102.82,102.8,102.8,600.0
2017-11-15 10:18:00,102.87,102.9,102.8,102.82,14732.0
2017-11-15 10:19:00,102.87,102.96,102.82,102.9,17027.0
2017-11-15 10:20:00,103.0089,103.08,102.885,102.9,9946.0
2017-11-15 10:21:00,102.9,102.95,102.85,102.9,6734.0
2017-11-15 10:22:00,102.9,102.91,102.875,102.9,2050.0
2017-11-15 10:23:00,102.94,102.95,102.88,102.895,1750.0
2017-11-15 10:24:00,103.1,103.1,102.94,102.94,1000.0
2017-11-15 10:25:00,102.99,102.99,102.99,102.99,100.0
2017-11-15 10:26:00,102.9262,102.99,102.9262,102.99,1141.0
2017-11-15 10:27:00,102.95,102.95,102.91,102.91,500.0
2017-11-15 10:28:00,102.93,102.93,102.87,102.92,2533.0
2017-11-15 10:29:00,102.92,102.92,102.92,102.92,100.0
2017-11-15 10:30:00,102.92,102.92,102.92,102.92,100.0
2017-11-15 10:31:00,102.87,102.90799999999999,102.87,102.90799999999999,2610.0
2017-11-15 10:32:00,102.86,102.9,102.85,102.88,1300.0
2017-11-15 10:33:00,102.83,102.84,102.82,102.82,300.0
2017-11-15 10:34:00,102.82,102.83,102.82,102.82,300.0
2017-11-15 10:35:00,102.855,102.855,102.855,102.855,100.0
2017-11-15 10:36:00,102.885,102.91,102.876,102.89,1116.0
2017-11-15 10:37:00,102.88,102.8934,102.88,102.8934,508.0
2017-11-15 10:38:00,102.85,102.88,102.85,102.88,400.0
2017-11-15 10:39:00,102.81,102.81,102.81,102.81,200.0
2017-11-15 10:40:00,102.81,102.84,102.81,102.82,1300.0
2017-11-15 10:41:00,102.91,102.91,102.85,102.85,1950.0
2017-11-15 10:42:00,102.9105,102.94,102.9105,102.94,458.0
2017-11-15 10:43:00,102.85,102.94,102.85,102.94,1200.0
2017-11-15 10:44:00,102.8,102.88,102.8,102.88,600.0
2017-11-15 10:45:00,102.83,102.83,102.79,102.79,1300.0
2017-11-15 10:46:00,102.8,102.8144,102.8,102.8144,600.0
2017-11-15 10:47:00,102.79,102.79,102.78,102.79,1100.0
2017-11-15 10:48:00,102.8128,102.8128,102.79,102.79,200.0
2017-11-15 10:49:00,102.82,102.82,102.8128,102.8128,200.0
2017-11-15 10:50:00,102.7,102.78,102.7,102.78,3866.0
2017-11-15 10:51:00,102.6,102.67,102.6,102.67,1140.0
2017-11-15 10:52:00,102.6591,102.6591,102.57,102.57,717.0
2017-11-15 10:53:00,102.6248,102.6248,102.58,102.6,600.0
2017-11-15 10:54:00,102.65,102.65,102.57,102.58,1651.0
2017-11-15 10:56:00,102.6786,102.69,102.66,102.66,1084.0
2017-11-15 10:57:00,102.72,102.73,102.71,102.71,500.0
2017-11-15 10:58:00,102.83,102.83,102.69,102.7047,2431.0
2017-11-15 10:59:00,102.83,102.88,102.83,102.87,1267.0
2017-11-15 11:00:00,102.868,102.868,102.84,102.85,600.0
2017-11-15 11:01:00,102.89,102.89,102.84,102.865,730.0
2017-11-15 11:02:00,102.82,102.88,102.82,102.88,400.0
2017-11-15 11:03:00,102.76,102.84,102.76,102.81,1288.0
2017-11-15 11:04:00,102.75,102.75,102.75,102.75,489.0
2017-11-15 11:05:00,102.77,102.77,102.73,102.73,400.0
2017-11-15 11:06:00,102.72,102.75,102.72,102.73,900.0
2017-11-15 11:07:00,102.76,102.77,102.72,102.75,1533.0
2017-11-15 11:08:00,102.74,102.77,102.74,102.76,700.0
2017-11-15 11:09:00,102.72,102.72,102.72,102.72,100.0
2017-11-15 11:11:00,102.735,102.735,102.71,102.71,1100.0
2017-11-15 11:12:00,102.715,102.715,102.69,102.69,406.0
2017-11-15 11:13:00,102.67,102.69,102.67,102.69,200.0
2017-11-15 11:14:00,102.67,102.69,102.67,102.67,1246.0
2017-11-15 11:15:00,102.63,102.66,102.63,102.63,780.0
2017-11-15 11:16:00,102.69,102.69,102.66,102.66,2690.0
2017-11-15 11:17:00,102.67,102.68,102.67,102.68,1477.0
2017-11-15 11:18:00,102.67,102.71,102.66,102.7,1200.0
2017-11-15 11:20:00,102.69,102.69,102.68,102.68,2600.0
2017-11-15 11:21:00,102.67,102.71,102.67,102.71,400.0
2017-11-15 11:22:00,102.69,102.71,102.69,102.7,900.0
2017-11-15 11:23:00,102.73,102.74,102.68,102.68,4900.0
2017-11-15 11:24:00,102.685,102.71,102.67,102.71,3400.0
2017-11-15 11:25:00,102.695,102.72,102.685,102.7,2039.0
2017-11-15 11:26:00,102.72,102.72,102.72,102.72,500.0
2017-11-15 11:27:00,102.71,102.74,102.67,102.721,5150.0
2017-11-15 11:28:00,102.74,102.74,102.67,102.7,4472.0
2017-11-15 11:29:00,102.7297,102.74,102.7,102.71,600.0
2017-11-15 11:30:00,102.7608,102.7608,102.69,102.72,3201.0
2017-11-15 11:31:00,102.77,102.77,102.73,102.73,300.0
2017-11-15 11:32:00,102.71,102.72,102.68,102.72,800.0
2017-11-15 11:33:00,102.7021,102.7021,102.7021,102.7021,1000.0
2017-11-15 11:34:00,102.75,102.75,102.64,102.7064,6944.0
2017-11-15 11:35:00,102.72,102.73,102.6601,102.73,2115.0
2017-11-15 11:36:00,102.68,102.68,102.68,102.68,200.0
2017-11-15 11:37:00,102.69,102.7,102.69,102.7,900.0
2017-11-15 11:38:00,102.6595,102.67,102.64,102.67,600.0
2017-11-15 11:39:00,102.59,102.64,102.59,102.64,815.0
2017-11-15 11:40:00,102.57,102.59,102.57,102.57,800.0
2017-11-15 11:41:00,102.51,102.56,102.51,102.56,1486.0
2017-11-15 11:42:00,102.48,102.5,102.48,102.5,2750.0
2017-11-15 11:43:00,102.47,102.47,102.47,102.47,400.0
2017-11-15 11:44:00,102.47,102.5,102.46,102.47,1719.0
2017-11-15 11:45:00,102.52,102.52,102.51,102.51,614.0
2017-11-15 11:46:00,102.53,102.56,102.53,102.54,800.0
2017-11-15 11:47:00,102.54,102.54,102.51,102.54,1000.0
2017-11-15 11:48:00,102.58,102.58,102.51,102.53,700.0
2017-11-15 11:49:00,102.56,102.58,102.56,102.58,500.0
2017-11-15 11:50:00,102.54,102.5625,102.54,102.5625,564.0
2017-11-15 11:51:00,102.56,102.56,102.56,102.56,200.0
2017-11-15 11:52:00,102.6,102.6,102.6,102.6,200.0
2017-11-15 11:53:00,102.6,102.6,102.6,102.6,100.0
2017-11-15 11:54:00,102.54,102.6,102.54,102.6,200.0
2017-11-15 11:55:00,102.5795,102.5795,102.54,102.54,2854.0
2017-11-15 11:56:00,102.5,102.54,102.49,102.53,1700.0
2017-11-15 11:57:00,102.5,102.5,102.49,102.49,1000.0
2017-11-15 11:58:00,102.49,102.49,102.49,102.49,200.0
2017-11-15 11:59:00,102.49,102.49,102.49,102.49,300.0
2017-11-15 12:00:00,102.56,102.56,102.48,102.48,1550.0
2017-11-15 12:01:00,102.411,102.52,102.411,102.52,3533.0
2017-11-15 12:02:00,102.44,102.45,102.4252,102.4252,1300.0
2017-11-15 12:03:00,102.42,102.43,102.42,102.43,600.0
2017-11-15 12:04:00,102.3,102.41,102.3,102.41,1675.0
2017-11-15 12:05:00,102.31,102.32,102.31,102.32,300.0
2017-11-15 12:06:00,102.31,102.31,102.31,102.31,300.0
2017-11-15 12:07:00,102.34,102.36,102.34,102.35,447.0
2017-11-15 12:08:00,102.39,102.42,102.36,102.37,1724.0
2017-11-15 12:09:00,102.375,102.41,102.37,102.4,1100.0
2017-11-15 12:11:00,102.39,102.41,102.36,102.41,1524.0
2017-11-15 12:12:00,102.4,102.44,102.4,102.43,724.0
2017-11-15 12:13:00,102.43799999999999,102.43799999999999,102.435,102.435,268.0
2017-11-15 12:14:00,102.41,102.41,102.41,102.41,300.0
2017-11-15 12:16:00,102.4,102.41,102.4,102.41,699.0
2017-11-15 12:17:00,102.33,102.36,102.33,102.36,753.0
2017-11-15 12:18:00,102.36,102.365,102.3343,102.3343,1211.0
2017-11-15 12:19:00,102.38,102.38,102.36,102.36,692.0
2017-11-15 12:20:00,102.43,102.43,102.36,102.36,1100.0
2017-11-15 12:21:00,102.5,102.61,102.46,102.46,1300.0
2017-11-15 12:22:00,102.52,102.52,102.52,102.52,300.0
2017-11-15 12:23:00,102.52,102.52,102.52,102.52,100.0
2017-11-15 12:24:00,102.65,102.65,102.545,102.545,500.0
2017-11-15 12:25:00,102.55,102.59,102.53,102.59,1174.0
2017-11-15 12:26:00,102.53,102.59,102.53,102.57,1076.0
2017-11-15 12:27:00,102.57,102.57,102.57,102.57,100.0
2017-11-15 12:28:00,102.585,102.585,102.57,102.585,400.0
2017-11-15 12:29:00,102.588,102.588,102.588,102.588,280.0
2017-11-15 12:30:00,102.56,102.56,102.53,102.56,1099.0
2017-11-15 12:31:00,102.55,102.55,102.55,102.55,100.0
2017-11-15 12:32:00,102.55,102.55,102.55,102.55,600.0
2017-11-15 12:33:00,102.53,102.58,102.53,102.53,7245.0
2017-11-15 12:34:00,102.55,102.55,102.55,102.55,100.0
2017-11-15 12:35:00,102.55,102.56,102.55,102.55,797.0
2017-11-15 12:36:00,102.52,102.53,102.52,102.53,400.0
2017-11-15 12:37:00,102.535,102.55,102.535,102.55,300.0
2017-11-15 12:38:00,102.53,102.54,102.53,102.53,700.0
2017-11-15 12:39:00,102.54,102.55,102.53,102.53,506.0
2017-11-15 12:41:00,102.5526,102.5526,102.5526,102.5526,250.0
2017-11-15 12:42:00,102.52,102.54,102.52,102.54,1355.0
2017-11-15 12:43:00,102.53,102.53,102.53,102.53,200.0
2017-11-15 12:44:00,102.51,102.53,102.5,102.53,1145.0
2017-11-15 12:45:00,102.5,102.51,102.5,102.51,1500.0
2017-11-15 12:46:00,102.5,102.5,102.5,102.5,400.0
2017-11-15 12:47:00,102.5,102.51,102.47,102.5,1077.0
2017-11-15 12:50:00,102.48,102.49,102.48,102.49,700.0
2017-11-15 12:51:00,102.49,102.49,102.47,102.48,300.0
2017-11-15 12:52:00,102.47,102.47,102.47,102.47,100.0
2017-11-15 12:53:00,102.4617,102.49,102.45,102.49,1000.0
2017-11-15 12:54:00,102.49,102.49,102.45,102.45,512.0
2017-11-15 12:55:00,102.5,102.5,102.49,102.49,200.0
2017-11-15 12:57:00,102.46,102.46,102.44,102.46,800.0
2017-11-15 12:58:00,102.42,102.445,102.42,102.445,1300.0
2017-11-15 12:59:00,102.42,102.4368,102.42,102.4368,200.0
2017-11-15 13:00:00,102.46799999999999,102.48,102.435,102.435,4085.0
2017-11-15 13:01:00,102.48,102.49,102.45,102.49,1340.0
2017-11-15 13:04:00,102.465,102.48,102.45,102.45,300.0
2017-11-15 13:05:00,102.55,102.55,102.46,102.48,1300.0
2017-11-15 13:06:00,102.47,102.54,102.47,102.54,1374.0
2017-11-15 13:07:00,102.43,102.43,102.43,102.43,100.0
2017-11-15 13:08:00,102.39,102.43,102.39,102.43,400.0
2017-11-15 13:09:00,102.40799999999999,102.40799999999999,102.38,102.38,200.0
2017-11-15 13:10:00,102.39,102.39,102.39,102.39,100.0
2017-11-15 13:11:00,102.43,102.43,102.4,102.4,400.0
2017-11-15 13:12:00,102.43,102.43,102.43,102.43,100.0
2017-11-15 13:13:00,102.43,102.43,102.43,102.43,780.0
2017-11-15 13:14:00,102.42,102.42,102.42,102.42,100.0
2017-11-15 13:15:00,102.41,102.44,102.41,102.42,1000.0
2017-11-15 13:16:00,102.48200000000001,102.49,102.4455,102.4455,1600.0
2017-11-15 13:17:00,102.48200000000001,102.48200000000001,102.48200000000001,102.48200000000001,1000.0
2017-11-15 13:18:00,102.47,102.47,102.47,102.47,100.0
2017-11-15 13:19:00,102.49,102.49,102.48,102.48,249.0
2017-11-15 13:20:00,102.5,102.52,102.48,102.52,500.0
2017-11-15 13:21:00,102.48,102.48,102.48,102.48,100.0
2017-11-15 13:22:00,102.44,102.48,102.44,102.48,1237.0
2017-11-15 13:23:00,102.47,102.47,102.47,102.47,213.0
2017-11-15 13:24:00,102.41,102.45,102.41,102.45,616.0
2017-11-15 13:26:00,102.4,102.4,102.39,102.4,1511.0
2017-11-15 13:27:00,102.37,102.37,102.37,102.37,100.0
2017-11-15 13:28:00,102.39,102.41,102.37,102.37,2526.0
2017-11-15 13:29:00,102.36,102.38,102.36,102.38,200.0
2017-11-15 13:30:00,102.41,102.41,102.41,102.41,200.0
2017-11-15 13:31:00,102.44,102.44,102.43,102.43,448.0
2017-11-15 13:32:00,102.4,102.44,102.4,102.44,600.0
2017-11-15 13:33:00,102.45,102.45,102.45,102.45,100.0
2017-11-15 13:34:00,102.39,102.39,102.39,102.39,200.0
2017-11-15 13:35:00,102.35,102.37,102.35,102.37,200.0
2017-11-15 13:36:00,102.35,102.37,102.35,102.37,500.0
2017-11-15 13:37:00,102.36,102.36,102.36,102.36,300.0
2017-11-15 13:39:00,102.39,102.4,102.38,102.38,1600.0
2017-11-15 13:40:00,102.41,102.42,102.41,102.42,702.0
2017-11-15 13:41:00,102.4,102.4,102.4,102.4,200.0
2017-11-15 13:42:00,102.42,102.42,102.41,102.41,300.0
2017-11-15 13:43:00,102.4,102.45,102.4,102.42,1826.0
2017-11-15 13:44:00,102.45,102.45,102.44,102.44,500.0
2017-11-15 13:46:00,102.46,102.46,102.42,102.42,200.0
2017-11-15 13:47:00,102.4,102.45,102.4,102.44,2589.0
2017-11-15 13:48:00,102.41,102.43,102.4001,102.415,1600.0
2017-11-15 13:49:00,102.4199,102.4199,102.41,102.41,200.0
2017-11-15 13:50:00,102.44,102.44,102.4,102.4,1800.0
2017-11-15 13:51:00,102.41,102.42,102.39,102.42,1347.0
2017-11-15 13:52:00,102.42,102.46,102.42,102.46,300.0
2017-11-15 13:53:00,102.37,102.41,102.37,102.41,1400.0
2017-11-15 13:54:00,102.35,102.37,102.35,102.37,1050.0
2017-11-15 13:55:00,102.35,102.35,102.33,102.33,300.0
2017-11-15 13:56:00,102.3,102.31,102.3,102.31,300.0
2017-11-15 13:57:00,102.29,102.3,102.26,102.3,4935.0
2017-11-15 13:58:00,102.32,102.32,102.29,102.29,400.0
2017-11-15 14:00:00,102.33,102.33,102.3,102.3,1105.0
2017-11-15 14:01:00,102.34,102.34,102.31,102.32,1600.0
2017-11-15 14:02:00,102.3,102.33,102.29,102.33,2434.0
2017-11-15 14:03:00,102.31,102.31,102.27,102.2701,3000.0
2017-11-15 14:04:00,102.3101,102.3101,102.26,102.27,410.0
2017-11-15 14:06:00,102.37,102.37,102.33,102.33,2124.0
2017-11-15 14:07:00,102.34,102.36,102.33,102.35,1579.0
2017-11-15 14:08:00,102.35,102.35,102.34,102.34,400.0
2017-11-15 14:09:00,102.34,102.34,102.33,102.34,600.0
2017-11-15 14:10:00,102.35,102.36,102.335,102.335,700.0
2017-11-15 14:11:00,102.44,102.46,102.36,102.36,2654.0
2017-11-15 14:12:00,102.44,102.44,102.42,102.44,1474.0
2017-11-15 14:13:00,102.47,102.49,102.46,102.46,400.0
2017-11-15 14:14:00,102.47,102.485,102.47,102.485,200.0
2017-11-15 14:15:00,102.47,102.47,102.47,102.47,300.0
2017-11-15 14:16:00,102.45,102.4844,102.45,102.4844,893.0
2017-11-15 14:17:00,102.465,102.465,102.465,102.465,200.0
2017-11-15 14:18:00,102.45,102.45,102.44,102.44,200.0
2017-11-15 14:19:00,102.45,102.46,102.45,102.46,500.0
2017-11-15 14:21:00,102.45,102.45,102.45,102.45,160.0
2017-11-15 14:22:00,102.45,102.46,102.45,102.4599,1100.0
2017-11-15 14:23:00,102.47,102.48,102.47,102.47,300.0
2017-11-15 14:24:00,102.44,102.46,102.43,102.46,1200.0
2017-11-15 14:25:00,102.41,102.42,102.41,102.42,937.0
2017-11-15 14:26:00,102.44,102.44,102.4,102.4157,1308.0
2017-11-15 14:27:00,102.4416,102.4416,102.4416,102.4416,140.0
2017-11-15 14:28:00,102.43,102.43,102.43,102.43,200.0
2017-11-15 14:29:00,102.42,102.42,102.42,102.42,400.0
2017-11-15 14:30:00,102.44,102.456,102.41,102.41,1774.0
2017-11-15 14:31:00,102.43,102.4599,102.43,102.4444,600.0
2017-11-15 14:32:00,102.41,102.42,102.41,102.42,400.0
2017-11-15 14:33:00,102.41,102.41,102.41,102.41,491.0
2017-11-15 14:35:00,102.41,102.43,102.41,102.43,400.0
2017-11-15 14:36:00,102.435,102.44,102.425,102.44,867.0
2017-11-15 14:37:00,102.435,102.435,102.435,102.435,300.0
2017-11-15 14:38:00,102.42,102.42,102.4,102.42,2028.0
2017-11-15 14:39:00,102.4,102.41,102.4,102.41,500.0
2017-11-15 14:40:00,102.3797,102.4,102.36,102.4,1787.0
2017-11-15 14:41:00,102.41,102.41,102.38,102.38,925.0
2017-11-15 14:42:00,102.38,102.42,102.38,102.42,2234.0
2017-11-15 14:43:00,102.41,102.43,102.37,102.37,518.0
2017-11-15 14:44:00,102.3936,102.41,102.39,102.41,1641.0
2017-11-15 14:45:00,102.41,102.425,102.41,102.42,500.0
2017-11-15 14:46:00,102.4,102.4,102.4,102.4,100.0
2017-11-15 14:47:00,102.4195,102.42,102.4,102.41,1577.0
2017-11-15 14:48:00,102.41,102.41,102.41,102.41,100.0
2017-11-15 14:49:00,102.49,102.49,102.42,102.42,1418.0
2017-11-15 14:50:00,102.48,102.51,102.48,102.5,3159.0
2017-11-15 14:51:00,102.44,102.4894,102.44,102.47,469.0
2017-11-15 14:52:00,102.42,102.445,102.42,102.44,1000.0
2017-11-15 14:53:00,102.42,102.44,102.42,102.44,327.0
2017-11-15 14:54:00,102.465,102.47,102.45,102.45,1028.0
2017-11-15 14:55:00,102.45,102.45,102.45,102.45,600.0
2017-11-15 14:56:00,102.38,102.44,102.38,102.44,1540.0
2017-11-15 14:57:00,102.39,102.39,102.375,102.39,716.0
2017-11-15 14:58:00,102.3901,102.3901,102.3775,102.39,1066.0
2017-11-15 14:59:00,102.38,102.4,102.38,102.4,1001.0
2017-11-15 15:00:00,102.38,102.39,102.38,102.39,1321.0
2017-11-15 15:01:00,102.42,102.42,102.38,102.39,1050.0
2017-11-15 15:02:00,102.47,102.47,102.43,102.43,1671.0
2017-11-15 15:03:00,102.46,102.46,102.45,102.46,1100.0
2017-11-15 15:04:00,102.44,102.465,102.44,102.465,541.0
2017-11-15 15:05:00,102.44,102.46,102.42,102.42,1500.0
2017-11-15 15:06:00,102.43,102.46,102.43,102.445,1000.0
2017-11-15 15:07:00,102.43,102.43,102.43,102.43,400.0
2017-11-15 15:08:00,102.42,102.42,102.42,102.42,400.0
2017-11-15 15:09:00,102.45,102.47,102.44,102.44,1326.0
2017-11-15 15:11:00,102.4,102.465,102.39,102.46,3320.0
2017-11-15 15:12:00,102.41,102.42,102.4,102.4,1602.0
2017-11-15 15:13:00,102.44,102.45,102.4,102.42,2848.0
2017-11-15 15:14:00,102.43,102.45,102.43,102.43,1000.0
2017-11-15 15:15:00,102.455,102.47,102.425,102.43,2548.0
2017-11-15 15:16:00,102.5,102.51,102.47,102.5,3267.0
2017-11-15 15:17:00,102.5,102.52,102.495,102.495,1100.0
2017-11-15 15:18:00,102.55,102.56,102.52,102.52,2100.0
2017-11-15 15:19:00,102.55,102.55,102.54,102.55,300.0
2017-11-15 15:20:00,102.56,102.56,102.54,102.55,3255.0
2017-11-15 15:21:00,102.605,102.605,102.55,102.55,1726.0
2017-11-15 15:22:00,102.58,102.59,102.57,102.59,1000.0
2017-11-15 15:23:00,102.56,102.56,102.56,102.56,936.0
2017-11-15 15:24:00,102.46600000000001,102.54,102.41,102.54,3837.0
2017-11-15 15:25:00,102.45,102.49,102.4375,102.47,2600.0
2017-11-15 15:26:00,102.47,102.4794,102.46,102.4794,1400.0
2017-11-15 15:27:00,102.41,102.44,102.385,102.44,2343.0
2017-11-15 15:28:00,102.35,102.4005,102.35,102.4005,1150.0
2017-11-15 15:29:00,102.34299999999999,102.36,102.3,102.33,2275.0
2017-11-15 15:30:00,102.36,102.36,102.33,102.35,1200.0
2017-11-15 15:31:00,102.4,102.43,102.37,102.37,3980.0
2017-11-15 15:32:00,102.43,102.43,102.4,102.42,1772.0
2017-11-15 15:33:00,102.41,102.435,102.41,102.435,1100.0
2017-11-15 15:34:00,102.44,102.45,102.41,102.41,2206.0
2017-11-15 15:35:00,102.44,102.46,102.41,102.43,2805.0
2017-11-15 15:36:00,102.43,102.44,102.41,102.44,1200.0
2017-11-15 15:37:00,102.505,102.51,102.44,102.44,2282.0
2017-11-15 15:38:00,102.455,102.51,102.43,102.51,2881.0
2017-11-15 15:39:00,102.42,102.455,102.42,102.455,3266.0
2017-11-15 15:40:00,102.306,102.435,102.306,102.435,2578.0
2017-11-15 15:41:00,102.26,102.32,102.25,102.31,2903.0
2017-11-15 15:42:00,102.29,102.3099,102.265,102.28,5479.0
2017-11-15 15:43:00,102.24,102.29,102.23,102.29,3310.0
2017-11-15 15:44:00,102.27,102.29,102.25,102.27,2195.0
2017-11-15 15:45:00,102.24,102.28,102.24,102.2795,8387.0
2017-11-15 15:46:00,102.23,102.26,102.21,102.24,3245.0
2017-11-15 15:47:00,102.25,102.25,102.21,102.23,2392.0
2017-11-15 15:48:00,102.2,102.27,102.2,102.26,5031.0
2017-11-15 15:49:00,102.15,102.215,102.14,102.215,2935.0
2017-11-15 15:50:00,102.16,102.19,102.12,102.14,5042.0
2017-11-15 15:51:00,102.16,102.2699,102.15,102.17,8564.0
2017-11-15 15:52:00,102.18,102.21,102.16,102.16,5883.0
2017-11-15 15:53:00,102.14,102.19,102.12,102.18,5819.0
2017-11-15 15:54:00,102.14,102.16,102.11,102.14,29546.0
2017-11-15 15:55:00,102.17,102.2,102.13,102.13,3483.0
2017-11-15 15:56:00,102.2,102.21,102.17,102.18,10540.0
2017-11-15 15:57:00,102.165,102.2,102.165,102.195,9537.0
2017-11-15 15:58:00,102.1899,102.2,102.15,102.1613,10803.0
2017-11-15 15:59:00,102.1499,102.2,102.13,102.19,9223.0
2017-11-15 16:00:00,102.18,102.23,102.15,102.15,17542.0
2017-11-16 09:30:00,102.6,102.6,102.6,102.6,2780.0
2017-11-16 09:31:00,102.45,102.48,102.17,102.17,900.0
2017-11-16 09:33:00,102.4602,102.4602,102.4602,102.4602,500.0
2017-11-16 09:34:00,102.42,102.42,102.42,102.42,100.0
2017-11-16 09:35:00,102.375,102.375,102.375,102.375,200.0
2017-11-16 09:36:00,102.55,102.55,102.55,102.55,289.0
2017-11-16 09:37:00,102.58,102.58,102.3,102.525,2719.0
2017-11-16 09:39:00,102.67,102.67,102.65,102.65,300.0
2017-11-16 09:42:00,102.5778,102.5778,102.49,102.49,400.0
2017-11-16 09:43:00,102.85,102.85,102.64,102.64,1812.0
2017-11-16 09:44:00,102.61,102.76,102.55,102.76,2869.0
2017-11-16 09:46:00,102.5,102.52,102.46,102.5,600.0
2017-11-16 09:47:00,102.43,102.46,102.43,102.46,200.0
2017-11-16 09:48:00,102.37,102.42,102.37,102.42,400.0
2017-11-16 09:49:00,102.41,102.51,102.41,102.41,900.0
2017-11-16 09:50:00,102.51,102.51,102.4702,102.4702,500.0
2017-11-16 09:52:00,102.48,102.54,102.47,102.51,742.0
2017-11-16 09:54:00,102.48,102.54,102.48,102.54,576.0
2017-11-16 09:55:00,102.57,102.57,102.52,102.53,300.0
2017-11-16 09:56:00,102.5,102.5141,102.5,102.5141,300.0
2017-11-16 09:58:00,102.47,102.55,102.47,102.5,1008.0
2017-11-16 09:59:00,102.45,102.46,102.45,102.46,200.0
2017-11-16 10:01:00,102.5,102.5,102.4475,102.4475,1300.0
2017-11-16 10:02:00,102.54,102.54,102.5,102.5,1300.0
2017-11-16 10:03:00,102.64,102.64,102.6,102.6,200.0
2017-11-16 10:05:00,102.68,102.68,102.68,102.68,100.0
2017-11-16 10:06:00,102.64,102.64,102.63,102.63,400.0
2017-11-16 10:07:00,102.705,102.76,102.59,102.59,3201.0
2017-11-16 10:08:00,102.72,102.72,102.72,102.72,100.0
2017-11-16 10:09:00,102.82,102.82,102.72,102.72,500.0
2017-11-16 10:10:00,102.82,102.82,102.82,102.82,100.0
2017-11-16 10:12:00,102.78,102.79,102.78,102.79,645.0
2017-11-16 10:13:00,102.71,102.76,102.6755,102.76,1151.0
2017-11-16 10:15:00,102.69,102.7,102.69,102.7,200.0
2017-11-16 10:17:00,102.76,102.76,102.74,102.74,900.0
2017-11-16 10:18:00,102.845,102.845,102.845,102.845,100.0
2017-11-16 10:19:00,102.82,102.825,102.82,102.825,300.0
2017-11-16 10:20:00,102.85,102.85,102.82,102.825,500.0
2017-11-16 10:21:00,102.71,102.83,102.68,102.83,2210.0
2017-11-16 10:22:00,102.81,102.81,102.76,102.76,800.0
2017-11-16 10:23:00,102.82,102.82,102.77,102.77,200.0
2017-11-16 10:24:00,102.74,102.77,102.74,102.77,423.0
2017-11-16 10:25:00,102.64,102.73,102.64,102.71,1491.0
2017-11-16 10:27:00,102.7,102.72,102.665,102.665,700.0
2017-11-16 10:28:00,102.66,102.73,102.66,102.73,600.0
2017-11-16 10:29:00,102.69,102.69,102.69,102.69,200.0
2017-11-16 10:30:00,102.75,102.75,102.64,102.69,1591.0
2017-11-16 10:31:00,102.74,102.74,102.74,102.74,100.0
2017-11-16 10:32:00,102.72,102.755,102.72,102.755,200.0
2017-11-16 10:33:00,102.77,102.8,102.72,102.72,2080.0
2017-11-16 10:34:00,102.685,102.79,102.68,102.79,1123.0
2017-11-16 10:35:00,102.71,102.71,102.65,102.67,906.0
2017-11-16 10:36:00,102.75,102.75,102.71,102.71,679.0
2017-11-16 10:37:00,102.83,102.83,102.75,102.77,1050.0
2017-11-16 10:38:00,102.9,102.9,102.9,102.9,100.0
2017-11-16 10:40:00,102.82,102.85,102.82,102.85,300.0
2017-11-16 10:41:00,102.87,102.87,102.87,102.87,100.0
2017-11-16 10:42:00,102.93,102.93,102.89,102.89,400.0
2017-11-16 10:43:00,102.87,102.94,102.87,102.94,623.0
2017-11-16 10:46:00,102.87,102.87,102.87,102.87,100.0
2017-11-16 10:47:00,102.81,102.86,102.81,102.86,423.0
2017-11-16 10:48:00,102.74,102.79,102.74,102.79,800.0
2017-11-16 10:51:00,102.73,102.73,102.73,102.73,419.0
2017-11-16 10:52:00,102.69,102.69,102.69,102.69,500.0
2017-11-16 10:53:00,102.76,102.76,102.72,102.72,700.0
2017-11-16 10:54:00,102.7,102.72,102.7,102.72,400.0
2017-11-16 10:55:00,102.74,102.79,102.67,102.7,3135.0
2017-11-16 10:56:00,102.87,102.87,102.8492,102.8492,300.0
2017-11-16 10:58:00,102.84,102.895,102.84,102.895,1300.0
2017-11-16 10:59:00,102.85,102.85,102.85,102.85,100.0
2017-11-16 11:00:00,103.0,103.0,102.92,102.92,500.0
2017-11-16 11:01:00,103.0,103.01,103.0,103.01,200.0
2017-11-16 11:03:00,102.91,103.0,102.91,102.99,2679.0
2017-11-16 11:04:00,103.01,103.01,103.01,103.01,100.0
2017-11-16 11:05:00,103.0275,103.05,103.0275,103.05,300.0
2017-11-16 11:06:00,103.05,103.05,103.05,103.05,100.0
2017-11-16 11:07:00,103.12,103.12,102.95,103.01,4447.0
2017-11-16 11:08:00,103.07,103.16,103.07,103.15,1511.0
2017-11-16 11:09:00,103.08,103.18,103.08,103.12,2336.0
2017-11-16 11:10:00,103.17,103.17,103.17,103.17,200.0
2017-11-16 11:11:00,103.05,103.11,103.05,103.11,900.0
2017-11-16 11:14:00,103.1,103.1,103.1,103.1,100.0
2017-11-16 11:16:00,103.0999,103.0999,103.0999,103.0999,200.0
2017-11-16 11:17:00,103.02,103.065,103.02,103.06,1522.0
2017-11-16 11:19:00,102.98,103.0311,102.96,103.0311,2105.0
2017-11-16 11:22:00,103.03,103.15,103.02,103.02,2823.0
2017-11-16 11:23:00,103.07,103.09,103.02,103.02,735.0
2017-11-16 11:24:00,103.1015,103.1015,103.1015,103.1015,500.0
2017-11-16 11:25:00,103.18,103.18,103.1,103.1,1300.0
2017-11-16 11:26:00,103.2,103.2,103.2,103.2,100.0
2017-11-16 11:27:00,103.1767,103.21,103.17,103.17,700.0
2017-11-16 11:29:00,103.21,103.21,103.21,103.21,100.0
2017-11-16 11:30:00,103.2,103.24,103.175,103.175,800.0
2017-11-16 11:31:00,103.12,103.16,103.12,103.16,1530.0
2017-11-16 11:33:00,103.13,103.14,103.13,103.13,500.0
2017-11-16 11:34:00,103.17,103.17,103.17,103.17,5000.0
2017-11-16 11:37:00,103.21,103.22,103.21,103.21,900.0
2017-11-16 11:38:00,103.24,103.24,103.21,103.22,1450.0
2017-11-16 11:39:00,103.22,103.22,103.22,103.22,100.0
2017-11-16 11:40:00,103.22,103.24,103.19,103.22,1300.0
2017-11-16 11:42:00,103.21,103.22,103.21,103.22,300.0
2017-11-16 11:44:00,103.2,103.23,103.2,103.23,300.0
2017-11-16 11:45:00,103.23,103.23,103.23,103.23,100.0
2017-11-16 11:46:00,103.24,103.24,103.19,103.21,3000.0
2017-11-16 11:47:00,103.28,103.28,103.25,103.25,1900.0
2017-11-16 11:48:00,103.44,103.44,103.3,103.3,2404.0
2017-11-16 11:49:00,103.365,103.365,103.365,103.365,100.0
2017-11-16 11:51:00,103.29,103.33,103.29,103.32,2979.0
2017-11-16 11:52:00,103.27,103.3196,103.26,103.29,1192.0
2017-11-16 11:53:00,103.27,103.27,103.24,103.24,754.0
2017-11-16 11:54:00,103.33,103.33,103.33,103.33,100.0
2017-11-16 11:55:00,103.35,103.35,103.35,103.35,100.0
2017-11-16 11:57:00,103.315,103.33,103.315,103.33,1617.0
2017-11-16 11:59:00,103.34,103.34,103.34,103.34,100.0
2017-11-16 12:00:00,103.43,103.49,103.39,103.39,846.0
2017-11-16 12:04:00,103.47,103.5,103.47,103.47,400.0
2017-11-16 12:05:00,103.55,103.55,103.45,103.45,1100.0
2017-11-16 12:07:00,103.57,103.6,103.57,103.6,329.0
2017-11-16 12:09:00,103.59,103.63,103.57,103.57,1543.0
2017-11-16 12:11:00,103.60600000000001,103.62,103.60600000000001,103.62,300.0
2017-11-16 12:12:00,103.62,103.62,103.56,103.57,6887.0
2017-11-16 12:13:00,103.66,103.68,103.66,103.68,600.0
2017-11-16 12:14:00,103.66,103.66,103.66,103.66,100.0
2017-11-16 12:16:00,103.79,103.8,103.7299,103.7299,1800.0
2017-11-16 12:17:00,103.7,103.74,103.68,103.74,2226.0
2017-11-16 12:19:00,103.69,103.69,103.69,103.69,100.0
2017-11-16 12:23:00,103.67,103.68,103.67,103.68,400.0
2017-11-16 12:24:00,103.61,103.66,103.61,103.66,1100.0
2017-11-16 12:25:00,103.63,103.64,103.63,103.63,1064.0
2017-11-16 12:26:00,103.6,103.6,103.6,103.6,100.0
2017-11-16 12:27:00,103.68,103.68,103.61,103.61,640.0
2017-11-16 12:28:00,103.66,103.67,103.66,103.66,600.0
2017-11-16 12:29:00,103.7099,103.7099,103.7099,103.7099,150.0
2017-11-16 12:31:00,103.75,103.75,103.71,103.71,500.0
2017-11-16 12:32:00,103.74,103.78,103.74,103.74,4748.0
2017-11-16 12:33:00,103.8,103.82,103.745,103.745,600.0
2017-11-16 12:34:00,103.7942,103.7942,103.7942,103.7942,200.0
2017-11-16 12:35:00,103.81,103.81,103.81,103.81,400.0
2017-11-16 12:36:00,103.82,103.82,103.82,103.82,100.0
2017-11-16 12:37:00,103.85,103.85,103.85,103.85,100.0
2017-11-16 12:38:00,103.87,103.89,103.87,103.88,500.0
2017-11-16 12:39:00,103.72,103.84,103.72,103.83,2967.0
2017-11-16 12:41:00,103.69,103.71,103.69,103.69,1533.0
2017-11-16 12:42:00,103.58,103.63,103.58,103.63,1067.0
2017-11-16 12:43:00,103.58,103.6,103.55,103.58,4022.0
2017-11-16 12:44:00,103.63,103.63,103.63,103.63,450.0
2017-11-16 12:47:00,103.71,103.71,103.71,103.71,500.0
2017-11-16 12:49:00,103.72,103.72,103.72,103.72,400.0
2017-11-16 12:51:00,103.78,103.78,103.73,103.76,600.0
2017-11-16 12:52:00,103.78,103.79,103.78,103.7899,300.0
2017-11-16 12:53:00,103.7,103.73,103.7,103.73,1143.0
2017-11-16 12:54:00,103.75,103.75,103.7,103.7,861.0
2017-11-16 12:56:00,103.66,103.71,103.63,103.71,900.0
2017-11-16 12:58:00,103.6844,103.69,103.68,103.68,600.0
2017-11-16 12:59:00,103.69,103.69,103.69,103.69,100.0
2017-11-16 13:01:00,103.74,103.77,103.671,103.68,1347.0
2017-11-16 13:02:00,103.78,103.78,103.77,103.77,400.0
2017-11-16 13:03:00,103.75,103.87,103.71,103.87,1800.0
2017-11-16 13:04:00,103.79,103.79,103.79,103.79,200.0
2017-11-16 13:05:00,103.82,103.85,103.68,103.77,2051.0
2017-11-16 13:06:00,103.82,103.82,103.8,103.81,400.0
2017-11-16 13:07:00,103.84,103.84,103.84,103.84,100.0
2017-11-16 13:09:00,103.81,103.81,103.81,103.81,100.0
2017-11-16 13:10:00,103.82,103.845,103.77,103.81,2300.0
2017-11-16 13:11:00,103.86,103.86,103.86,103.86,163.0
2017-11-16 13:13:00,103.83,103.83,103.83,103.83,100.0
2017-11-16 13:14:00,103.795,103.805,103.78,103.805,1604.0
2017-11-16 13:15:00,103.77,103.78,103.76,103.77,1336.0
2017-11-16 13:16:00,103.77,103.77,103.77,103.77,100.0
2017-11-16 13:17:00,103.81,103.81,103.79,103.79,700.0
2017-11-16 13:19:00,103.855,103.87,103.8109,103.8109,1213.0
2017-11-16 13:20:00,103.81,103.83,103.81,103.83,500.0
2017-11-16 13:21:00,103.84,103.86,103.79,103.8,1712.0
2017-11-16 13:22:00,103.86,103.88,103.86,103.86,400.0
2017-11-16 13:23:00,103.8786,103.8786,103.8786,103.8786,1500.0
2017-11-16 13:24:00,103.86,103.86,103.86,103.86,100.0
2017-11-16 13:25:00,103.85700000000001,103.91,103.835,103.87,6506.0
2017-11-16 13:26:00,103.92,103.92,103.9199,103.92,700.0
2017-11-16 13:27:00,103.85,103.9,103.85,103.89,1020.0
2017-11-16 13:28:00,103.8571,103.8571,103.8571,103.8571,100.0
2017-11-16 13:30:00,103.87,103.87,103.87,103.87,100.0
2017-11-16 13:34:00,103.89,103.91,103.89,103.89,500.0
2017-11-16 13:36:00,103.92,103.93,103.88,103.89,2266.0
2017-11-16 13:37:00,103.92,103.97,103.91,103.95,3243.0
2017-11-16 13:38:00,103.93,103.93,103.93,103.93,600.0
2017-11-16 13:40:00,103.85,103.939,103.85,103.939,1850.0
2017-11-16 13:41:00,103.73,103.79,103.73,103.79,500.0
2017-11-16 13:42:00,103.76,103.76,103.76,103.76,500.0
2017-11-16 13:43:00,103.77,103.79,103.765,103.79,400.0
2017-11-16 13:44:00,103.82,103.82,103.82,103.82,200.0
2017-11-16 13:48:00,103.79,103.79,103.79,103.79,100.0
2017-11-16 13:49:00,103.8,103.8,103.76,103.78,610.0
2017-11-16 13:51:00,103.84,103.84,103.84,103.84,200.0
2017-11-16 13:52:00,103.82,103.82,103.82,103.82,300.0
2017-11-16 13:55:00,103.84,103.86,103.815,103.815,900.0
2017-11-16 13:56:00,103.78,103.81,103.78,103.81,800.0
2017-11-16 13:57:00,103.78,103.83,103.78,103.8,500.0
2017-11-16 13:58:00,103.88,103.88,103.83,103.83,500.0
2017-11-16 13:59:00,103.88,103.88,103.84,103.84,200.0
2017-11-16 14:00:00,103.8999,103.8999,103.86,103.88,900.0
2017-11-16 14:02:00,103.88,103.88,103.86,103.86,400.0
2017-11-16 14:03:00,103.89,103.89,103.88,103.88,300.0
2017-11-16 14:07:00,103.93,103.96,103.905,103.91,2280.0
2017-11-16 14:08:00,103.96,104.0,103.9442,103.9442,842.0
2017-11-16 14:10:00,103.99,104.03,103.99,104.01,832.0
2017-11-16 14:11:00,103.97,104.01,103.95,103.99,6744.0
2017-11-16 14:12:00,103.98,103.99,103.95,103.95,623.0
2017-11-16 14:13:00,103.9889,103.9889,103.9889,103.9889,100.0
2017-11-16 14:14:00,104.0,104.0,103.97,103.97,600.0
2017-11-16 14:16:00,103.995,104.03,103.995,104.03,200.0
2017-11-16 14:17:00,104.0,104.05,104.0,104.03,1400.0
2017-11-16 14:18:00,104.0,104.005,104.0,104.005,200.0
2017-11-16 14:19:00,104.02,104.02,104.0,104.0,400.0
2017-11-16 14:21:00,103.89,104.01,103.89,104.01,2787.0
2017-11-16 14:23:00,103.84,103.8609,103.83,103.83,700.0
2017-11-16 14:24:00,103.77,103.85,103.77,103.85,1000.0
2017-11-16 14:26:00,103.82,103.82,103.77,103.77,1053.0
2017-11-16 14:27:00,103.74,103.8,103.74,103.79,600.0
2017-11-16 14:28:00,103.79899999999999,103.79899999999999,103.79899999999999,103.79899999999999,300.0
2017-11-16 14:29:00,103.8,103.85,103.8,103.8,1100.0
2017-11-16 14:32:00,103.91,103.91,103.87899999999999,103.87899999999999,1100.0
2017-11-16 14:33:00,103.92,103.94,103.91,103.92,800.0
2017-11-16 14:36:00,103.99,103.99,103.94,103.97,700.0
2017-11-16 14:37:00,103.97,104.0,103.97,104.0,1059.0
2017-11-16 14:38:00,103.96,104.01,103.96,103.99,1330.0
2017-11-16 14:39:00,103.97,103.97,103.95,103.95,800.0
2017-11-16 14:42:00,103.9887,103.9887,103.97,103.97,554.0
2017-11-16 14:43:00,103.95,103.95,103.95,103.95,200.0
2017-11-16 14:44:00,103.91,103.94,103.91,103.94,1100.0
2017-11-16 14:45:00,103.92,103.93,103.9,103.92,1160.0
2017-11-16 14:46:00,103.86,103.91,103.86,103.9,1100.0
2017-11-16 14:47:00,103.885,103.89,103.88,103.88,500.0
2017-11-16 14:48:00,103.84,103.86,103.8,103.86,904.0
2017-11-16 14:50:00,103.8,103.835,103.8,103.835,500.0
2017-11-16 14:51:00,103.7,103.76,103.7,103.76,500.0
2017-11-16 14:52:00,103.72,103.72,103.69,103.69,200.0
2017-11-16 14:53:00,103.69,103.69,103.69,103.69,100.0
2017-11-16 14:54:00,103.74,103.74,103.7,103.7,1000.0
2017-11-16 14:55:00,103.68,103.71,103.68,103.71,1100.0
2017-11-16 14:56:00,103.65,103.65,103.65,103.65,100.0
2017-11-16 14:57:00,103.55,103.63,103.55,103.63,500.0
2017-11-16 15:00:00,103.65,103.65,103.6104,103.62,2063.0
2017-11-16 15:03:00,103.7,103.7,103.63,103.63,1590.0
2017-11-16 15:04:00,103.62,103.69,103.62,103.69,1200.0
2017-11-16 15:06:00,103.6,103.6,103.6,103.6,800.0
2017-11-16 15:07:00,103.57,103.62,103.57,103.57,603.0
2017-11-16 15:08:00,103.53,103.57,103.53,103.57,600.0
2017-11-16 15:09:00,103.59,103.59,103.54,103.54,200.0
2017-11-16 15:10:00,103.56,103.61,103.56,103.56,1239.0
2017-11-16 15:12:00,103.6,103.6,103.57,103.57,400.0
2017-11-16 15:13:00,103.57,103.61,103.57,103.57,800.0
2017-11-16 15:14:00,103.62,103.62,103.58,103.58,2300.0
2017-11-16 15:15:00,103.65,103.65,103.62,103.63,1000.0
2017-11-16 15:16:00,103.53,103.61,103.53,103.61,1300.0
2017-11-16 15:17:00,103.49,103.53,103.49,103.53,1700.0
2017-11-16 15:18:00,103.48,103.49,103.47,103.47,600.0
2017-11-16 15:19:00,103.48,103.4938,103.48,103.4938,491.0
2017-11-16 15:20:00,103.43,103.47,103.43,103.47,400.0
2017-11-16 15:21:00,103.39,103.4691,103.39,103.4691,850.0
2017-11-16 15:22:00,103.435,103.45,103.4,103.415,1254.0
2017-11-16 15:23:00,103.4499,103.4499,103.4499,103.4499,100.0
2017-11-16 15:24:00,103.45,103.46,103.435,103.435,1000.0
2017-11-16 15:25:00,103.445,103.445,103.445,103.445,100.0
2017-11-16 15:26:00,103.42,103.46,103.42,103.445,2746.0
2017-11-16 15:27:00,103.43,103.43,103.43,103.43,100.0
2017-11-16 15:28:00,103.44,103.44,103.44,103.44,100.0
2017-11-16 15:29:00,103.37,103.43,103.37,103.43,2600.0
2017-11-16 15:30:00,103.38,103.38,103.38,103.38,100.0
2017-11-16 15:31:00,103.32,103.38,103.27,103.37,2720.0
2017-11-16 15:32:00,103.32,103.33,103.2975,103.2975,2234.0
2017-11-16 15:33:00,103.27,103.335,103.27,103.3183,3034.0
2017-11-16 15:34:00,103.315,103.32,103.28,103.3,3500.0
2017-11-16 15:35:00,103.29,103.32,103.29,103.31,2700.0
2017-11-16 15:36:00,103.32,103.35,103.3,103.34,2380.0
2017-11-16 15:37:00,103.31,103.32,103.29,103.31,1800.0
2017-11-16 15:39:00,103.38,103.38,103.33,103.33,3228.0
2017-11-16 15:40:00,103.39,103.47,103.36,103.3875,9538.0
2017-11-16 15:41:00,103.36,103.39,103.35,103.38,5257.0
2017-11-16 15:42:00,103.22,103.35,103.21,103.35,11612.0
2017-11-16 15:43:00,103.28,103.28,103.22,103.24,4420.0
2017-11-16 15:44:00,103.32,103.34,103.27,103.27,4625.0
2017-11-16 15:45:00,103.35,103.35,103.31,103.325,3251.0
2017-11-16 15:46:00,103.37,103.38,103.35,103.355,1548.0
2017-11-16 15:47:00,103.35,103.36,103.35,103.36,1100.0
2017-11-16 15:48:00,103.36,103.36,103.33,103.35,1993.0
2017-11-16 15:49:00,103.4,103.4,103.36,103.37,4009.0
2017-11-16 15:50:00,103.43,103.44,103.395,103.395,2400.0
2017-11-16 15:51:00,103.42,103.43,103.4,103.43,3033.0
2017-11-16 15:52:00,103.43,103.43,103.415,103.4299,2300.0
2017-11-16 15:53:00,103.43,103.44,103.42,103.42,4537.0
2017-11-16 15:54:00,103.49,103.49,103.43,103.43,2864.0
2017-11-16 15:55:00,103.52,103.52,103.505,103.51,1058.0
2017-11-16 15:56:00,103.51,103.54,103.49,103.505,6404.0
2017-11-16 15:57:00,103.49,103.54,103.49,103.5,5660.0
2017-11-16 15:58:00,103.51,103.53,103.48,103.49,6776.0
2017-11-16 15:59:00,103.48,103.54,103.48,103.53,4003.0
2017-11-16 16:00:00,103.5,103.55,103.45,103.47,16477.0
2017-11-17 09:30:00,102.9,102.9,102.9,102.9,19126.0
2017-11-17 09:33:00,102.85,103.3029,102.8,103.3029,1400.0
2017-11-17 09:35:00,102.78,102.78,102.68,102.68,400.0
2017-11-17 09:36:00,102.99,102.99,102.84,102.84,2100.0
2017-11-17 09:37:00,102.9397,102.9397,102.92,102.92,361.0
2017-11-17 09:38:00,103.02,103.02,103.02,103.02,300.0
2017-11-17 09:39:00,103.14,103.14,103.1,103.1,200.0
2017-11-17 09:41:00,103.16,103.16,103.08,103.08,850.0
2017-11-17 09:42:00,103.2795,103.35,103.25,103.25,912.0
2017-11-17 09:43:00,103.32,103.32,103.31,103.31,700.0
2017-11-17 09:44:00,103.53,103.53,103.39,103.39,200.0
2017-11-17 09:45:00,103.42,103.46,103.42,103.46,600.0
2017-11-17 09:46:00,103.37,103.44,103.37,103.375,300.0
2017-11-17 09:47:00,103.33,103.37,103.33,103.37,400.0
2017-11-17 09:48:00,103.145,103.36,103.145,103.2,2700.0
2017-11-17 09:49:00,103.22,103.26,103.22,103.26,200.0
2017-11-17 09:51:00,103.3,103.3,103.26,103.26,500.0
2017-11-17 09:52:00,103.31,103.31,103.28,103.28,400.0
2017-11-17 09:53:00,103.45,103.45,103.36,103.36,734.0
2017-11-17 09:54:00,103.38,103.42,103.36,103.42,3070.0
2017-11-17 09:55:00,103.34,103.36,103.34,103.36,200.0
2017-11-17 09:57:00,103.37,103.39,103.3,103.34,900.0
2017-11-17 09:59:00,103.425,103.435,103.41,103.41,734.0
2017-11-17 10:00:00,103.33,103.38,103.33,103.38,300.0
2017-11-17 10:02:00,103.2,103.3185,103.2,103.3185,950.0
2017-11-17 10:03:00,103.27,103.27,103.215,103.26,400.0
2017-11-17 10:04:00,103.26,103.26,103.26,103.26,100.0
2017-11-17 10:06:00,103.23,103.23,103.19,103.19,200.0
2017-11-17 10:07:00,103.16,103.19,103.095,103.19,1034.0
2017-11-17 10:09:00,103.3,103.42,103.1547,103.1547,2711.0
2017-11-17 10:11:00,103.37,103.37,103.37,103.37,100.0
2017-11-17 10:12:00,103.31,103.34,103.3,103.32,1000.0
2017-11-17 10:13:00,103.15,103.2468,103.15,103.21,600.0
2017-11-17 10:14:00,103.035,103.15,103.035,103.15,600.0
2017-11-17 10:15:00,102.94,103.0,102.94,103.0,400.0
2017-11-17 10:16:00,102.96,102.96,102.96,102.96,100.0
2017-11-17 10:17:00,102.95,102.95,102.905,102.94,700.0
2017-11-17 10:18:00,102.88,102.9,102.88,102.9,400.0
2017-11-17 10:19:00,102.88,102.88,102.88,102.88,100.0
2017-11-17 10:20:00,102.875,102.875,102.85,102.87,800.0
2017-11-17 10:21:00,102.811,102.811,102.811,102.811,2000.0
2017-11-17 10:22:00,102.84,102.84,102.84,102.84,197.0
2017-11-17 10:23:00,102.94,102.94,102.855,102.855,1593.0
2017-11-17 10:24:00,102.95,102.95,102.905,102.905,2215.0
2017-11-17 10:26:00,102.89,103.0,102.89,103.0,1105.0
2017-11-17 10:27:00,102.86,102.87,102.84,102.87,900.0
2017-11-17 10:28:00,102.86,102.86,102.86,102.86,200.0
2017-11-17 10:29:00,102.85,102.85,102.85,102.85,300.0
2017-11-17 10:31:00,102.87,102.87,102.87,102.87,100.0
2017-11-17 10:32:00,102.85,102.85,102.82,102.85,618.0
2017-11-17 10:33:00,102.72,102.8,102.7,102.8,2897.0
2017-11-17 10:34:00,102.7,102.73,102.7,102.725,2673.0
2017-11-17 10:35:00,102.72,102.76,102.72,102.76,325.0
2017-11-17 10:36:00,102.7,102.7,102.7,102.7,100.0
2017-11-17 10:38:00,102.6,102.7,102.6,102.7,1500.0
2017-11-17 10:39:00,102.59,102.655,102.59,102.655,1100.0
2017-11-17 10:40:00,102.61,102.63,102.59,102.6,1800.0
2017-11-17 10:41:00,102.59,102.63,102.59,102.63,1480.0
2017-11-17 10:42:00,102.54,102.61,102.54,102.59,1321.0
2017-11-17 10:43:00,102.5845,102.63,102.5845,102.585,1151.0
2017-11-17 10:44:00,102.51,102.61,102.51,102.54,500.0
2017-11-17 10:46:00,102.59,102.63,102.56,102.58,1200.0
2017-11-17 10:47:00,102.635,102.67,102.63,102.63,700.0
2017-11-17 10:49:00,102.7,102.7,102.7,102.7,100.0
2017-11-17 10:50:00,102.6454,102.67,102.63,102.67,1987.0
2017-11-17 10:51:00,102.68,102.7,102.65,102.65,1300.0
2017-11-17 10:52:00,102.72,102.72,102.68,102.68,802.0
2017-11-17 10:53:00,102.77,102.77,102.7605,102.7605,280.0
2017-11-17 10:54:00,102.75,102.78,102.75,102.78,691.0
2017-11-17 10:55:00,102.82,102.82,102.77,102.77,700.0
2017-11-17 10:57:00,102.84,102.84,102.84,102.84,100.0
2017-11-17 10:58:00,102.78,102.79,102.78,102.79,924.0
2017-11-17 10:59:00,102.805,102.81,102.755,102.77,996.0
2017-11-17 11:01:00,102.79,102.82,102.79,102.82,712.0
2017-11-17 11:03:00,102.8,102.8,102.8,102.8,200.0
2017-11-17 11:05:00,102.84,102.84,102.8,102.83,2479.0
2017-11-17 11:07:00,102.78,102.82,102.78,102.82,341.0
2017-11-17 11:09:00,102.78,102.78,102.78,102.78,200.0
2017-11-17 11:11:00,102.65,102.78,102.65,102.78,1600.0
2017-11-17 11:12:00,102.57,102.62,102.57,102.62,309.0
2017-11-17 11:13:00,102.61,102.61,102.565,102.565,200.0
2017-11-17 11:14:00,102.58,102.58,102.58,102.58,100.0
2017-11-17 11:15:00,102.588,102.5896,102.54,102.5896,1849.0
2017-11-17 11:16:00,102.58,102.58,102.56,102.56,360.0
2017-11-17 11:17:00,102.465,102.56,102.43,102.54,2992.0
2017-11-17 11:18:00,102.52,102.52,102.465,102.5,1000.0
2017-11-17 11:19:00,102.48,102.55,102.48,102.55,900.0
2017-11-17 11:20:00,102.5,102.5,102.49,102.49,200.0
2017-11-17 11:21:00,102.6,102.6,102.51,102.51,1400.0
2017-11-17 11:22:00,102.54,102.55,102.54,102.55,200.0
2017-11-17 11:23:00,102.6,102.6,102.6,102.6,200.0
2017-11-17 11:24:00,102.51,102.56,102.48,102.56,1900.0
2017-11-17 11:25:00,102.51,102.51,102.485,102.51,964.0
2017-11-17 11:26:00,102.54,102.54,102.54,102.54,100.0
2017-11-17 11:27:00,102.47,102.47,102.46,102.47,300.0
2017-11-17 11:28:00,102.5372,102.5372,102.535,102.535,200.0
2017-11-17 11:29:00,102.51,102.51,102.51,102.51,100.0
2017-11-17 11:33:00,102.545,102.545,102.545,102.545,100.0
2017-11-17 11:34:00,102.55,102.55,102.55,102.55,100.0
2017-11-17 11:35:00,102.55,102.58,102.55,102.58,300.0
2017-11-17 11:37:00,102.43,102.5589,102.3999,102.5589,5534.0
2017-11-17 11:39:00,102.41,102.4305,102.35,102.3956,8221.0
2017-11-17 11:41:00,102.41,102.42,102.38,102.3962,2459.0
2017-11-17 11:43:00,102.38,102.38,102.38,102.38,100.0
2017-11-17 11:44:00,102.42,102.42,102.385,102.385,3100.0
2017-11-17 11:45:00,102.425,102.425,102.425,102.425,100.0
2017-11-17 11:46:00,102.425,102.425,102.425,102.425,100.0
2017-11-17 11:47:00,102.33,102.45,102.33,102.43,4035.0
2017-11-17 11:50:00,102.22,102.31,102.2,102.31,2100.0
2017-11-17 11:53:00,102.27,102.27,102.27,102.27,100.0
2017-11-17 11:54:00,102.279,102.279,102.279,102.279,100.0
2017-11-17 11:55:00,102.25,102.255,102.25,102.255,200.0
2017-11-17 11:56:00,102.2162,102.23,102.19,102.23,800.0
2017-11-17 11:57:00,102.175,102.21,102.175,102.18,400.0
2017-11-17 11:58:00,102.14,102.15,102.14,102.15,300.0
2017-11-17 11:59:00,102.11,102.13,102.11,102.13,200.0
2017-11-17 12:00:00,102.19,102.19,102.14,102.17,1308.0
2017-11-17 12:01:00,102.1636,102.1636,102.1636,102.1636,100.0
2017-11-17 12:02:00,102.1,102.15,102.09,102.14,1863.0
2017-11-17 12:03:00,102.1,102.1,102.1,102.1,200.0
2017-11-17 12:04:00,102.12,102.12,102.12,102.12,340.0
2017-11-17 12:05:00,102.1715,102.18,102.14,102.14,1065.0
2017-11-17 12:06:00,102.15,102.2,102.15,102.2,800.0
2017-11-17 12:07:00,102.1607,102.18,102.1607,102.18,558.0
2017-11-17 12:08:00,102.14,102.18,102.14,102.16,600.0
2017-11-17 12:09:00,102.07,102.12,102.03,102.12,1810.0
2017-11-17 12:10:00,102.03,102.07,102.03,102.07,1300.0
2017-11-17 12:11:00,102.13,102.13,102.06,102.06,1304.0
2017-11-17 12:12:00,102.14,102.14,102.14,102.14,100.0
2017-11-17 12:15:00,102.1514,102.1514,102.1514,102.1514,100.0
2017-11-17 12:16:00,102.155,102.18,102.15,102.15,600.0
2017-11-17 12:17:00,102.21,102.21,102.165,102.19,622.0
2017-11-17 12:18:00,102.17,102.2,102.17,102.2,1564.0
2017-11-17 12:19:00,102.14,102.18,102.14,102.17,1500.0
2017-11-17 12:20:00,102.15,102.18,102.15,102.17,900.0
2017-11-17 12:21:00,102.16,102.16,102.16,102.16,200.0
2017-11-17 12:22:00,102.152,102.152,102.152,102.152,100.0
2017-11-17 12:23:00,102.11,102.15,102.1,102.14,1700.0
2017-11-17 12:24:00,102.13,102.14,102.03,102.105,2239.0
2017-11-17 12:26:00,102.16,102.16,102.13,102.13,222.0
2017-11-17 12:30:00,102.175,102.2,102.175,102.2,200.0
2017-11-17 12:31:00,102.16,102.19,102.12,102.16,1691.0
2017-11-17 12:32:00,102.11,102.14,102.11,102.14,400.0
2017-11-17 12:34:00,102.13,102.14,102.105,102.13,1700.0
2017-11-17 12:38:00,102.17,102.17,102.14,102.14,700.0
2017-11-17 12:39:00,102.26,102.2811,102.2,102.2,1980.0
2017-11-17 12:40:00,102.32,102.32,102.285,102.29,1000.0
2017-11-17 12:43:00,102.45,102.45,102.34,102.34,5800.0
2017-11-17 12:44:00,102.5,102.53,102.45,102.45,1400.0
2017-11-17 12:46:00,102.5233,102.5233,102.5,102.5,1080.0
2017-11-17 12:48:00,102.54,102.54,102.54,102.54,300.0
2017-11-17 12:51:00,102.62,102.62,102.58,102.58,500.0
2017-11-17 12:52:00,102.55,102.58,102.55,102.58,1342.0
2017-11-17 12:53:00,102.51,102.57,102.51,102.57,1500.0
2017-11-17 12:54:00,102.55,102.55,102.49,102.5,1276.0
2017-11-17 12:56:00,102.57,102.57,102.54,102.54,600.0
2017-11-17 12:57:00,102.55,102.55,102.55,102.55,100.0
2017-11-17 12:58:00,102.62,102.62,102.62,102.62,100.0
2017-11-17 13:00:00,102.66,102.66,102.66,102.66,100.0
2017-11-17 13:01:00,102.67,102.67,102.67,102.67,200.0
2017-11-17 13:02:00,102.69,102.7,102.69,102.7,313.0
2017-11-17 13:06:00,102.7634,102.7634,102.75,102.75,300.0
2017-11-17 13:07:00,102.77,102.77,102.75,102.75,600.0
2017-11-17 13:09:00,102.77,102.79,102.75,102.79,501.0
2017-11-17 13:10:00,102.63,102.74,102.61,102.73,2484.0
2017-11-17 13:11:00,102.69,102.69,102.65,102.65,400.0
2017-11-17 13:12:00,102.73,102.73,102.72,102.72,207.0
2017-11-17 13:13:00,102.76,102.76,102.725,102.76,400.0
2017-11-17 13:15:00,102.75,102.81,102.75,102.81,300.0
2017-11-17 13:16:00,102.7,102.74,102.7,102.74,600.0
2017-11-17 13:17:00,102.75,102.75,102.73,102.73,300.0
2017-11-17 13:19:00,102.73,102.73,102.71,102.71,295.0
2017-11-17 13:20:00,102.7,102.7,102.7,102.7,100.0
2017-11-17 13:21:00,102.74,102.74,102.74,102.74,100.0
2017-11-17 13:24:00,102.73,102.73,102.72,102.72,300.0
2017-11-17 13:26:00,102.625,102.69,102.61,102.69,2200.0
2017-11-17 13:29:00,102.62,102.62,102.62,102.62,100.0
2017-11-17 13:30:00,102.61,102.61,102.58,102.58,600.0
2017-11-17 13:31:00,102.7,102.75,102.615,102.64,900.0
2017-11-17 13:33:00,102.79,102.79,102.75,102.75,300.0
2017-11-17 13:34:00,102.7975,102.7975,102.7975,102.7975,100.0
2017-11-17 13:35:00,102.82,102.82,102.82,102.82,200.0
2017-11-17 13:36:00,102.84,102.845,102.84,102.845,200.0
2017-11-17 13:37:00,102.82,102.84,102.82,102.82,300.0
2017-11-17 13:39:00,102.82,102.82,102.82,102.82,100.0
2017-11-17 13:41:00,102.805,102.83,102.805,102.82,600.0
2017-11-17 13:42:00,102.81,102.83,102.805,102.83,400.0
2017-11-17 13:43:00,102.69,102.79,102.69,102.79,2179.0
2017-11-17 13:44:00,102.6463,102.6463,102.6463,102.6463,265.0
2017-11-17 13:45:00,102.55,102.6375,102.55,102.631,1810.0
2017-11-17 13:46:00,102.58,102.59,102.54,102.5569,1100.0
2017-11-17 13:47:00,102.62,102.62,102.58,102.59,700.0
2017-11-17 13:48:00,102.63,102.63,102.63,102.63,234.0
2017-11-17 13:49:00,102.6,102.6345,102.6,102.6345,1502.0
2017-11-17 13:50:00,102.6345,102.6345,102.6345,102.6345,362.0
2017-11-17 13:51:00,102.63,102.65,102.6165,102.6165,484.0
2017-11-17 13:52:00,102.67,102.67,102.62,102.62,300.0
2017-11-17 13:54:00,102.665,102.665,102.665,102.665,100.0
2017-11-17 13:55:00,102.72,102.75,102.71,102.71,400.0
2017-11-17 13:56:00,102.69,102.69,102.69,102.69,500.0
2017-11-17 13:58:00,102.685,102.685,102.685,102.685,100.0
2017-11-17 13:59:00,102.64,102.7,102.63,102.68,2013.0
2017-11-17 14:00:00,102.63,102.65,102.61,102.62,1300.0
2017-11-17 14:01:00,102.69,102.71,102.69,102.71,800.0
2017-11-17 14:02:00,102.72,102.72,102.69,102.69,200.0
2017-11-17 14:05:00,102.77,102.77,102.75,102.75,300.0
2017-11-17 14:06:00,102.81,102.81,102.75,102.75,1200.0
2017-11-17 14:07:00,102.81,102.81,102.81,102.81,100.0
2017-11-17 14:08:00,102.8148,102.8148,102.8148,102.8148,100.0
2017-11-17 14:09:00,102.84,102.85,102.8031,102.81,1300.0
2017-11-17 14:10:00,102.835,102.835,102.835,102.835,100.0
2017-11-17 14:12:00,102.89,102.89,102.835,102.835,1197.0
2017-11-17 14:15:00,102.845,102.87,102.83,102.84,1500.0
2017-11-17 14:16:00,102.81,102.845,102.79,102.845,1200.0
2017-11-17 14:17:00,102.8075,102.81,102.795,102.795,808.0
2017-11-17 14:18:00,102.8,102.81,102.79,102.81,400.0
2017-11-17 14:19:00,102.82,102.82,102.78,102.78,700.0
2017-11-17 14:21:00,102.77,102.79,102.76,102.79,600.0
2017-11-17 14:22:00,102.76,102.76,102.75,102.75,400.0
2017-11-17 14:24:00,102.86,102.86,102.77,102.79,1100.0
2017-11-17 14:25:00,102.86,102.86,102.8585,102.8585,600.0
2017-11-17 14:26:00,102.9,102.9,102.83,102.86,400.0
2017-11-17 14:27:00,102.89,102.89,102.89,102.89,100.0
2017-11-17 14:28:00,102.89,102.89,102.89,102.89,100.0
2017-11-17 14:29:00,102.865,102.865,102.865,102.865,100.0
2017-11-17 14:30:00,102.89,102.89,102.89,102.89,100.0
2017-11-17 14:31:00,102.8582,102.8582,102.8582,102.8582,110.0
2017-11-17 14:33:00,102.83,102.86,102.83,102.86,1400.0
2017-11-17 14:34:00,102.78,102.82,102.78,102.82,600.0
2017-11-17 14:35:00,102.77,102.79,102.77,102.77,800.0
2017-11-17 14:36:00,102.74,102.78,102.74,102.78,606.0
2017-11-17 14:38:00,102.77,102.77,102.725,102.725,1234.0
2017-11-17 14:41:00,102.78,102.83,102.77,102.77,500.0
2017-11-17 14:42:00,102.86,102.86,102.81,102.82,1200.0
2017-11-17 14:43:00,102.865,102.89,102.865,102.89,200.0
2017-11-17 14:44:00,102.9,102.9,102.89,102.89,400.0
2017-11-17 14:45:00,102.86,102.9,102.86,102.87,600.0
2017-11-17 14:46:00,102.85,102.85,102.8373,102.8373,200.0
2017-11-17 14:47:00,102.85,102.86,102.83,102.83,1000.0
2017-11-17 14:48:00,102.87,102.88,102.87,102.88,300.0
2017-11-17 14:50:00,102.92,102.92,102.92,102.92,268.0
2017-11-17 14:51:00,102.86,102.91,102.86,102.91,1250.0
2017-11-17 14:52:00,102.865,102.865,102.865,102.865,100.0
2017-11-17 14:55:00,102.89,102.9,102.88,102.89,400.0
2017-11-17 14:56:00,102.84,102.87,102.84,102.87,1400.0
2017-11-17 14:58:00,102.8435,102.87,102.8435,102.87,211.0
2017-11-17 14:59:00,102.93,102.93,102.88,102.88,1100.0
2017-11-17 15:00:00,102.91,102.93,102.89,102.93,1977.0
2017-11-17 15:01:00,102.99,102.99,102.96,102.96,950.0
2017-11-17 15:02:00,102.94,102.97,102.94,102.97,700.0
2017-11-17 15:05:00,102.89,102.945,102.88,102.945,1500.0
2017-11-17 15:06:00,102.86,102.9,102.86,102.86,1000.0
2017-11-17 15:07:00,102.93,102.93,102.91,102.93,902.0
2017-11-17 15:10:00,102.9399,102.9399,102.9399,102.9399,198.0
2017-11-17 15:11:00,102.91,102.91,102.91,102.91,100.0
2017-11-17 15:12:00,102.89,102.9,102.87,102.9,1000.0
2017-11-17 15:13:00,102.885,102.91,102.885,102.91,500.0
2017-11-17 15:15:00,102.92,102.93,102.915,102.92,1300.0
2017-11-17 15:16:00,102.86,102.91,102.86,102.91,2400.0
2017-11-17 15:17:00,102.8794,102.88,102.855,102.86,708.0
2017-11-17 15:18:00,102.83,102.85,102.83,102.85,400.0
2017-11-17 15:21:00,102.83,102.83,102.81,102.83,914.0
2017-11-17 15:23:00,102.79,102.86,102.79,102.86,800.0
2017-11-17 15:24:00,102.83,102.83,102.81,102.82,1200.0
2017-11-17 15:25:00,102.84,102.84,102.83,102.83,400.0
2017-11-17 15:26:00,102.82,102.83,102.82,102.83,936.0
2017-11-17 15:27:00,102.805,102.81,102.8,102.81,1485.0
2017-11-17 15:29:00,102.81,102.81,102.81,102.81,610.0
2017-11-17 15:30:00,102.785,102.8,102.78,102.8,2073.0
2017-11-17 15:31:00,102.79,102.81,102.79,102.8,2719.0
2017-11-17 15:32:00,102.79,102.79,102.79,102.79,600.0
2017-11-17 15:33:00,102.8,102.81,102.785,102.79,1500.0
2017-11-17 15:34:00,102.78,102.8,102.77,102.8,1516.0
2017-11-17 15:35:00,102.76,102.77,102.76,102.77,600.0
2017-11-17 15:36:00,102.76,102.77,102.755,102.755,1054.0
2017-11-17 15:37:00,102.77,102.78,102.76,102.77,1500.0
2017-11-17 15:38:00,102.74,102.7592,102.74,102.75,1652.0
2017-11-17 15:39:00,102.73,102.735,102.73,102.73,1221.0
2017-11-17 15:40:00,102.78,102.78,102.735,102.735,1400.0
2017-11-17 15:41:00,102.775,102.78,102.76,102.7796,1644.0
2017-11-17 15:42:00,102.795,102.795,102.79,102.79,300.0
2017-11-17 15:43:00,102.78,102.81,102.78,102.81,708.0
2017-11-17 15:44:00,102.78,102.8,102.78,102.795,940.0
2017-11-17 15:45:00,102.75,102.79,102.75,102.79,4559.0
2017-11-17 15:46:00,102.71,102.76,102.7,102.75,3090.0
2017-11-17 15:47:00,102.75,102.76,102.7,102.71,2531.0
2017-11-17 15:48:00,102.725,102.76,102.72,102.75,2180.0
2017-11-17 15:49:00,102.75,102.75,102.69,102.72,4257.0
2017-11-17 15:50:00,102.75,102.77,102.72,102.75,2063.0
2017-11-17 15:51:00,102.75,102.7675,102.74,102.7675,1600.0
2017-11-17 15:52:00,102.71,102.75,102.71,102.75,1634.0
2017-11-17 15:53:00,102.69,102.72,102.67,102.7,2035.0
2017-11-17 15:54:00,102.66,102.69,102.66,102.69,1200.0
2017-11-17 15:55:00,102.64,102.66,102.63,102.66,2500.0
2017-11-17 15:56:00,102.68,102.69,102.63,102.635,4036.0
2017-11-17 15:57:00,102.63,102.67,102.63,102.67,4320.0
2017-11-17 15:58:00,102.65,102.65,102.58,102.62,5288.0
2017-11-17 15:59:00,102.64,102.69,102.62,102.65,8496.0
2017-11-17 16:00:00,102.64,102.69,102.62,102.64,8021.0
2017-11-20 09:31:00,102.93,102.93,102.93,102.93,1848.0
2017-11-20 09:33:00,102.93,102.93,102.84,102.84,700.0
2017-11-20 09:34:00,102.88,102.88,102.88,102.88,100.0
2017-11-20 09:35:00,102.88,102.88,102.88,102.88,200.0
2017-11-20 09:37:00,102.79,102.79,102.79,102.79,100.0
2017-11-20 09:40:00,102.79,102.83,102.78,102.78,600.0
2017-11-20 09:44:00,102.7,102.75,102.7,102.75,500.0
2017-11-20 09:46:00,102.8,102.95,102.8,102.93,1780.0
2017-11-20 09:47:00,102.68,102.86,102.68,102.83,4767.0
2017-11-20 09:48:00,102.6387,102.69,102.63,102.69,1067.0
2017-11-20 09:49:00,102.57,102.58,102.57,102.58,400.0
2017-11-20 09:51:00,102.645,102.67,102.63,102.6396,2100.0
2017-11-20 09:52:00,102.58,102.58,102.58,102.58,100.0
2017-11-20 09:53:00,102.5,102.52,102.42,102.52,700.0
2017-11-20 09:55:00,102.4,102.47,102.295,102.47,983.0
2017-11-20 09:56:00,102.305,102.335,102.29,102.335,900.0
2017-11-20 09:57:00,102.31,102.31,102.31,102.31,100.0
2017-11-20 09:58:00,102.27,102.37,102.23,102.34,3400.0
2017-11-20 09:59:00,102.26,102.3,102.2,102.27,7576.0
2017-11-20 10:00:00,102.39,102.39,102.255,102.29,2378.0
2017-11-20 10:01:00,102.625,102.625,102.385,102.385,1118.0
2017-11-20 10:02:00,102.55,102.57,102.5,102.57,1700.0
2017-11-20 10:03:00,102.515,102.53,102.5,102.53,500.0
2017-11-20 10:04:00,102.46,102.5,102.46,102.5,2300.0
2017-11-20 10:05:00,102.455,102.47,102.43,102.47,500.0
2017-11-20 10:06:00,102.455,102.49,102.39,102.43,4300.0
2017-11-20 10:07:00,102.415,102.42,102.41,102.42,1000.0
2017-11-20 10:08:00,102.34,102.39,102.34,102.39,1500.0
2017-11-20 10:09:00,102.49,102.51,102.3,102.3609,4262.0
2017-11-20 10:10:00,102.46,102.5486,102.45,102.465,5613.0
2017-11-20 10:11:00,102.5,102.53,102.4275,102.44,3389.0
2017-11-20 10:12:00,102.56,102.56,102.49,102.52,1400.0
2017-11-20 10:14:00,102.615,102.615,102.615,102.615,100.0
2017-11-20 10:15:00,102.42,102.57,102.42,102.56,4200.0
2017-11-20 10:16:00,102.43,102.43,102.38,102.38,200.0
2017-11-20 10:17:00,102.28,102.38,102.28,102.38,1500.0
2017-11-20 10:20:00,102.24,102.27,102.19,102.27,1700.0
2017-11-20 10:21:00,102.21,102.225,102.18,102.18,300.0
2017-11-20 10:22:00,102.31,102.33,102.28,102.28,2100.0
2017-11-20 10:23:00,102.36,102.4,102.36,102.39,500.0
2017-11-20 10:24:00,102.435,102.435,102.33,102.39,2110.0
2017-11-20 10:25:00,102.41,102.41,102.41,102.41,100.0
2017-11-20 10:26:00,102.44,102.45,102.44,102.45,200.0
2017-11-20 10:27:00,102.435,102.435,102.435,102.435,100.0
2017-11-20 10:28:00,102.41,102.46,102.37,102.41,3650.0
2017-11-20 10:29:00,102.445,102.5,102.43,102.43,2000.0
2017-11-20 10:30:00,102.5,102.5,102.44,102.44,800.0
2017-11-20 10:31:00,102.485,102.485,102.45,102.45,200.0
2017-11-20 10:32:00,102.49,102.49,102.45,102.45,200.0
2017-11-20 10:33:00,102.45,102.47,102.44,102.44,900.0
2017-11-20 10:34:00,102.485,102.51,102.485,102.51,500.0
2017-11-20 10:36:00,102.4,102.5,102.4,102.49,1704.0
2017-11-20 10:37:00,102.62,102.65,102.47,102.47,5115.0
2017-11-20 10:39:00,102.69,102.69,102.69,102.69,100.0
2017-11-20 10:40:00,102.79,102.79,102.69,102.69,500.0
2017-11-20 10:42:00,102.64,102.8,102.64,102.8,1850.0
2017-11-20 10:43:00,102.67,102.68,102.67,102.67,700.0
2017-11-20 10:44:00,102.7106,102.74,102.7106,102.715,1100.0
2017-11-20 10:45:00,102.735,102.735,102.735,102.735,100.0
2017-11-20 10:46:00,102.64,102.77,102.64,102.77,1500.0
2017-11-20 10:47:00,102.65,102.65,102.65,102.65,200.0
2017-11-20 10:48:00,102.68,102.68,102.68,102.68,800.0
2017-11-20 10:51:00,102.705,102.74,102.705,102.74,860.0
2017-11-20 10:52:00,102.75,102.82,102.71,102.715,3100.0
2017-11-20 10:53:00,102.7466,102.7466,102.74,102.74,332.0
2017-11-20 10:55:00,102.76,102.76,102.76,102.76,100.0
2017-11-20 10:58:00,102.74,102.75,102.73,102.75,1200.0
2017-11-20 10:59:00,102.75,102.76,102.72,102.76,700.0
2017-11-20 11:00:00,102.755,102.77,102.75,102.75,300.0
2017-11-20 11:02:00,102.74,102.74,102.74,102.74,200.0
2017-11-20 11:03:00,102.81,102.81,102.76,102.76,1100.0
2017-11-20 11:04:00,102.77,102.77,102.77,102.77,200.0
2017-11-20 11:05:00,102.85,102.85,102.85,102.85,400.0
2017-11-20 11:07:00,102.875,102.89,102.8441,102.8441,2200.0
2017-11-20 11:08:00,102.86,102.875,102.83,102.875,1412.0
2017-11-20 11:09:00,102.97,102.97,102.88,102.89,1300.0
2017-11-20 11:10:00,102.96,102.96,102.94,102.94,438.0
2017-11-20 11:11:00,103.03,103.03,102.98,102.99,813.0
2017-11-20 11:12:00,103.04,103.04,103.04,103.04,200.0
2017-11-20 11:13:00,103.09,103.09,103.065,103.0675,300.0
2017-11-20 11:14:00,103.0,103.07,103.0,103.07,1556.0
2017-11-20 11:15:00,102.945,103.03,102.945,102.98,2400.0
2017-11-20 11:16:00,102.96,103.02,102.96,103.0,500.0
2017-11-20 11:17:00,102.97,102.97,102.97,102.97,100.0
2017-11-20 11:18:00,102.79,102.98200000000001,102.79,102.98200000000001,1452.0
2017-11-20 11:19:00,102.84,102.89,102.83,102.83,1508.0
2017-11-20 11:20:00,102.89,102.92,102.83,102.83,650.0
2017-11-20 11:21:00,102.91,102.93,102.91,102.92,700.0
2017-11-20 11:22:00,102.96,102.96,102.95,102.95,200.0
2017-11-20 11:24:00,102.735,102.93,102.66,102.93,1521.0
2017-11-20 11:25:00,102.7516,102.82,102.7,102.79,803.0
2017-11-20 11:26:00,102.76,102.76,102.76,102.76,100.0
2017-11-20 11:28:00,102.78,102.78,102.78,102.78,200.0
2017-11-20 11:29:00,102.76,102.76,102.76,102.76,100.0
2017-11-20 11:30:00,102.71,102.76,102.71,102.76,1910.0
2017-11-20 11:31:00,102.71,102.74,102.71,102.74,400.0
2017-11-20 11:32:00,102.71,102.78,102.71,102.74,2900.0
2017-11-20 11:33:00,102.67,102.67,102.67,102.67,100.0
2017-11-20 11:34:00,102.7072,102.7072,102.705,102.705,200.0
2017-11-20 11:35:00,102.71,102.7315,102.69,102.7315,1141.0
2017-11-20 11:36:00,102.705,102.705,102.705,102.705,100.0
2017-11-20 11:37:00,102.73,102.75,102.73,102.73,600.0
2017-11-20 11:38:00,102.72,102.75,102.72,102.74,828.0
2017-11-20 11:39:00,102.72,102.76,102.72,102.76,650.0
2017-11-20 11:40:00,102.73,102.74,102.73,102.74,300.0
2017-11-20 11:41:00,102.77,102.77,102.73,102.73,700.0
2017-11-20 11:42:00,102.82,102.82,102.79,102.79,600.0
2017-11-20 11:44:00,102.79,102.8,102.79,102.8,733.0
2017-11-20 11:45:00,102.81,102.84,102.79,102.79,700.0
2017-11-20 11:46:00,102.77,102.8,102.77,102.8,1300.0
2017-11-20 11:47:00,102.77,102.77,102.77,102.77,100.0
2017-11-20 11:48:00,102.785,102.785,102.785,102.785,100.0
2017-11-20 11:49:00,102.72,102.77,102.72,102.77,800.0
2017-11-20 11:50:00,102.67,102.71,102.62,102.71,1021.0
2017-11-20 11:53:00,102.61,102.6506,102.605,102.65,731.0
2017-11-20 11:54:00,102.61,102.61,102.61,102.61,100.0
2017-11-20 11:55:00,102.63,102.63,102.63,102.63,100.0
2017-11-20 11:57:00,102.66,102.66,102.6,102.6,1050.0
2017-11-20 11:58:00,102.65,102.65,102.65,102.65,100.0
2017-11-20 11:59:00,102.69,102.695,102.665,102.67,2159.0
2017-11-20 12:00:00,102.73,102.73,102.695,102.695,590.0
2017-11-20 12:01:00,102.76,102.78,102.75,102.75,600.0
2017-11-20 12:02:00,102.77,102.77,102.77,102.77,100.0
2017-11-20 12:03:00,102.77,102.77,102.77,102.77,100.0
2017-11-20 12:04:00,102.74,102.77,102.74,102.77,1300.0
2017-11-20 12:05:00,102.725,102.725,102.725,102.725,100.0
2017-11-20 12:06:00,102.68,102.73,102.68,102.73,700.0
2017-11-20 12:07:00,102.73,102.73,102.71,102.71,600.0
2017-11-20 12:08:00,102.78,102.78,102.73,102.73,900.0
2017-11-20 12:09:00,102.785,102.785,102.785,102.785,100.0
2017-11-20 12:10:00,102.81,102.81,102.76,102.77,900.0
2017-11-20 12:11:00,102.805,102.8299,102.805,102.8299,1100.0
2017-11-20 12:13:00,102.8,102.82,102.8,102.82,800.0
2017-11-20 12:14:00,102.8,102.8,102.8,102.8,100.0
2017-11-20 12:15:00,102.785,102.81,102.785,102.8,1400.0
2017-11-20 12:16:00,102.77,102.79,102.77,102.79,400.0
2017-11-20 12:17:00,102.74,102.76,102.74,102.76,200.0
2017-11-20 12:18:00,102.755,102.755,102.755,102.755,100.0
2017-11-20 12:19:00,102.78,102.78,102.78,102.78,500.0
2017-11-20 12:20:00,102.75,102.77,102.73,102.76,800.0
2017-11-20 12:21:00,102.76,102.76,102.75,102.75,300.0
2017-11-20 12:22:00,102.72,102.755,102.72,102.75,800.0
2017-11-20 12:23:00,102.71,102.71,102.71,102.71,700.0
2017-11-20 12:24:00,102.68,102.705,102.68,102.705,300.0
2017-11-20 12:26:00,102.68,102.68,102.68,102.68,100.0
2017-11-20 12:27:00,102.79,102.79,102.72,102.73,3400.0
2017-11-20 12:28:00,102.75,102.77,102.713,102.77,4360.0
2017-11-20 12:29:00,102.94,102.94,102.77,102.77,3276.0
2017-11-20 12:30:00,103.03,103.03,102.89,102.94,4310.0
2017-11-20 12:31:00,103.15,103.16,103.04,103.05,2726.0
2017-11-20 12:32:00,103.16,103.16,103.07,103.15,2614.0
2017-11-20 12:33:00,103.21,103.21,103.135,103.16,3200.0
2017-11-20 12:34:00,103.22,103.22,103.19,103.21,1000.0
2017-11-20 12:35:00,103.24,103.24,103.22,103.22,1100.0
2017-11-20 12:36:00,103.13,103.26,103.13,103.25,2621.0
2017-11-20 12:37:00,103.105,103.13,103.09,103.11,1821.0
2017-11-20 12:38:00,103.13,103.13,103.12,103.12,300.0
2017-11-20 12:39:00,103.15,103.15,103.09,103.135,3087.0
2017-11-20 12:40:00,103.13,103.13,103.13,103.13,100.0
2017-11-20 12:41:00,103.23,103.26,103.16,103.16,1000.0
2017-11-20 12:42:00,103.32,103.32,103.2,103.21,1900.0
2017-11-20 12:43:00,103.3,103.34,103.28,103.34,3709.0
2017-11-20 12:44:00,103.325,103.33,103.29,103.29,1016.0
2017-11-20 12:45:00,103.34,103.34,103.29,103.31,1700.0
2017-11-20 12:46:00,103.3065,103.3065,103.3,103.3,200.0
2017-11-20 12:47:00,103.28,103.28,103.28,103.28,500.0
2017-11-20 12:49:00,103.16,103.27,103.16,103.26,1600.0
2017-11-20 12:50:00,103.12,103.12,103.12,103.12,100.0
2017-11-20 12:52:00,103.165,103.19,103.1333,103.1333,1116.0
2017-11-20 12:53:00,103.21,103.21,103.21,103.21,100.0
2017-11-20 12:56:00,103.21,103.21,103.21,103.21,100.0
2017-11-20 12:57:00,103.16,103.17,103.16,103.16,1100.0
2017-11-20 12:59:00,103.18,103.18,103.18,103.18,100.0
2017-11-20 13:01:00,103.16,103.16,103.13,103.16,1000.0
2017-11-20 13:02:00,103.09,103.09,103.09,103.09,100.0
2017-11-20 13:05:00,103.11,103.11,103.11,103.11,100.0
2017-11-20 13:06:00,103.06,103.11,103.06,103.11,1100.0
2017-11-20 13:08:00,103.0075,103.03,103.0075,103.03,1100.0
2017-11-20 13:10:00,102.98,102.98,102.98,102.98,200.0
2017-11-20 13:11:00,102.975,103.02,102.971,102.971,1549.0
2017-11-20 13:12:00,103.04,103.04,103.02,103.04,500.0
2017-11-20 13:13:00,103.02,103.08,103.02,103.08,400.0
2017-11-20 13:14:00,103.0,103.0,103.0,103.0,100.0
2017-11-20 13:16:00,103.06,103.06,103.06,103.06,200.0
2017-11-20 13:17:00,103.06,103.08,103.06,103.06,402.0
2017-11-20 13:19:00,103.11,103.11,103.11,103.11,100.0
2017-11-20 13:20:00,103.16,103.16,103.1,103.1,1250.0
2017-11-20 13:21:00,103.14,103.15,103.1,103.14,1100.0
2017-11-20 13:22:00,103.13,103.14,103.13,103.14,600.0
2017-11-20 13:25:00,103.14,103.14,103.0905,103.0905,800.0
2017-11-20 13:28:00,103.14,103.14,103.11,103.13,776.0
2017-11-20 13:29:00,103.15,103.15,103.09,103.1,1411.0
2017-11-20 13:30:00,103.19,103.19,103.17,103.17,800.0
2017-11-20 13:31:00,103.15,103.17,103.15,103.17,700.0
2017-11-20 13:32:00,103.0,103.2,103.0,103.2,1113.0
2017-11-20 13:33:00,103.06,103.06,102.96,103.005,1389.0
2017-11-20 13:37:00,103.075,103.11,103.04,103.06,3035.0
2017-11-20 13:38:00,103.19,103.19,103.125,103.125,2200.0
2017-11-20 13:39:00,103.17,103.17,103.16,103.17,700.0
2017-11-20 13:41:00,103.16,103.185,103.16,103.185,200.0
2017-11-20 13:42:00,103.21,103.21,103.21,103.21,100.0
2017-11-20 13:43:00,103.16,103.18,103.16,103.18,1499.0
2017-11-20 13:44:00,103.2,103.235,103.19,103.19,3254.0
2017-11-20 13:45:00,103.22,103.22,103.22,103.22,400.0
2017-11-20 13:46:00,103.225,103.26,103.21,103.21,3704.0
2017-11-20 13:47:00,103.265,103.29,103.215,103.225,4332.0
2017-11-20 13:48:00,103.29,103.29,103.29,103.29,1000.0
2017-11-20 13:49:00,103.24,103.27,103.19,103.27,5300.0
2017-11-20 13:51:00,103.29,103.29,103.28,103.28,1500.0
2017-11-20 13:52:00,103.23,103.3,103.23,103.3,1300.0
2017-11-20 13:53:00,103.27,103.29,103.23,103.25,2700.0
2017-11-20 13:54:00,103.27,103.29,103.26,103.275,2514.0
2017-11-20 13:55:00,103.265,103.265,103.24,103.26,2500.0
2017-11-20 13:56:00,103.24,103.27,103.225,103.25,1727.0
2017-11-20 13:57:00,103.23,103.27,103.23,103.24,2800.0
2017-11-20 13:58:00,103.25,103.27,103.24,103.26,3222.0
2017-11-20 13:59:00,103.31,103.34,103.26,103.26,2515.0
2017-11-20 14:00:00,103.37,103.37,103.34,103.34,4764.0
2017-11-20 14:01:00,103.345,103.37,103.34,103.35,4500.0
2017-11-20 14:02:00,103.39,103.39,103.36,103.36,300.0
2017-11-20 14:03:00,103.4225,103.44,103.38,103.38,2200.0
2017-11-20 14:04:00,103.45,103.48,103.44,103.44,2799.0
2017-11-20 14:05:00,103.42,103.42,103.42,103.42,400.0
2017-11-20 14:06:00,103.42,103.42,103.38,103.41,1500.0
2017-11-20 14:07:00,103.39,103.42,103.39,103.42,900.0
2017-11-20 14:08:00,103.44,103.45,103.41,103.41,1154.0
2017-11-20 14:09:00,103.43,103.43,103.43,103.43,100.0
2017-11-20 14:10:00,103.435,103.435,103.435,103.435,100.0
2017-11-20 14:11:00,103.44,103.44,103.44,103.44,500.0
2017-11-20 14:12:00,103.46,103.46,103.44,103.44,500.0
2017-11-20 14:13:00,103.49,103.49,103.44,103.45,2000.0
2017-11-20 14:14:00,103.49,103.49,103.43,103.45,1779.0
2017-11-20 14:17:00,103.51,103.52,103.4856,103.4856,926.0
2017-11-20 14:18:00,103.5,103.51,103.47,103.5,3400.0
2017-11-20 14:19:00,103.53,103.53,103.5,103.5,600.0
2017-11-20 14:20:00,103.57,103.57,103.55,103.55,400.0
2017-11-20 14:21:00,103.57,103.57,103.57,103.57,1100.0
2017-11-20 14:22:00,103.54,103.57,103.53,103.57,2298.0
2017-11-20 14:23:00,103.55,103.55,103.55,103.55,500.0
2017-11-20 14:24:00,103.58,103.58,103.57,103.57,1600.0
2017-11-20 14:25:00,103.58,103.62,103.55,103.6,2600.0
2017-11-20 14:26:00,103.53,103.54,103.53,103.54,327.0
2017-11-20 14:27:00,103.52,103.52,103.5,103.52,1300.0
2017-11-20 14:28:00,103.52,103.52,103.5,103.52,500.0
2017-11-20 14:30:00,103.49,103.5,103.49,103.5,200.0
2017-11-20 14:31:00,103.49,103.51,103.48,103.49,1792.0
2017-11-20 14:33:00,103.46,103.5,103.46,103.49,1200.0
2017-11-20 14:35:00,103.43,103.45,103.41,103.45,1200.0
2017-11-20 14:36:00,103.49,103.49,103.42,103.43,1900.0
2017-11-20 14:37:00,103.45,103.49,103.45,103.48,1000.0
2017-11-20 14:39:00,103.4629,103.4629,103.4629,103.4629,500.0
2017-11-20 14:40:00,103.46,103.46,103.46,103.46,600.0
2017-11-20 14:42:00,103.46,103.47,103.45,103.45,1816.0
2017-11-20 14:43:00,103.52,103.52,103.46,103.46,2000.0
2017-11-20 14:44:00,103.49,103.5,103.49,103.5,800.0
2017-11-20 14:47:00,103.53,103.54,103.49,103.49,1506.0
2017-11-20 14:48:00,103.54,103.56,103.5,103.56,1100.0
2017-11-20 14:49:00,103.5,103.52,103.5,103.52,476.0
2017-11-20 14:50:00,103.54,103.54,103.52,103.52,400.0
2017-11-20 14:51:00,103.5297,103.55,103.52,103.52,1626.0
2017-11-20 14:52:00,103.55,103.55,103.55,103.55,400.0
2017-11-20 14:53:00,103.57,103.59,103.56,103.56,1490.0
2017-11-20 14:54:00,103.68,103.7,103.59,103.59,6103.0
2017-11-20 14:55:00,103.68,103.68,103.68,103.68,500.0
2017-11-20 14:56:00,103.7,103.71,103.66,103.685,2007.0
2017-11-20 14:57:00,103.685,103.7,103.68,103.68,700.0
2017-11-20 14:58:00,103.68,103.7,103.65,103.7,1900.0
2017-11-20 14:59:00,103.68,103.68,103.68,103.68,100.0
2017-11-20 15:00:00,103.67,103.7,103.67,103.7,1035.0
2017-11-20 15:01:00,103.665,103.675,103.66,103.675,500.0
2017-11-20 15:02:00,103.67,103.68,103.65,103.68,1897.0
2017-11-20 15:03:00,103.62,103.69,103.62,103.665,2395.0
2017-11-20 15:04:00,103.65,103.67,103.63,103.63,1352.0
2017-11-20 15:05:00,103.6425,103.68,103.63,103.655,2000.0
2017-11-20 15:06:00,103.64,103.64,103.635,103.635,200.0
2017-11-20 15:07:00,103.64,103.64,103.635,103.635,400.0
2017-11-20 15:08:00,103.64,103.68,103.63,103.65,3313.0
2017-11-20 15:09:00,103.66,103.66,103.65,103.65,1150.0
2017-11-20 15:10:00,103.645,103.67,103.645,103.67,200.0
2017-11-20 15:11:00,103.65,103.65,103.645,103.645,800.0
2017-11-20 15:12:00,103.64,103.64,103.64,103.64,100.0
2017-11-20 15:13:00,103.5425,103.63,103.5425,103.62,4610.0
2017-11-20 15:14:00,103.58,103.59,103.56,103.56,2843.0
2017-11-20 15:15:00,103.59,103.59,103.585,103.585,300.0
2017-11-20 15:16:00,103.6,103.6,103.59,103.6,964.0
2017-11-20 15:17:00,103.595,103.6,103.59,103.59,500.0
2017-11-20 15:18:00,103.69,103.74,103.59,103.61,11187.0
2017-11-20 15:19:00,103.72,103.75,103.66,103.6601,4559.0
2017-11-20 15:20:00,103.69,103.72,103.69,103.71,600.0
2017-11-20 15:21:00,103.68,103.6801,103.68,103.6801,300.0
2017-11-20 15:22:00,103.67,103.68,103.67,103.6775,1300.0
2017-11-20 15:23:00,103.685,103.685,103.685,103.685,100.0
2017-11-20 15:24:00,103.69,103.69,103.67,103.67,1000.0
2017-11-20 15:25:00,103.68,103.69,103.67,103.68,1100.0
2017-11-20 15:26:00,103.74,103.74,103.69,103.69,2109.0
2017-11-20 15:27:00,103.725,103.725,103.725,103.725,100.0
2017-11-20 15:28:00,103.82,103.82,103.73,103.73,881.0
2017-11-20 15:29:00,103.78,103.79,103.78,103.79,2240.0
2017-11-20 15:30:00,103.78,103.79,103.78,103.79,800.0
2017-11-20 15:31:00,103.78,103.8,103.78,103.79,2000.0
2017-11-20 15:32:00,103.745,103.78,103.74,103.78,1396.0
2017-11-20 15:33:00,103.66,103.745,103.66,103.745,3109.0
2017-11-20 15:34:00,103.71,103.71,103.6635,103.6635,4160.0
2017-11-20 15:35:00,103.71,103.71,103.7,103.7,1622.0
2017-11-20 15:36:00,103.72,103.74,103.71,103.71,2710.0
2017-11-20 15:37:00,103.705,103.71,103.67,103.71,2600.0
2017-11-20 15:38:00,103.71,103.73,103.7,103.7,1600.0
2017-11-20 15:39:00,103.71,103.71,103.71,103.71,300.0
2017-11-20 15:40:00,103.7,103.74,103.7,103.71,4200.0
2017-11-20 15:41:00,103.69,103.6925,103.68,103.68,500.0
2017-11-20 15:42:00,103.7,103.71,103.69,103.69,2448.0
2017-11-20 15:43:00,103.68,103.69,103.665,103.69,1377.0
2017-11-20 15:44:00,103.67,103.675,103.67,103.675,200.0
2017-11-20 15:45:00,103.6,103.6701,103.6,103.6701,5808.0
2017-11-20 15:46:00,103.62,103.64,103.6,103.61,2200.0
2017-11-20 15:47:00,103.64,103.64,103.62,103.63,2033.0
2017-11-20 15:48:00,103.65,103.65,103.63,103.64,2500.0
2017-11-20 15:49:00,103.69,103.69,103.65,103.65,1893.0
2017-11-20 15:50:00,103.69,103.73,103.69,103.7,4900.0
2017-11-20 15:51:00,103.66,103.695,103.66,103.695,1378.0
2017-11-20 15:52:00,103.645,103.66,103.64,103.66,2184.0
2017-11-20 15:53:00,103.66,103.66,103.64,103.64,1787.0
2017-11-20 15:54:00,103.67,103.69,103.65,103.65,3781.0
2017-11-20 15:55:00,103.7,103.7,103.67,103.69,2950.0
2017-11-20 15:56:00,103.71,103.72,103.69,103.71,2098.0
2017-11-20 15:57:00,103.7,103.715,103.7,103.71,2960.0
2017-11-20 15:58:00,103.74,103.74,103.71,103.71,4323.0
2017-11-20 15:59:00,103.77,103.82,103.75,103.75,14696.0
2017-11-20 16:00:00,103.79,103.81,103.77,103.77,8102.0
2017-11-21 09:30:00,103.94,103.94,103.94,103.94,1603.0
2017-11-21 09:32:00,103.93,103.93,103.92,103.92,280.0
2017-11-21 09:35:00,103.58,103.58,103.58,103.58,100.0
2017-11-21 09:37:00,103.71,103.71,103.53,103.56,700.0
2017-11-21 09:38:00,103.69,103.94,103.64,103.64,1100.0
2017-11-21 09:40:00,103.86,103.8926,103.83,103.8926,995.0
2017-11-21 09:41:00,103.7232,103.7232,103.7232,103.7232,800.0
2017-11-21 09:42:00,103.84,103.87,103.78,103.8,1000.0
2017-11-21 09:44:00,104.05,104.05,103.92,103.94,500.0
2017-11-21 09:45:00,103.98,104.0775,103.94,104.0775,1115.0
2017-11-21 09:46:00,104.05,104.05,103.865,103.865,300.0
2017-11-21 09:48:00,104.0,104.0,103.92,104.0,1430.0
2017-11-21 09:49:00,104.08,104.08,104.02,104.03,3941.0
2017-11-21 09:50:00,104.215,104.215,104.01,104.09,3500.0
2017-11-21 09:51:00,104.445,104.49,104.34,104.34,3300.0
2017-11-21 09:52:00,104.5,104.5,104.44,104.44,300.0
2017-11-21 09:53:00,104.6,104.615,104.515,104.515,4242.0
2017-11-21 09:54:00,104.6599,104.71,104.61,104.61,1216.0
2017-11-21 09:55:00,104.73,104.73,104.6538,104.69,1125.0
2017-11-21 09:56:00,104.79,104.79,104.69,104.69,500.0
2017-11-21 09:57:00,104.8804,104.8804,104.69,104.79,6383.0
2017-11-21 09:58:00,104.98,105.05,104.83,104.895,9917.0
2017-11-21 09:59:00,104.76,104.97,104.76,104.89,1426.0
2017-11-21 10:01:00,104.71,104.715,104.71,104.715,300.0
2017-11-21 10:02:00,104.7,104.71,104.7,104.71,246.0
2017-11-21 10:03:00,104.74,104.76,104.7,104.74,1000.0
2017-11-21 10:04:00,104.81,104.82,104.75,104.77,1134.0
2017-11-21 10:05:00,104.8105,104.87,104.68,104.8,4837.0
2017-11-21 10:06:00,104.9837,104.9837,104.86,104.87,792.0
2017-11-21 10:07:00,104.96,104.96,104.96,104.96,100.0
2017-11-21 10:08:00,105.03,105.04,104.88,104.88,4450.0
2017-11-21 10:09:00,105.07,105.11,105.0,105.11,500.0
2017-11-21 10:10:00,105.09,105.09,105.09,105.09,100.0
2017-11-21 10:11:00,105.09,105.12,105.09,105.09,1443.0
2017-11-21 10:12:00,105.01,105.125,105.01,105.125,10400.0
2017-11-21 10:13:00,104.8,105.055,104.8,105.0375,1800.0
2017-11-21 10:14:00,104.9042,104.9042,104.8646,104.8646,350.0
2017-11-21 10:15:00,104.98,105.07,104.87,104.87,5425.0
2017-11-21 10:16:00,105.0,105.0,104.97,104.97,2300.0
2017-11-21 10:17:00,104.94,105.05,104.94,104.99,14969.0
2017-11-21 10:18:00,104.92,105.03,104.92,104.97,7779.0
2017-11-21 10:19:00,104.82,104.92,104.82,104.92,900.0
2017-11-21 10:20:00,104.9501,104.96,104.865,104.865,7695.0
2017-11-21 10:21:00,104.88,104.88,104.88,104.88,300.0
2017-11-21 10:22:00,104.87,104.87,104.87,104.87,400.0
2017-11-21 10:23:00,104.92,104.92,104.805,104.805,5541.0
2017-11-21 10:24:00,104.96,104.96,104.92,104.92,300.0
2017-11-21 10:25:00,104.96,104.96,104.9572,104.96,399.0
2017-11-21 10:26:00,104.97,104.97,104.95,104.95,600.0
2017-11-21 10:28:00,104.9,104.955,104.89,104.95,1612.0
2017-11-21 10:29:00,104.95,104.95,104.9468,104.9468,800.0
2017-11-21 10:30:00,104.96,105.0,104.96,105.0,3864.0
2017-11-21 10:31:00,105.035,105.035,105.02,105.03,419.0
2017-11-21 10:32:00,105.06,105.06,105.04,105.04,200.0
2017-11-21 10:33:00,105.04,105.045,105.04,105.045,500.0
2017-11-21 10:34:00,105.04,105.04,105.04,105.04,200.0
2017-11-21 10:35:00,104.94,105.01,104.94,105.01,2648.0
2017-11-21 10:36:00,104.88,104.91,104.86,104.91,1500.0
2017-11-21 10:37:00,104.8649,104.88,104.85,104.88,500.0
2017-11-21 10:38:00,104.82,104.86,104.8,104.84,3600.0
2017-11-21 10:39:00,104.94,104.94,104.85,104.85,1500.0
2017-11-21 10:40:00,104.92,104.98,104.92,104.945,1500.0
2017-11-21 10:42:00,104.97,104.97,104.97,104.97,100.0
2017-11-21 10:43:00,104.89,104.92,104.82,104.92,3140.0
2017-11-21 10:44:00,104.87,104.87,104.87,104.87,100.0
2017-11-21 10:45:00,104.9,104.9,104.86,104.86,900.0
2017-11-21 10:46:00,104.86,104.86,104.86,104.86,300.0
2017-11-21 10:47:00,104.89,104.9,104.89,104.9,1091.0
2017-11-21 10:48:00,104.94,104.95,104.89,104.95,800.0
2017-11-21 10:49:00,104.99,104.99,104.93,104.95,1111.0
2017-11-21 10:50:00,105.03,105.03,105.02,105.02,300.0
2017-11-21 10:51:00,104.96,105.0,104.96,104.99,1900.0
2017-11-21 10:52:00,105.02,105.02,105.02,105.02,277.0
2017-11-21 10:54:00,104.98,104.98,104.98,104.98,100.0
2017-11-21 10:55:00,105.06,105.06,104.97,104.97,4011.0
2017-11-21 10:56:00,105.11,105.11,105.07,105.07,400.0
2017-11-21 10:59:00,105.04799999999999,105.04799999999999,105.04799999999999,105.04799999999999,450.0
2017-11-21 11:00:00,105.0443,105.05,105.03,105.04,737.0
2017-11-21 11:01:00,105.08,105.08,105.03,105.03,3128.0
2017-11-21 11:02:00,105.06,105.08,105.06,105.07,979.0
2017-11-21 11:03:00,105.21,105.21,105.08,105.09,2800.0
2017-11-21 11:04:00,105.23,105.24,105.21,105.21,500.0
2017-11-21 11:05:00,105.22,105.22,105.22,105.22,100.0
2017-11-21 11:06:00,105.0737,105.17,105.07,105.17,1825.0
2017-11-21 11:07:00,105.08,105.08,105.02,105.06,1300.0
2017-11-21 11:08:00,105.11,105.11,105.03,105.06,2000.0
2017-11-21 11:09:00,105.07,105.16,105.07,105.1,2478.0
2017-11-21 11:10:00,104.83,105.06,104.83,105.06,1671.0
2017-11-21 11:11:00,104.9,104.9,104.84,104.84,958.0
2017-11-21 11:12:00,104.92,104.92,104.92,104.92,100.0
2017-11-21 11:13:00,104.89,104.93,104.89,104.92,800.0
2017-11-21 11:15:00,104.89,104.895,104.89,104.895,200.0
2017-11-21 11:16:00,104.91,104.92,104.885,104.92,1300.0
2017-11-21 11:17:00,104.94,104.94,104.9106,104.93,1300.0
2017-11-21 11:18:00,104.94,104.94,104.9044,104.9044,2000.0
2017-11-21 11:19:00,104.98,104.99,104.9305,104.95,2705.0
2017-11-21 11:20:00,105.02,105.02,105.0,105.0,503.0
2017-11-21 11:21:00,105.0672,105.0672,105.05,105.05,1100.0
2017-11-21 11:22:00,105.09,105.09,105.065,105.065,200.0
2017-11-21 11:24:00,105.089,105.089,105.08,105.08,300.0
2017-11-21 11:25:00,105.07,105.07,105.07,105.07,100.0
2017-11-21 11:26:00,105.1,105.16,105.07,105.07,3036.0
2017-11-21 11:27:00,105.13,105.14,105.13,105.1399,300.0
2017-11-21 11:28:00,105.1299,105.1299,105.1299,105.1299,100.0
2017-11-21 11:29:00,105.03,105.1,105.03,105.1,2214.0
2017-11-21 11:30:00,105.09,105.09,105.04,105.04,1629.0
2017-11-21 11:33:00,105.14,105.14,105.09,105.12,2860.0
2017-11-21 11:34:00,105.14,105.14,105.14,105.14,200.0
2017-11-21 11:35:00,105.14,105.14,105.11,105.11,1113.0
2017-11-21 11:38:00,105.11,105.11,105.11,105.11,100.0
2017-11-21 11:39:00,105.3,105.3,105.125,105.125,4958.0
2017-11-21 11:40:00,105.21,105.34,105.21,105.33,4116.0
2017-11-21 11:41:00,105.2,105.2,105.2,105.2,100.0
2017-11-21 11:42:00,105.27,105.28,105.26,105.26,628.0
2017-11-21 11:43:00,105.26,105.26,105.26,105.26,100.0
2017-11-21 11:44:00,105.14,105.25,105.12,105.25,2699.0
2017-11-21 11:46:00,105.1776,105.1776,105.1776,105.1776,152.0
2017-11-21 11:47:00,105.23,105.23,105.09,105.11,4816.0
2017-11-21 11:48:00,105.28,105.28,105.25,105.25,330.0
2017-11-21 11:49:00,105.31,105.31,105.285,105.285,400.0
2017-11-21 11:50:00,105.31,105.33,105.31,105.31,720.0
2017-11-21 11:51:00,105.3,105.34,105.3,105.3,1003.0
2017-11-21 11:52:00,105.29,105.3,105.28,105.3,1952.0
2017-11-21 11:53:00,105.38,105.38,105.32,105.32,1374.0
2017-11-21 11:55:00,105.405,105.405,105.37,105.37,226.0
2017-11-21 11:57:00,105.24,105.38,105.24,105.38,3371.0
2017-11-21 11:58:00,105.24,105.28,105.24,105.27,943.0
2017-11-21 11:59:00,105.27,105.27,105.25,105.25,700.0
2017-11-21 12:00:00,105.285,105.285,105.26100000000001,105.26100000000001,400.0
2017-11-21 12:01:00,105.3,105.3,105.27,105.28,1616.0
2017-11-21 12:02:00,105.27,105.29,105.27,105.29,500.0
2017-11-21 12:03:00,105.17,105.26,105.17,105.26,1217.0
2017-11-21 12:04:00,105.18,105.21,105.12,105.15,1183.0
2017-11-21 12:05:00,105.21,105.21,105.21,105.21,100.0
2017-11-21 12:06:00,105.18,105.19,105.16,105.161,1260.0
2017-11-21 12:07:00,105.15,105.15,105.15,105.15,615.0
2017-11-21 12:09:00,105.2,105.2,105.2,105.2,215.0
2017-11-21 12:10:00,105.2199,105.22,105.2199,105.22,300.0
2017-11-21 12:11:00,105.21,105.21,105.21,105.21,556.0
2017-11-21 12:12:00,105.25,105.25,105.25,105.25,100.0
2017-11-21 12:13:00,105.2699,105.27,105.255,105.27,500.0
2017-11-21 12:14:00,105.29,105.35,105.27,105.27,1902.0
2017-11-21 12:15:00,105.28,105.31,105.28,105.31,300.0
2017-11-21 12:16:00,105.2625,105.28,105.26,105.28,1250.0
2017-11-21 12:17:00,105.28,105.28,105.25,105.25,1500.0
2017-11-21 12:18:00,105.1,105.25,105.1,105.25,1999.0
2017-11-21 12:19:00,105.14,105.14,105.14,105.14,100.0
2017-11-21 12:21:00,105.14299999999999,105.14299999999999,105.14299999999999,105.14299999999999,230.0
2017-11-21 12:22:00,105.17,105.17,105.101,105.101,1774.0
2017-11-21 12:23:00,105.18,105.18,105.18,105.18,100.0
2017-11-21 12:25:00,105.16,105.19,105.16,105.17,1611.0
2017-11-21 12:26:00,105.18,105.18,105.14,105.18,4429.0
2017-11-21 12:27:00,105.27,105.27,105.18,105.18,1400.0
2017-11-21 12:28:00,105.3,105.3,105.23,105.23,624.0
2017-11-21 12:29:00,105.19,105.27,105.19,105.27,2000.0
2017-11-21 12:30:00,105.16,105.18,105.15,105.15799999999999,4700.0
2017-11-21 12:31:00,105.2,105.2,105.17,105.17,1565.0
2017-11-21 12:33:00,105.19,105.2,105.19,105.19,863.0
2017-11-21 12:34:00,105.21,105.21,105.19,105.19,600.0
2017-11-21 12:36:00,105.23,105.23,105.22,105.22,300.0
2017-11-21 12:37:00,105.23,105.23,105.2,105.2,1210.0
2017-11-21 12:38:00,105.31,105.31,105.23,105.23,1362.0
2017-11-21 12:40:00,105.3099,105.3099,105.3099,105.3099,100.0
2017-11-21 12:41:00,105.24,105.27,105.23,105.27,1229.0
2017-11-21 12:43:00,105.2699,105.2699,105.2699,105.2699,150.0
2017-11-21 12:44:00,105.23,105.23,105.23,105.23,100.0
2017-11-21 12:46:00,105.2599,105.2599,105.2599,105.2599,100.0
2017-11-21 12:47:00,105.15,105.25,105.14,105.23,2800.0
2017-11-21 12:48:00,105.17,105.17,105.17,105.17,100.0
2017-11-21 12:49:00,105.17,105.17,105.1,105.1,1850.0
2017-11-21 12:50:00,105.16,105.16,105.16,105.16,100.0
2017-11-21 12:52:00,105.2,105.2,105.16,105.16,909.0
2017-11-21 12:53:00,105.19,105.19,105.19,105.19,100.0
2017-11-21 12:55:00,105.18,105.22,105.16,105.2199,1438.0
2017-11-21 12:56:00,105.2,105.21,105.18,105.18,1257.0
2017-11-21 12:57:00,105.23,105.23,105.23,105.23,100.0
2017-11-21 12:58:00,105.2538,105.2538,105.2538,105.2538,1000.0
2017-11-21 12:59:00,105.28,105.29,105.24,105.29,634.0
2017-11-21 13:00:00,105.28,105.28,105.25,105.28,1000.0
2017-11-21 13:01:00,105.28,105.3,105.28,105.28,562.0
2017-11-21 13:02:00,105.2201,105.27799999999999,105.2201,105.26,1869.0
2017-11-21 13:03:00,105.19,105.23,105.18,105.22,900.0
2017-11-21 13:04:00,105.18,105.19,105.18,105.19,200.0
2017-11-21 13:05:00,105.21,105.21,105.1601,105.19,1500.0
2017-11-21 13:06:00,105.2,105.2,105.2,105.2,100.0
2017-11-21 13:07:00,105.23,105.23,105.19,105.2,900.0
2017-11-21 13:09:00,105.23,105.23,105.19,105.2,900.0
2017-11-21 13:10:00,105.24,105.24,105.24,105.24,100.0
2017-11-21 13:12:00,105.25,105.25,105.25,105.25,100.0
2017-11-21 13:15:00,105.18,105.24,105.18,105.22,1602.0
2017-11-21 13:16:00,105.25,105.25,105.21,105.21,540.0
2017-11-21 13:17:00,105.23,105.24,105.22,105.22,310.0
2017-11-21 13:21:00,105.195,105.23,105.18,105.2,2909.0
2017-11-21 13:22:00,105.24,105.25,105.19,105.19,2414.0
2017-11-21 13:24:00,105.27,105.27,105.27,105.27,100.0
2017-11-21 13:25:00,105.23,105.24,105.22,105.23,706.0
2017-11-21 13:26:00,105.22,105.23,105.22,105.23,300.0
2017-11-21 13:27:00,105.21,105.21,105.21,105.21,200.0
2017-11-21 13:28:00,105.22,105.25,105.21,105.23,500.0
2017-11-21 13:29:00,105.14,105.21,105.14,105.21,3400.0
2017-11-21 13:30:00,105.1965,105.23,105.17,105.17,737.0
2017-11-21 13:33:00,105.2,105.2,105.2,105.2,500.0
2017-11-21 13:34:00,105.2,105.2,105.19,105.19,300.0
2017-11-21 13:35:00,105.21,105.21,105.21,105.21,101.0
2017-11-21 13:36:00,105.24,105.24,105.21600000000001,105.22,2082.0
2017-11-21 13:37:00,105.26,105.26,105.24,105.24,500.0
2017-11-21 13:38:00,105.24,105.27,105.24,105.27,200.0
2017-11-21 13:39:00,105.26,105.29,105.26,105.29,890.0
2017-11-21 13:40:00,105.21,105.25,105.21,105.25,600.0
2017-11-21 13:41:00,105.22,105.22,105.21,105.22,400.0
2017-11-21 13:42:00,105.17,105.19,105.17,105.19,300.0
2017-11-21 13:45:00,105.15,105.19,105.15,105.17,400.0
2017-11-21 13:47:00,105.12,105.18,105.12,105.15,1400.0
2017-11-21 13:48:00,105.08,105.11,105.08,105.11,800.0
2017-11-21 13:49:00,105.02,105.05,105.02,105.05,350.0
2017-11-21 13:50:00,105.07,105.1,105.07,105.07,2400.0
2017-11-21 13:51:00,105.09,105.09,105.09,105.09,100.0
2017-11-21 13:53:00,105.08,105.09700000000001,105.08,105.09700000000001,600.0
2017-11-21 13:54:00,105.11,105.13,105.1,105.1,546.0
2017-11-21 13:55:00,105.09,105.09,105.09,105.09,100.0
2017-11-21 13:57:00,105.1,105.11,105.09,105.09,800.0
2017-11-21 13:58:00,105.09,105.09,105.09,105.09,200.0
2017-11-21 13:59:00,105.1,105.1,105.06,105.06,659.0
2017-11-21 14:00:00,105.09,105.11,105.09,105.09,1000.0
2017-11-21 14:01:00,105.13,105.13,105.1,105.1,1200.0
2017-11-21 14:02:00,105.12,105.12,105.09,105.1,600.0
2017-11-21 14:03:00,105.1145,105.1145,105.09,105.09,500.0
2017-11-21 14:05:00,105.07,105.09,105.06,105.09,1100.0
2017-11-21 14:06:00,105.02,105.04,104.98,105.04,1598.0
2017-11-21 14:07:00,104.99,104.99,104.99,104.99,200.0
2017-11-21 14:08:00,104.995,105.0,104.99,104.99,500.0
2017-11-21 14:09:00,104.91,105.01,104.91,105.01,2228.0
2017-11-21 14:10:00,104.92,104.96,104.92,104.93,1432.0
2017-11-21 14:11:00,104.94,104.94,104.915,104.915,700.0
2017-11-21 14:12:00,104.95,104.97,104.91,104.92,3212.0
2017-11-21 14:13:00,104.91,104.96,104.91,104.96,200.0
2017-11-21 14:14:00,104.99,104.99,104.95,104.96,2226.0
2017-11-21 14:15:00,104.97,104.97,104.97,104.97,300.0
2017-11-21 14:16:00,104.99,104.99,104.99,104.99,100.0
2017-11-21 14:17:00,104.98,105.0,104.98,105.0,269.0
2017-11-21 14:18:00,105.02,105.02,105.0,105.0,905.0
2017-11-21 14:19:00,105.03,105.03,105.03,105.03,100.0
2017-11-21 14:20:00,105.05,105.05,105.02,105.05,300.0
2017-11-21 14:22:00,105.09,105.09,105.03,105.03,400.0
2017-11-21 14:23:00,105.04,105.07,105.04,105.06,2250.0
2017-11-21 14:25:00,104.99,105.04,104.99,105.02,783.0
2017-11-21 14:26:00,105.0,105.0,104.94,104.98,700.0
2017-11-21 14:27:00,105.0,105.0,104.97,104.97,200.0
2017-11-21 14:31:00,104.995,104.995,104.98,104.98,747.0
2017-11-21 14:32:00,105.06,105.06,104.99,105.0,6685.0
2017-11-21 14:33:00,105.02,105.04,105.02,105.02,600.0
2017-11-21 14:35:00,105.02,105.02,105.02,105.02,100.0
2017-11-21 14:36:00,105.07,105.07,105.02,105.02,1123.0
2017-11-21 14:37:00,105.06,105.07,105.02,105.06,2273.0
2017-11-21 14:38:00,105.08,105.08,105.04,105.06,500.0
2017-11-21 14:39:00,105.0768,105.08,105.06,105.06,1400.0
2017-11-21 14:40:00,105.11,105.11,105.09,105.09,200.0
2017-11-21 14:41:00,105.15,105.15,105.1,105.1,700.0
2017-11-21 14:43:00,105.16,105.16,105.13,105.15,700.0
2017-11-21 14:44:00,105.18,105.18,105.15,105.15,698.0
2017-11-21 14:47:00,105.18,105.19,105.15,105.19,700.0
2017-11-21 14:49:00,105.19,105.19,105.15,105.15,1603.0
2017-11-21 14:50:00,105.17,105.17,105.15,105.15,400.0
2017-11-21 14:51:00,105.165,105.165,105.16,105.16,200.0
2017-11-21 14:52:00,105.16,105.17,105.16,105.16,1700.0
2017-11-21 14:53:00,105.18,105.18,105.18,105.18,634.0
2017-11-21 14:54:00,105.17,105.17,105.16,105.17,804.0
2017-11-21 14:55:00,105.18,105.18,105.18,105.18,200.0
2017-11-21 14:56:00,105.19,105.19,105.19,105.19,100.0
2017-11-21 14:57:00,105.32,105.32,105.19,105.19,2800.0
2017-11-21 14:58:00,105.32,105.37,105.32,105.37,2025.0
2017-11-21 15:00:00,105.43,105.43,105.29,105.31,2639.0
2017-11-21 15:01:00,105.43,105.43,105.42,105.43,300.0
2017-11-21 15:02:00,105.42,105.42,105.39,105.405,500.0
2017-11-21 15:03:00,105.41,105.41,105.38,105.38,900.0
2017-11-21 15:04:00,105.3,105.41,105.3,105.41,3599.0
2017-11-21 15:05:00,105.33,105.33,105.29,105.29,1093.0
2017-11-21 15:06:00,105.3,105.3,105.28,105.28,600.0
2017-11-21 15:07:00,105.25,105.33,105.25,105.33,1202.0
2017-11-21 15:08:00,105.29,105.29,105.26,105.26,600.0
2017-11-21 15:09:00,105.31,105.31,105.29,105.29,300.0
2017-11-21 15:11:00,105.26,105.29,105.26,105.29,1284.0
2017-11-21 15:12:00,105.2,105.23,105.2,105.23,1100.0
2017-11-21 15:13:00,105.22,105.22,105.19,105.205,300.0
2017-11-21 15:14:00,105.12,105.22,105.12,105.2063,2860.0
2017-11-21 15:15:00,105.09,105.14,105.09,105.12,923.0
2017-11-21 15:16:00,105.07,105.1,105.07,105.09,1900.0
2017-11-21 15:17:00,105.04,105.06,105.03,105.06,1000.0
2017-11-21 15:18:00,105.05,105.05,105.0473,105.0473,300.0
2017-11-21 15:19:00,105.03,105.04,105.03,105.04,1200.0
2017-11-21 15:20:00,105.0,105.0,105.0,105.0,200.0
2017-11-21 15:21:00,105.025,105.025,105.025,105.025,200.0
2017-11-21 15:22:00,105.05,105.05,105.03,105.03,400.0
2017-11-21 15:23:00,105.0368,105.0368,105.03,105.03,300.0
2017-11-21 15:24:00,105.035,105.0357,105.02,105.0207,2000.0
2017-11-21 15:25:00,104.97,105.0357,104.97,105.035,2341.0
2017-11-21 15:26:00,104.95,104.99,104.95,104.99,900.0
2017-11-21 15:27:00,104.98,104.99,104.94,104.94,1839.0
2017-11-21 15:28:00,104.97,104.97,104.93,104.97,1029.0
2017-11-21 15:29:00,104.98,105.03,104.97,104.97,4512.0
2017-11-21 15:30:00,104.97,104.99,104.97,104.98,1400.0
2017-11-21 15:31:00,105.01,105.03,104.98,104.98,3627.0
2017-11-21 15:32:00,105.0,105.0,104.98,104.98,200.0
2017-11-21 15:33:00,104.98,105.01,104.98,105.01,2000.0
2017-11-21 15:34:00,104.98,104.98,104.97,104.98,800.0
2017-11-21 15:35:00,104.98,105.01,104.98,104.98,2501.0
2017-11-21 15:36:00,104.975,105.0,104.97,104.98,1300.0
2017-11-21 15:37:00,105.0,105.0,104.96,104.975,1755.0
2017-11-21 15:38:00,104.99,104.99,104.97,104.99,3001.0
2017-11-21 15:39:00,105.0,105.0,104.98,104.98,300.0
2017-11-21 15:40:00,105.03,105.03,105.0,105.0,5600.0
2017-11-21 15:41:00,105.015,105.02,105.015,105.02,1922.0
2017-11-21 15:42:00,105.0075,105.03,105.0075,105.02,3959.0
2017-11-21 15:43:00,105.005,105.01,104.99,105.01,4137.0
2017-11-21 15:44:00,104.98,105.0,104.97,105.0,4000.0
2017-11-21 15:45:00,105.0,105.02,104.97,104.98,4604.0
2017-11-21 15:46:00,104.9925,105.01,104.98,105.01,5286.0
2017-11-21 15:47:00,105.0,105.0,104.99,105.0,2447.0
2017-11-21 15:48:00,104.955,104.995,104.95,104.995,3912.0
2017-11-21 15:49:00,104.97,104.98,104.96,104.96,1300.0
2017-11-21 15:50:00,104.99,104.99,104.965,104.97,3369.0
2017-11-21 15:51:00,104.96,105.0,104.92,105.0,6413.0
2017-11-21 15:52:00,104.92,104.97,104.92,104.955,3500.0
2017-11-21 15:53:00,104.99,104.99,104.925,104.93,4692.0
2017-11-21 15:54:00,104.95,105.0,104.95,104.99,4236.0
2017-11-21 15:55:00,104.98,104.98,104.96,104.96,2100.0
2017-11-21 15:56:00,104.98,104.99,104.97,104.98,4732.0
2017-11-21 15:57:00,104.99,104.99,104.97,104.97,3231.0
2017-11-21 15:58:00,105.0,105.0,104.97,104.97,6077.0
2017-11-21 15:59:00,104.975,105.015,104.965,105.0,8651.0
2017-11-21 16:00:00,104.96,104.98,104.9,104.975,11205.0
2017-11-22 09:30:00,105.15,105.15,105.15,105.15,3719.0
2017-11-22 09:31:00,105.03,105.1,105.03,105.1,300.0
2017-11-22 09:32:00,105.12,105.12,105.12,105.12,100.0
2017-11-22 09:33:00,105.11,105.11,104.94,104.94,200.0
2017-11-22 09:34:00,105.28,105.3,105.0122,105.0122,2137.0
2017-11-22 09:35:00,105.25,105.25,105.19,105.24,695.0
2017-11-22 09:37:00,105.38,105.39,105.36,105.36,400.0
2017-11-22 09:38:00,105.39,105.59,105.29,105.49,6585.0
2017-11-22 09:39:00,105.33,105.4,105.24,105.4,2000.0
2017-11-22 09:40:00,105.29,105.38,105.29,105.37,1700.0
2017-11-22 09:41:00,105.4,105.56,105.4,105.43,900.0
2017-11-22 09:42:00,105.48,105.48,105.48,105.48,200.0
2017-11-22 09:44:00,105.61,105.61,105.5,105.5,500.0
2017-11-22 09:45:00,105.76,105.76,105.61,105.61,200.0
2017-11-22 09:46:00,105.765,105.79,105.635,105.73,900.0
2017-11-22 09:47:00,105.8071,105.8071,105.8071,105.8071,478.0
2017-11-22 09:48:00,105.92,105.92,105.83,105.88,300.0
2017-11-22 09:49:00,105.71,105.875,105.71,105.83,1500.0
2017-11-22 09:50:00,105.86,105.93,105.7464,105.775,1759.0
2017-11-22 09:51:00,105.8,105.83,105.74,105.83,1560.0
2017-11-22 09:52:00,105.76,105.76,105.76,105.76,100.0
2017-11-22 09:53:00,105.83,105.83,105.83,105.83,100.0
2017-11-22 09:54:00,105.84,105.84,105.84,105.84,100.0
2017-11-22 09:55:00,105.86,105.9,105.845,105.845,900.0
2017-11-22 09:56:00,105.88,105.93,105.8799,105.8799,1728.0
2017-11-22 09:57:00,105.9,105.9,105.87,105.87,400.0
2017-11-22 09:59:00,105.98,105.98,105.95,105.95,500.0
2017-11-22 10:00:00,106.02,106.02,106.02,106.02,100.0
2017-11-22 10:01:00,105.91,106.02,105.91,105.99,3280.0
2017-11-22 10:02:00,105.9,105.97,105.9,105.915,2600.0
2017-11-22 10:03:00,105.89,105.89,105.89,105.89,100.0
2017-11-22 10:04:00,105.95,105.96,105.94,105.94,1134.0
2017-11-22 10:05:00,105.81,105.95,105.81,105.95,2798.0
2017-11-22 10:06:00,105.93,105.93,105.88,105.89,914.0
2017-11-22 10:07:00,105.98,105.98,105.85,105.88,2178.0
2017-11-22 10:08:00,106.02,106.03,105.99,106.02,1400.0
2017-11-22 10:09:00,106.0683,106.07,105.99,106.07,1104.0
2017-11-22 10:10:00,105.98,106.07,105.98,106.06,500.0
2017-11-22 10:11:00,106.0,106.06,106.0,106.06,300.0
2017-11-22 10:12:00,105.86,105.97,105.76,105.97,1500.0
2017-11-22 10:13:00,105.945,105.95,105.9025,105.91,813.0
2017-11-22 10:14:00,105.92,105.93,105.9,105.93,1100.0
2017-11-22 10:15:00,105.95,105.95,105.95,105.95,100.0
2017-11-22 10:16:00,105.9799,105.9799,105.94,105.94,1912.0
2017-11-22 10:17:00,106.01,106.07,105.99,105.99,1289.0
2017-11-22 10:18:00,106.15,106.15,106.03,106.04,965.0
2017-11-22 10:19:00,106.15,106.15,106.13,106.14,400.0
2017-11-22 10:20:00,106.17,106.17,106.145,106.145,600.0
2017-11-22 10:21:00,106.13,106.21,106.11,106.19,2400.0
2017-11-22 10:22:00,106.18,106.18,106.18,106.18,100.0
2017-11-22 10:23:00,106.18,106.18,106.18,106.18,100.0
2017-11-22 10:24:00,106.24,106.24,106.18,106.18,500.0
2017-11-22 10:25:00,106.215,106.215,106.215,106.215,100.0
2017-11-22 10:27:00,106.02,106.19,106.01,106.19,3600.0
2017-11-22 10:28:00,105.92,106.03,105.91,106.03,700.0
2017-11-22 10:29:00,105.99,106.0,105.91,105.99,1000.0
2017-11-22 10:32:00,105.975,105.975,105.95,105.95,200.0
2017-11-22 10:33:00,106.0,106.0,105.96,105.97,2236.0
2017-11-22 10:34:00,106.09,106.09,105.98,105.98,1500.0
2017-11-22 10:35:00,106.12,106.15,106.12,106.12,1100.0
2017-11-22 10:37:00,106.165,106.165,106.165,106.165,612.0
2017-11-22 10:38:00,106.045,106.15,105.97,106.15,2500.0
2017-11-22 10:39:00,106.045,106.07,106.045,106.07,300.0
2017-11-22 10:40:00,106.22,106.22,106.0451,106.0451,1130.0
2017-11-22 10:41:00,106.23,106.25,106.2,106.22,1485.0
2017-11-22 10:42:00,106.27,106.27,106.24,106.24,200.0
2017-11-22 10:43:00,106.17,106.23,106.17,106.22,1500.0
2017-11-22 10:44:00,106.17,106.24,106.17,106.24,200.0
2017-11-22 10:46:00,106.15,106.24,106.15,106.19,900.0
2017-11-22 10:47:00,106.23,106.23,106.185,106.21,400.0
2017-11-22 10:48:00,106.21,106.21,106.21,106.21,100.0
2017-11-22 10:49:00,106.26,106.26,106.205,106.24,600.0
2017-11-22 10:50:00,106.25,106.25,106.25,106.25,100.0
2017-11-22 10:51:00,106.27,106.27,106.22,106.242,665.0
2017-11-22 10:52:00,106.32,106.33,106.28,106.28,2150.0
2017-11-22 10:53:00,106.31,106.31,106.27,106.29,900.0
2017-11-22 10:54:00,106.27,106.27,106.26,106.27,300.0
2017-11-22 10:55:00,106.29,106.2913,106.27,106.2913,1200.0
2017-11-22 10:56:00,106.265,106.35,106.265,106.3,2185.0
2017-11-22 10:57:00,106.31,106.31,106.31,106.31,100.0
2017-11-22 10:58:00,106.16,106.31,106.16,106.31,1800.0
2017-11-22 10:59:00,106.13,106.2,106.13,106.16,300.0
2017-11-22 11:00:00,106.29,106.29,106.21,106.21,354.0
2017-11-22 11:03:00,106.21,106.22,106.15,106.22,1200.0
2017-11-22 11:04:00,106.12,106.14,106.12,106.14,907.0
2017-11-22 11:05:00,106.19,106.19,106.09,106.09,2600.0
2017-11-22 11:08:00,106.21,106.21,106.15,106.15,1319.0
2017-11-22 11:09:00,106.25,106.25,106.25,106.25,300.0
2017-11-22 11:10:00,106.23,106.23,106.18,106.22,1066.0
2017-11-22 11:11:00,106.17,106.25,106.16,106.25,500.0
2017-11-22 11:12:00,106.13,106.17,106.13,106.13,600.0
2017-11-22 11:13:00,106.15,106.17,106.15,106.17,921.0
2017-11-22 11:16:00,106.23,106.23,106.17,106.17,627.0
2017-11-22 11:17:00,106.1,106.1825,106.1,106.16,4300.0
2017-11-22 11:18:00,106.11,106.11,106.1,106.1,700.0
2017-11-22 11:21:00,106.09,106.115,106.05,106.115,1300.0
2017-11-22 11:23:00,106.05,106.06,106.035,106.06,1400.0
2017-11-22 11:24:00,106.04,106.04,106.025,106.04,900.0
2017-11-22 11:25:00,106.08,106.08,106.05,106.05,300.0
2017-11-22 11:26:00,106.04,106.06,106.03,106.06,1000.0
2017-11-22 11:30:00,105.92,106.02,105.92,106.02,1100.0
2017-11-22 11:31:00,106.0,106.0,106.0,106.0,100.0
2017-11-22 11:32:00,105.975,105.98,105.94,105.94,1055.0
2017-11-22 11:33:00,105.93,106.0,105.92,106.0,900.0
2017-11-22 11:34:00,105.96,105.97,105.96,105.96,700.0
2017-11-22 11:36:00,105.96,105.97,105.93,105.9301,1050.0
2017-11-22 11:37:00,105.93,105.93,105.93,105.93,100.0
2017-11-22 11:38:00,105.93,105.93,105.91,105.93,500.0
2017-11-22 11:39:00,105.94,105.94,105.94,105.94,100.0
2017-11-22 11:40:00,105.94,105.95,105.94,105.95,300.0
2017-11-22 11:41:00,105.95,105.95,105.92,105.95,1000.0
2017-11-22 11:42:00,105.97,105.97,105.97,105.97,100.0
2017-11-22 11:43:00,105.965,105.98,105.93,105.97,600.0
2017-11-22 11:45:00,105.93,105.93,105.93,105.93,300.0
2017-11-22 11:46:00,105.98,105.98,105.95,105.97,349.0
2017-11-22 11:47:00,106.0,106.0,105.96,105.99,300.0
2017-11-22 11:48:00,105.94,105.99,105.94,105.96,1300.0
2017-11-22 11:49:00,105.97,105.97,105.97,105.97,100.0
2017-11-22 11:51:00,105.95,105.96,105.95,105.96,200.0
2017-11-22 11:52:00,106.04,106.045,105.98,105.98,6317.0
2017-11-22 11:53:00,105.99,105.99,105.99,105.99,100.0
2017-11-22 11:54:00,106.07,106.11,106.03,106.04,3937.0
2017-11-22 11:55:00,106.08,106.08,106.06,106.07,600.0
2017-11-22 11:56:00,106.065,106.065,106.065,106.065,100.0
2017-11-22 11:57:00,106.05,106.05,106.05,106.05,200.0
2017-11-22 11:58:00,106.05,106.05,106.0295,106.0295,575.0
2017-11-22 12:00:00,106.03,106.03,106.03,106.03,100.0
2017-11-22 12:01:00,106.05,106.05,106.05,106.05,100.0
2017-11-22 12:03:00,106.03,106.03,106.03,106.03,100.0
2017-11-22 12:06:00,106.08,106.08,106.03,106.06,400.0
2017-11-22 12:07:00,106.09,106.09,106.079,106.079,200.0
2017-11-22 12:08:00,106.09,106.09,106.06,106.06,400.0
2017-11-22 12:09:00,106.1,106.1,106.07,106.07,200.0
2017-11-22 12:10:00,106.12,106.12,106.1,106.1,518.0
2017-11-22 12:13:00,106.14,106.15,106.14,106.15,3054.0
2017-11-22 12:14:00,106.12,106.12,106.105,106.12,700.0
2017-11-22 12:17:00,106.1,106.1,106.07,106.08,1300.0
2017-11-22 12:19:00,106.02,106.07,106.02,106.07,1361.0
2017-11-22 12:20:00,106.03,106.03,106.03,106.03,100.0
2017-11-22 12:21:00,105.925,105.98,105.88,105.98,3322.0
2017-11-22 12:22:00,105.96,105.96,105.96,105.96,307.0
2017-11-22 12:23:00,105.94,105.94,105.94,105.94,100.0
2017-11-22 12:25:00,105.96,105.96,105.94,105.94,200.0
2017-11-22 12:26:00,105.99,105.99,105.99,105.99,407.0
2017-11-22 12:27:00,105.99,105.99,105.97,105.98,1000.0
2017-11-22 12:28:00,105.99,105.99,105.99,105.99,200.0
2017-11-22 12:29:00,105.975,105.975,105.975,105.975,100.0
2017-11-22 12:30:00,105.93,105.93,105.93,105.93,100.0
2017-11-22 12:31:00,105.98,105.98,105.98,105.98,100.0
2017-11-22 12:32:00,106.01,106.01,105.98,105.98,400.0
2017-11-22 12:35:00,106.0,106.0,105.97,105.98,1500.0
2017-11-22 12:36:00,106.05,106.05,105.99,105.99,817.0
2017-11-22 12:37:00,106.0,106.03,106.0,106.03,211.0
2017-11-22 12:40:00,106.025,106.025,106.025,106.025,100.0
2017-11-22 12:42:00,106.04,106.06,106.03,106.03,1000.0
2017-11-22 12:43:00,106.04,106.05,106.04,106.05,400.0
2017-11-22 12:45:00,106.03,106.03,106.03,106.03,200.0
2017-11-22 12:46:00,106.05,106.05,106.04,106.04,300.0
2017-11-22 12:47:00,106.09,106.09,106.09,106.09,100.0
2017-11-22 12:48:00,106.09,106.09,106.09,106.09,100.0
2017-11-22 12:50:00,106.09,106.13,106.09,106.13,200.0
2017-11-22 12:52:00,106.1,106.1,106.1,106.1,100.0
2017-11-22 12:53:00,106.05,106.07,106.02,106.07,2400.0
2017-11-22 12:54:00,106.05,106.05,106.05,106.05,100.0
2017-11-22 12:55:00,106.05,106.05,106.025,106.05,716.0
2017-11-22 12:56:00,106.02,106.06,106.02,106.02,600.0
2017-11-22 12:58:00,106.01,106.01,106.01,106.01,100.0
2017-11-22 12:59:00,105.98,105.98,105.98,105.98,100.0
2017-11-22 13:01:00,105.99,105.99,105.99,105.99,100.0
2017-11-22 13:03:00,106.05,106.05,105.99,106.03,536.0
2017-11-22 13:04:00,106.04,106.04,106.04,106.04,100.0
2017-11-22 13:07:00,106.04,106.04,106.04,106.04,100.0
2017-11-22 13:08:00,106.02,106.05,106.02,106.05,1381.0
2017-11-22 13:09:00,106.09,106.09,106.09,106.09,100.0
2017-11-22 13:11:00,106.04,106.04,106.04,106.04,100.0
2017-11-22 13:15:00,106.05,106.05,106.03,106.03,1395.0
2017-11-22 13:17:00,105.92,106.03,105.92,106.03,3099.0
2017-11-22 13:18:00,105.92,105.92,105.92,105.92,400.0
2017-11-22 13:20:00,105.93,105.95,105.93,105.95,300.0
2017-11-22 13:21:00,105.93,105.93,105.93,105.93,100.0
2017-11-22 13:22:00,105.95,105.95,105.94,105.94,271.0
2017-11-22 13:24:00,105.92,105.94,105.88,105.94,679.0
2017-11-22 13:26:00,105.94,105.94,105.86,105.86,407.0
2017-11-22 13:27:00,105.98,105.98,105.91,105.91,700.0
2017-11-22 13:30:00,105.97,105.97,105.97,105.97,400.0
2017-11-22 13:31:00,106.05,106.05,106.05,106.05,200.0
2017-11-22 13:33:00,106.01,106.01,106.0,106.0,300.0
2017-11-22 13:36:00,106.0432,106.0432,106.0432,106.0432,111.0
2017-11-22 13:37:00,106.05,106.05,106.05,106.05,100.0
2017-11-22 13:39:00,106.03,106.05,106.02,106.03,1100.0
2017-11-22 13:40:00,106.03,106.03,106.03,106.03,100.0
2017-11-22 13:41:00,106.02,106.02,106.02,106.02,800.0
2017-11-22 13:42:00,105.98,106.04,105.98,106.04,700.0
2017-11-22 13:43:00,105.94,105.97,105.94,105.97,300.0
2017-11-22 13:44:00,105.93,105.9484,105.93,105.9484,200.0
2017-11-22 13:46:00,106.05,106.05,105.97,105.97,1344.0
2017-11-22 13:49:00,106.05,106.05,106.0129,106.0129,1268.0
2017-11-22 13:50:00,106.02,106.04,106.02,106.04,1900.0
2017-11-22 13:52:00,106.0,106.0,106.0,106.0,200.0
2017-11-22 13:53:00,106.14,106.14,106.05,106.05,2772.0
2017-11-22 13:54:00,106.15,106.15,106.1326,106.15,300.0
2017-11-22 13:56:00,106.13,106.15,106.11,106.11,2867.0
2017-11-22 13:57:00,106.28,106.28,106.14,106.14,5172.0
2017-11-22 13:58:00,106.29,106.29,106.25,106.29,300.0
2017-11-22 13:59:00,106.3,106.3,106.3,106.3,175.0
2017-11-22 14:00:00,106.32,106.32,106.32,106.32,200.0
2017-11-22 14:01:00,106.205,106.38,106.205,106.38,4149.0
2017-11-22 14:02:00,106.05,106.2,106.05,106.19,3605.0
2017-11-22 14:03:00,106.04,106.08,106.04,106.05,700.0
2017-11-22 14:04:00,106.04,106.09,105.98,106.04,1318.0
2017-11-22 14:05:00,106.15,106.15,106.06,106.08,700.0
2017-11-22 14:06:00,106.25,106.25,106.16,106.16,1258.0
2017-11-22 14:07:00,106.18,106.18,106.16,106.18,1406.0
2017-11-22 14:08:00,106.2,106.24,106.11,106.24,7500.0
2017-11-22 14:09:00,106.19,106.19,106.12,106.16,500.0
2017-11-22 14:10:00,106.11,106.12,106.01,106.12,1727.0
2017-11-22 14:11:00,106.09,106.16,106.08,106.12,5103.0
2017-11-22 14:12:00,106.15,106.15,106.14,106.14,700.0
2017-11-22 14:13:00,106.13,106.15,106.12,106.15,990.0
2017-11-22 14:15:00,106.14,106.15,106.08,106.15,1800.0
2017-11-22 14:16:00,106.1,106.1,106.1,106.1,100.0
2017-11-22 14:17:00,106.11,106.14,106.1,106.14,1235.0
2017-11-22 14:18:00,106.11,106.11,106.07,106.1,500.0
2017-11-22 14:21:00,106.11,106.12,106.06,106.06,800.0
2017-11-22 14:22:00,106.14,106.14,106.14,106.14,100.0
2017-11-22 14:23:00,106.15,106.15,106.15,106.15,401.0
2017-11-22 14:24:00,106.1,106.15,106.1,106.11,1400.0
2017-11-22 14:25:00,106.08,106.14,106.08,106.08,400.0
2017-11-22 14:26:00,106.09,106.09,106.09,106.09,103.0
2017-11-22 14:27:00,106.13,106.15,106.13,106.14,1549.0
2017-11-22 14:28:00,106.08,106.15,106.08,106.13,1955.0
2017-11-22 14:30:00,106.09,106.09,106.06,106.08,700.0
2017-11-22 14:31:00,106.11,106.12,106.09,106.09,300.0
2017-11-22 14:32:00,106.08,106.09,106.05,106.09,700.0
2017-11-22 14:33:00,106.08,106.08,106.01,106.06,600.0
2017-11-22 14:35:00,106.06,106.09,106.06,106.07,1800.0
2017-11-22 14:36:00,106.12,106.12,106.07,106.07,1412.0
2017-11-22 14:38:00,106.15,106.15,106.1,106.12,1300.0
2017-11-22 14:39:00,106.15,106.15,106.1,106.11,2114.0
2017-11-22 14:40:00,106.13,106.15,106.11,106.12,1100.0
2017-11-22 14:41:00,106.13,106.13,106.13,106.13,400.0
2017-11-22 14:43:00,106.14,106.15,106.09,106.09,1226.0
2017-11-22 14:44:00,106.13,106.15,106.11,106.15,800.0
2017-11-22 14:45:00,106.17,106.17,106.13,106.14,2379.0
2017-11-22 14:46:00,106.14,106.17,106.14,106.16,1701.0
2017-11-22 14:47:00,106.1,106.16,106.1,106.16,900.0
2017-11-22 14:48:00,106.1,106.1,106.05,106.09,1200.0
2017-11-22 14:50:00,106.03,106.04,106.03,106.04,700.0
2017-11-22 14:51:00,105.95,106.02,105.94,106.02,1500.0
2017-11-22 14:52:00,105.95,105.95,105.89,105.89,1900.0
2017-11-22 14:53:00,105.94,105.96,105.92,105.95,1200.0
2017-11-22 14:54:00,105.95,105.95,105.92,105.93,500.0
2017-11-22 14:56:00,105.9491,105.9491,105.92,105.92,200.0
2017-11-22 14:59:00,105.99,105.99,105.9,105.915,3289.0
2017-11-22 15:00:00,105.98,105.98,105.94,105.94,300.0
2017-11-22 15:02:00,105.91,105.96,105.91,105.96,1200.0
2017-11-22 15:03:00,106.04,106.04,105.94,105.96,2496.0
2017-11-22 15:04:00,106.05,106.05,106.05,106.05,100.0
2017-11-22 15:05:00,106.02,106.05,106.0,106.05,1707.0
2017-11-22 15:06:00,106.03,106.03,106.03,106.03,200.0
2017-11-22 15:07:00,106.01,106.05,105.98,106.03,1900.0
2017-11-22 15:08:00,106.06,106.06,106.04,106.04,200.0
2017-11-22 15:09:00,106.07,106.07,106.03,106.05,1100.0
2017-11-22 15:10:00,106.07,106.07,106.07,106.07,100.0
2017-11-22 15:12:00,106.07,106.08,106.07,106.07,1700.0
2017-11-22 15:13:00,106.12,106.12,106.1,106.1,200.0
2017-11-22 15:14:00,106.16,106.16,106.12,106.12,300.0
2017-11-22 15:15:00,106.165,106.18,106.165,106.18,200.0
2017-11-22 15:16:00,106.14,106.15,106.13,106.15,1600.0
2017-11-22 15:17:00,106.11,106.12,106.1,106.12,800.0
2017-11-22 15:18:00,106.05,106.05,106.05,106.05,100.0
2017-11-22 15:19:00,106.06,106.08,106.05,106.08,1000.0
2017-11-22 15:20:00,106.04,106.07,106.04,106.07,1700.0
2017-11-22 15:22:00,105.945,106.07,105.93,106.04,3200.0
2017-11-22 15:23:00,106.0,106.0,105.92,105.92,2260.0
2017-11-22 15:24:00,105.96,105.97,105.96,105.97,325.0
2017-11-22 15:25:00,105.93,105.93,105.93,105.93,200.0
2017-11-22 15:26:00,105.81,105.93,105.81,105.93,1330.0
2017-11-22 15:27:00,105.76,105.835,105.76,105.82,800.0
2017-11-22 15:28:00,105.88,105.88,105.76,105.76,2700.0
2017-11-22 15:29:00,105.88,105.88,105.88,105.88,200.0
2017-11-22 15:30:00,105.87,105.87,105.87,105.87,245.0
2017-11-22 15:32:00,105.9,105.9,105.88,105.9,2483.0
2017-11-22 15:33:00,105.94,105.94,105.9,105.9,1630.0
2017-11-22 15:34:00,105.94,105.95,105.93,105.94,1500.0
2017-11-22 15:35:00,106.04,106.04,105.94,105.95,4964.0
2017-11-22 15:36:00,106.07,106.08,106.07,106.08,200.0
2017-11-22 15:37:00,106.03,106.065,106.02,106.065,3254.0
2017-11-22 15:38:00,106.03,106.03,106.03,106.03,200.0
2017-11-22 15:39:00,106.05,106.05,106.05,106.05,800.0
2017-11-22 15:40:00,106.05,106.08,106.04,106.08,2700.0
2017-11-22 15:41:00,106.02,106.04,106.02,106.03,1700.0
2017-11-22 15:42:00,105.99,106.02,105.95,106.01,2397.0
2017-11-22 15:43:00,105.99,105.99,105.99,105.99,200.0
2017-11-22 15:44:00,105.99,105.99,105.96,105.975,1000.0
2017-11-22 15:45:00,105.95,105.975,105.95,105.96,5483.0
2017-11-22 15:46:00,105.92,105.95,105.92,105.95,1050.0
2017-11-22 15:47:00,105.98,105.98,105.92,105.935,5250.0
2017-11-22 15:48:00,105.93,105.98,105.92,105.96,2700.0
2017-11-22 15:49:00,105.92,105.94,105.915,105.915,1300.0
2017-11-22 15:50:00,105.94,106.0,105.93,105.94,5741.0
2017-11-22 15:51:00,105.97,105.97,105.95,105.95,400.0
2017-11-22 15:52:00,105.97,105.97,105.9523,105.97,1920.0
2017-11-22 15:53:00,105.91,105.965,105.91,105.96,1716.0
2017-11-22 15:54:00,105.94,105.94,105.885,105.9,2581.0
2017-11-22 15:55:00,105.95,105.95,105.94,105.95,1400.0
2017-11-22 15:56:00,105.94,105.955,105.93,105.955,2700.0
2017-11-22 15:57:00,105.96,105.97,105.93,105.95,3374.0
2017-11-22 15:58:00,105.97,105.98,105.95,105.96,2139.0
2017-11-22 15:59:00,105.95,105.98,105.94,105.98,3779.0
2017-11-22 16:00:00,105.93,105.99,105.93,105.96,5095.0
2017-11-24 09:30:00,106.55,106.55,106.55,106.55,6991.0
2017-11-24 09:32:00,106.49,106.49,106.49,106.49,100.0
2017-11-24 09:36:00,106.3453,106.3453,106.3453,106.3453,300.0
2017-11-24 09:37:00,106.26,106.26,106.26,106.26,100.0
2017-11-24 09:38:00,106.32,106.33,106.23,106.33,1859.0
2017-11-24 09:39:00,106.735,106.735,106.42,106.42,2200.0
2017-11-24 09:41:00,106.63,106.77,106.43,106.76,1500.0
2017-11-24 09:42:00,106.58,106.65,106.58,106.64,300.0
2017-11-24 09:43:00,106.675,106.675,106.45,106.47,1308.0
2017-11-24 09:44:00,106.66,106.75,106.66,106.675,900.0
2017-11-24 09:45:00,106.82,106.9,106.67,106.81,4632.0
2017-11-24 09:46:00,107.0,107.0,106.81,106.84,7020.0
2017-11-24 09:47:00,106.91,106.91,106.91,106.91,100.0
2017-11-24 09:48:00,106.99,107.08,106.945,106.99,3205.0
2017-11-24 09:49:00,107.05,107.05,107.05,107.05,100.0
2017-11-24 09:50:00,107.04899999999999,107.09,106.94,107.06,2019.0
2017-11-24 09:51:00,107.07,107.07,107.07,107.07,200.0
2017-11-24 09:53:00,106.82,106.96,106.8,106.95,1807.0
2017-11-24 09:54:00,106.89,106.89,106.76,106.78,1500.0
2017-11-24 09:55:00,106.92,106.97,106.92,106.94,800.0
2017-11-24 09:56:00,106.87,106.87,106.87,106.87,400.0
2017-11-24 09:57:00,106.7,106.87,106.7,106.87,2214.0
2017-11-24 09:58:00,106.76,106.76,106.69,106.69,2329.0
2017-11-24 09:59:00,106.83,107.03,106.8,106.8,2100.0
2017-11-24 10:00:00,106.93,106.93,106.93,106.93,100.0
2017-11-24 10:01:00,106.99,106.99,106.99,106.99,100.0
2017-11-24 10:03:00,106.88,106.92,106.8,106.91,3000.0
2017-11-24 10:04:00,106.92,106.92,106.9,106.9,400.0
2017-11-24 10:05:00,106.89,106.89,106.89,106.89,100.0
2017-11-24 10:06:00,106.8,106.925,106.8,106.92,2600.0
2017-11-24 10:07:00,106.84,106.84,106.83,106.84,500.0
2017-11-24 10:08:00,107.0,107.0,106.92,106.955,1808.0
2017-11-24 10:09:00,107.005,107.005,107.005,107.005,100.0
2017-11-24 10:10:00,106.98,107.07,106.98,107.03,3762.0
2017-11-24 10:11:00,107.0,107.0,107.0,107.0,200.0
2017-11-24 10:12:00,107.01,107.06,107.0,107.04,1314.0
2017-11-24 10:13:00,106.98,106.98,106.98,106.98,284.0
2017-11-24 10:15:00,106.98,106.98,106.98,106.98,200.0
2017-11-24 10:17:00,106.94,106.94,106.91,106.91,757.0
2017-11-24 10:18:00,106.9247,106.9475,106.9247,106.9475,400.0
2017-11-24 10:19:00,106.83,106.96,106.83,106.96,1200.0
2017-11-24 10:20:00,106.79,106.79,106.79,106.79,100.0
2017-11-24 10:21:00,106.77,106.77,106.77,106.77,100.0
2017-11-24 10:22:00,106.78,106.78,106.74,106.74,400.0
2017-11-24 10:24:00,106.75,106.75,106.75,106.75,100.0
2017-11-24 10:25:00,106.85,106.85,106.77,106.81,1384.0
2017-11-24 10:26:00,106.86,106.86,106.86,106.86,100.0
2017-11-24 10:27:00,106.72,106.86,106.72,106.86,1000.0
2017-11-24 10:28:00,106.69,106.77,106.69,106.7,900.0
2017-11-24 10:29:00,106.64,106.64,106.64,106.64,100.0
2017-11-24 10:30:00,106.78,106.78,106.69,106.69,1643.0
2017-11-24 10:31:00,106.87,106.87,106.87,106.87,100.0
2017-11-24 10:32:00,106.785,106.8132,106.74,106.8132,800.0
2017-11-24 10:34:00,106.745,106.745,106.745,106.745,500.0
2017-11-24 10:35:00,106.82,106.89,106.8,106.8,600.0
2017-11-24 10:36:00,106.75,106.795,106.75,106.79,500.0
2017-11-24 10:37:00,106.68,106.68,106.68,106.68,300.0
2017-11-24 10:38:00,106.6832,106.6832,106.6832,106.6832,100.0
2017-11-24 10:41:00,106.53,106.58,106.53,106.58,1200.0
2017-11-24 10:42:00,106.41,106.505,106.41,106.47,600.0
2017-11-24 10:43:00,106.56,106.56,106.42,106.42,1820.0
2017-11-24 10:45:00,106.525,106.525,106.5,106.5,357.0
2017-11-24 10:46:00,106.52,106.52,106.52,106.52,100.0
2017-11-24 10:47:00,106.44,106.49,106.44,106.49,700.0
2017-11-24 10:49:00,106.41,106.445,106.41,106.41,300.0
2017-11-24 10:51:00,106.42,106.42,106.41,106.41,500.0
2017-11-24 10:52:00,106.505,106.53,106.48,106.48,749.0
2017-11-24 10:53:00,106.46,106.47,106.46,106.47,356.0
2017-11-24 10:58:00,106.41,106.47,106.41,106.47,724.0
2017-11-24 10:59:00,106.44,106.44,106.44,106.44,100.0
2017-11-24 11:00:00,106.325,106.41,106.3,106.38,1102.0
2017-11-24 11:01:00,106.365,106.37,106.325,106.325,2500.0
2017-11-24 11:02:00,106.38,106.4,106.38,106.38,1200.0
2017-11-24 11:03:00,106.27,106.4,106.27,106.4,1317.0
2017-11-24 11:04:00,106.3,106.3,106.3,106.3,100.0
2017-11-24 11:05:00,106.215,106.24,106.21,106.24,700.0
2017-11-24 11:06:00,106.22,106.255,106.21,106.21,1100.0
2017-11-24 11:09:00,106.2385,106.2385,106.2385,106.2385,100.0
2017-11-24 11:10:00,106.3,106.3,106.235,106.2436,1317.0
2017-11-24 11:11:00,106.2766,106.2766,106.2766,106.2766,125.0
2017-11-24 11:12:00,106.29,106.29,106.29,106.29,100.0
2017-11-24 11:15:00,106.27,106.32,106.25,106.32,2300.0
2017-11-24 11:16:00,106.27,106.3,106.27,106.28,1000.0
2017-11-24 11:17:00,106.24,106.32,106.24,106.32,900.0
2017-11-24 11:18:00,106.22,106.24,106.19,106.24,1333.0
2017-11-24 11:19:00,106.21,106.2143,106.21,106.2143,689.0
2017-11-24 11:20:00,106.18,106.205,106.18,106.19,300.0
2017-11-24 11:22:00,106.21,106.22,106.21,106.22,300.0
2017-11-24 11:23:00,106.25,106.25,106.25,106.25,100.0
2017-11-24 11:27:00,106.22,106.235,106.22,106.235,200.0
2017-11-24 11:28:00,106.23,106.23,106.23,106.23,100.0
2017-11-24 11:29:00,106.21,106.21,106.21,106.21,200.0
2017-11-24 11:30:00,106.2,106.21,106.2,106.21,500.0
2017-11-24 11:31:00,106.16,106.21,106.15,106.19,600.0
2017-11-24 11:32:00,106.1,106.15,106.1,106.15,500.0
2017-11-24 11:33:00,106.12,106.17,106.12,106.12,800.0
2017-11-24 11:36:00,106.19,106.19,106.13,106.13,900.0
2017-11-24 11:37:00,106.18,106.2,106.17,106.17,500.0
2017-11-24 11:38:00,106.2,106.2,106.2,106.2,100.0
2017-11-24 11:39:00,106.2,106.21,106.18,106.19,1100.0
2017-11-24 11:40:00,106.24,106.24,106.23,106.23,200.0
2017-11-24 11:41:00,106.24,106.24,106.24,106.24,100.0
2017-11-24 11:42:00,106.22,106.25,106.18,106.25,1233.0
2017-11-24 11:44:00,106.1776,106.1776,106.1776,106.1776,100.0
2017-11-24 11:45:00,106.165,106.19,106.165,106.19,548.0
2017-11-24 11:46:00,106.14,106.14,106.14,106.14,100.0
2017-11-24 11:48:00,106.1,106.12,106.1,106.12,200.0
2017-11-24 11:49:00,106.09,106.09,106.09,106.09,168.0
2017-11-24 11:50:00,106.06,106.06,106.06,106.06,100.0
2017-11-24 11:52:00,106.085,106.085,106.085,106.085,100.0
2017-11-24 11:54:00,106.1,106.1,106.1,106.1,100.0
2017-11-24 11:55:00,106.13,106.13,106.1,106.1,900.0
2017-11-24 11:56:00,106.17,106.17,106.15,106.17,300.0
2017-11-24 11:57:00,106.15,106.22,106.15,106.22,1600.0
2017-11-24 11:58:00,106.165,106.1894,106.165,106.1894,400.0
2017-11-24 12:00:00,106.13,106.18,106.11,106.155,1423.0
2017-11-24 12:01:00,106.03,106.13,106.03,106.13,1238.0
2017-11-24 12:02:00,106.07,106.07,106.07,106.07,305.0
2017-11-24 12:03:00,106.09,106.09,106.0601,106.0601,251.0
2017-11-24 12:04:00,106.06,106.085,106.06,106.085,400.0
2017-11-24 12:05:00,106.04,106.04,106.04,106.04,100.0
2017-11-24 12:06:00,106.05,106.05,106.05,106.05,560.0
2017-11-24 12:07:00,106.06,106.06,106.05,106.05,700.0
2017-11-24 12:08:00,106.06,106.06,106.06,106.06,200.0
2017-11-24 12:10:00,106.03,106.03,106.03,106.03,100.0
2017-11-24 12:13:00,106.11,106.11,106.03,106.03,1200.0
2017-11-24 12:14:00,106.1,106.1,106.1,106.1,300.0
2017-11-24 12:15:00,106.105,106.105,106.105,106.105,160.0
2017-11-24 12:16:00,106.05,106.09,106.05,106.09,551.0
2017-11-24 12:17:00,106.06,106.06,106.06,106.06,100.0
2017-11-24 12:18:00,106.0,106.0303,106.0,106.0303,200.0
2017-11-24 12:19:00,106.05,106.05,106.04,106.04,800.0
2017-11-24 12:20:00,106.09,106.09,106.09,106.09,100.0
2017-11-24 12:21:00,106.13,106.13,106.08,106.09,500.0
2017-11-24 12:22:00,106.16,106.17,106.13,106.13,500.0
2017-11-24 12:25:00,106.19,106.19,106.19,106.19,300.0
2017-11-24 12:26:00,106.12,106.19,106.12,106.15,1100.0
2017-11-24 12:27:00,106.135,106.14,106.13,106.13,700.0
2017-11-24 12:28:00,106.12,106.12,106.12,106.12,200.0
2017-11-24 12:29:00,106.13799999999999,106.13799999999999,106.1,106.1,200.0
2017-11-24 12:30:00,106.13,106.14,106.13,106.14,300.0
2017-11-24 12:32:00,106.17,106.17,106.14,106.14,200.0
2017-11-24 12:33:00,106.12,106.14,106.1,106.14,1400.0
2017-11-24 12:34:00,106.11,106.11,106.11,106.11,100.0
2017-11-24 12:35:00,106.14,106.14,106.12,106.12,911.0
2017-11-24 12:36:00,106.16,106.165,106.15,106.15,1000.0
2017-11-24 12:38:00,106.305,106.305,106.21,106.21,1400.0
2017-11-24 12:39:00,106.31,106.32,106.29,106.29,600.0
2017-11-24 12:40:00,106.32,106.35,106.31,106.35,771.0
2017-11-24 12:41:00,106.33,106.33,106.29,106.3,1201.0
2017-11-24 12:42:00,106.33,106.33,106.28,106.3,1100.0
2017-11-24 12:43:00,106.3,106.33,106.3,106.33,501.0
2017-11-24 12:44:00,106.37,106.37,106.3,106.33,1200.0
2017-11-24 12:45:00,106.35,106.37,106.33,106.34,4928.0
2017-11-24 12:46:00,106.4,106.43,106.36,106.36,1800.0
2017-11-24 12:47:00,106.37,106.42,106.35,106.41,3040.0
2017-11-24 12:48:00,106.36,106.37,106.36,106.37,300.0
2017-11-24 12:49:00,106.36,106.38,106.36,106.37,457.0
2017-11-24 12:50:00,106.4,106.4,106.38,106.38,575.0
2017-11-24 12:51:00,106.39,106.39,106.36,106.385,2168.0
2017-11-24 12:52:00,106.39,106.41,106.39,106.4,600.0
2017-11-24 12:53:00,106.39,106.4,106.39,106.39,1200.0
2017-11-24 12:54:00,106.41,106.42,106.39,106.4,3979.0
2017-11-24 12:55:00,106.41,106.415,106.4025,106.415,700.0
2017-11-24 12:56:00,106.4,106.41,106.385,106.41,2608.0
2017-11-24 12:57:00,106.39,106.41,106.37,106.38,1100.0
2017-11-24 12:58:00,106.43,106.43,106.41,106.41,673.0
2017-11-24 12:59:00,106.415,106.425,106.41,106.42,2970.0
2017-11-24 13:00:00,106.42,106.48,106.37,106.415,12256.0
2017-11-27 09:30:00,106.4,106.4,106.4,106.4,4421.0
2017-11-27 09:31:00,106.84,106.84,106.36200000000001,106.405,2000.0
2017-11-27 09:32:00,106.82,106.82,106.82,106.82,100.0
2017-11-27 09:33:00,106.8,107.1,106.7,106.78,1050.0
2017-11-27 09:34:00,107.25,107.25,107.01,107.01,500.0
2017-11-27 09:35:00,107.13,107.14,107.13,107.14,310.0
2017-11-27 09:36:00,107.1,107.12,107.09,107.1,700.0
2017-11-27 09:37:00,107.05,107.085,106.86,107.07,900.0
2017-11-27 09:38:00,107.03,107.04,106.945,106.945,600.0
2017-11-27 09:39:00,107.02,107.02,106.955,106.955,800.0
2017-11-27 09:40:00,107.23,107.25,106.975,106.975,1700.0
2017-11-27 09:41:00,107.21,107.34,107.21,107.21,10403.0
2017-11-27 09:42:00,107.29,107.31,107.29,107.31,300.0
2017-11-27 09:43:00,107.14,107.255,107.09,107.255,2766.0
2017-11-27 09:44:00,107.0,107.1,106.98,107.1,963.0
2017-11-27 09:45:00,107.08,107.08,107.03,107.03,251.0
2017-11-27 09:46:00,107.02,107.02,106.905,107.0,700.0
2017-11-27 09:47:00,107.05,107.05,107.04,107.04,200.0
2017-11-27 09:48:00,106.8,107.03,106.8,107.03,3300.0
2017-11-27 09:49:00,106.6,106.66,106.6,106.66,1140.0
2017-11-27 09:50:00,106.57,106.59,106.52,106.52,600.0
2017-11-27 09:51:00,106.45,106.555,106.4,106.555,1100.0
2017-11-27 09:52:00,106.37,106.37,106.37,106.37,200.0
2017-11-27 09:53:00,106.31,106.31,106.3,106.31,400.0
2017-11-27 09:54:00,106.3,106.38,106.29,106.31,900.0
2017-11-27 09:55:00,106.33,106.33,106.15,106.29,10529.0
2017-11-27 09:56:00,106.25,106.42,106.25,106.35,7525.0
2017-11-27 09:57:00,106.23,106.25,106.23,106.25,900.0
2017-11-27 09:58:00,106.2508,106.3,106.2508,106.28,2840.0
2017-11-27 09:59:00,106.21,106.33,106.21,106.32,2017.0
2017-11-27 10:01:00,106.03,106.16,105.98,106.16,2800.0
2017-11-27 10:02:00,105.94,105.99,105.94,105.99,700.0
2017-11-27 10:03:00,105.72,105.89,105.72,105.89,1500.0
2017-11-27 10:04:00,105.67,105.7,105.67,105.7,400.0
2017-11-27 10:05:00,105.64,105.65,105.5852,105.65,2019.0
2017-11-27 10:06:00,105.67,105.73,105.61,105.67,5202.0
2017-11-27 10:07:00,105.66,105.66,105.59,105.59,1285.0
2017-11-27 10:08:00,105.64,105.64,105.6,105.6,1523.0
2017-11-27 10:10:00,105.62,105.62,105.56,105.5934,1102.0
2017-11-27 10:11:00,105.53,105.61,105.53,105.56,8444.0
2017-11-27 10:12:00,105.7,105.78,105.47,105.49,4600.0
2017-11-27 10:13:00,105.81,105.835,105.78,105.835,1029.0
2017-11-27 10:14:00,105.71,105.79,105.66,105.79,1463.0
2017-11-27 10:15:00,105.71,105.71,105.66,105.71,1400.0
2017-11-27 10:16:00,105.64,105.72,105.57,105.72,1400.0
2017-11-27 10:17:00,105.585,105.63,105.56,105.59,1600.0
2017-11-27 10:18:00,105.61,105.61,105.56,105.57,600.0
2017-11-27 10:19:00,105.47,105.59,105.47,105.59,2100.0
2017-11-27 10:20:00,105.48,105.51,105.45,105.51,700.0
2017-11-27 10:21:00,105.35,105.45,105.34,105.45,1800.0
2017-11-27 10:22:00,105.47,105.48,105.385,105.42,2800.0
2017-11-27 10:23:00,105.415,105.47,105.41,105.47,505.0
2017-11-27 10:24:00,105.38,105.44,105.38,105.415,500.0
2017-11-27 10:25:00,105.5,105.5,105.405,105.43,2788.0
2017-11-27 10:26:00,105.64,105.64,105.5,105.5,1500.0
2017-11-27 10:27:00,105.55,105.64,105.53,105.63,2279.0
2017-11-27 10:28:00,105.51,105.58,105.51,105.55,1300.0
2017-11-27 10:29:00,105.4,105.53,105.4,105.53,400.0
2017-11-27 10:30:00,105.4,105.4,105.4,105.4,200.0
2017-11-27 10:31:00,105.42,105.42,105.39,105.4,700.0
2017-11-27 10:32:00,105.43,105.43,105.35,105.36,2650.0
2017-11-27 10:33:00,105.65,105.65,105.45,105.45,600.0
2017-11-27 10:34:00,105.59,105.59,105.54,105.54,300.0
2017-11-27 10:36:00,105.58,105.6,105.58,105.58,1400.0
2017-11-27 10:37:00,105.56,105.62,105.56,105.58,700.0
2017-11-27 10:38:00,105.63,105.63,105.63,105.63,100.0
2017-11-27 10:39:00,105.61,105.62,105.585,105.62,500.0
2017-11-27 10:40:00,105.67,105.67,105.51,105.55,3185.0
2017-11-27 10:41:00,105.58,105.66,105.58,105.66,2300.0
2017-11-27 10:42:00,105.6,105.6,105.56,105.56,1259.0
2017-11-27 10:43:00,105.6,105.6,105.6,105.6,100.0
2017-11-27 10:44:00,105.64,105.64,105.56,105.56,200.0
2017-11-27 10:45:00,105.639,105.639,105.57,105.57,218.0
2017-11-27 10:46:00,105.625,105.64,105.52,105.57,6306.0
2017-11-27 10:47:00,105.56,105.6,105.54,105.59,1106.0
2017-11-27 10:48:00,105.6,105.6,105.53,105.53,700.0
2017-11-27 10:49:00,105.5638,105.58,105.54,105.58,554.0
2017-11-27 10:50:00,105.565,105.565,105.565,105.565,200.0
2017-11-27 10:51:00,105.5,105.55,105.48,105.52,2600.0
2017-11-27 10:52:00,105.55,105.55,105.54,105.54,225.0
2017-11-27 10:54:00,105.45,105.49,105.41,105.49,2150.0
2017-11-27 10:55:00,105.56,105.56,105.46,105.46,900.0
2017-11-27 10:56:00,105.44,105.55,105.35,105.55,2196.0
2017-11-27 10:57:00,105.37,105.48,105.37,105.44,1600.0
2017-11-27 10:58:00,105.45,105.45,105.45,105.45,200.0
2017-11-27 10:59:00,105.375,105.45,105.375,105.44,4900.0
2017-11-27 11:00:00,105.49,105.49,105.35,105.405,1900.0
2017-11-27 11:01:00,105.49,105.49,105.49,105.49,200.0
2017-11-27 11:03:00,105.665,105.67,105.49,105.49,2300.0
2017-11-27 11:04:00,105.52,105.63,105.52,105.63,700.0
2017-11-27 11:05:00,105.85,105.85,105.55,105.56,3611.0
2017-11-27 11:06:00,105.73,105.85,105.73,105.83,3100.0
2017-11-27 11:07:00,105.78,105.78,105.75,105.77,400.0
2017-11-27 11:08:00,105.8,105.8,105.75,105.78,1400.0
2017-11-27 11:09:00,105.685,105.78,105.685,105.74,4100.0
2017-11-27 11:10:00,105.74,105.75,105.675,105.675,2000.0
2017-11-27 11:11:00,105.82,105.82,105.77,105.77,1267.0
2017-11-27 11:12:00,105.76,105.84,105.62,105.84,4000.0
2017-11-27 11:13:00,105.74,105.85,105.695,105.7,17614.0
2017-11-27 11:14:00,105.82,105.83,105.82,105.83,200.0
2017-11-27 11:15:00,105.8,105.84,105.74,105.84,4600.0
2017-11-27 11:16:00,105.9,105.9,105.83,105.85,3100.0
2017-11-27 11:17:00,105.79,105.84,105.75,105.84,1200.0
2017-11-27 11:18:00,105.75,105.79,105.75,105.79,7401.0
2017-11-27 11:19:00,105.71,105.78,105.7,105.74,2000.0
2017-11-27 11:20:00,105.73,105.73,105.71,105.71,1445.0
2017-11-27 11:21:00,105.75,105.75,105.71,105.71,1500.0
2017-11-27 11:22:00,105.84,105.87,105.73,105.76,6049.0
2017-11-27 11:23:00,105.89,105.89,105.89,105.89,100.0
2017-11-27 11:24:00,105.92,105.92,105.8597,105.8597,1759.0
2017-11-27 11:25:00,105.92,105.92,105.87,105.92,700.0
2017-11-27 11:26:00,105.87,105.93,105.87,105.93,700.0
2017-11-27 11:27:00,105.83,105.83,105.83,105.83,1615.0
2017-11-27 11:28:00,105.92,105.92,105.83,105.83,1871.0
2017-11-27 11:29:00,105.9,105.9,105.88,105.89,1100.0
2017-11-27 11:30:00,105.91,105.91,105.91,105.91,100.0
2017-11-27 11:31:00,105.94,105.94,105.91,105.91,1300.0
2017-11-27 11:32:00,105.94,105.94,105.94,105.94,100.0
2017-11-27 11:33:00,105.8401,105.89,105.84,105.89,1104.0
2017-11-27 11:34:00,105.89,105.89,105.84,105.88,2100.0
2017-11-27 11:35:00,105.86,105.885,105.83,105.885,1600.0
2017-11-27 11:36:00,105.94,105.95,105.88,105.88,3217.0
2017-11-27 11:37:00,105.89,105.97,105.89,105.95,500.0
2017-11-27 11:38:00,105.925,105.95,105.89,105.95,600.0
2017-11-27 11:39:00,105.94,105.945,105.93,105.93,700.0
2017-11-27 11:40:00,105.95,105.99,105.95,105.96,800.0
2017-11-27 11:41:00,106.0,106.01,105.95,105.95,1578.0
2017-11-27 11:42:00,106.01,106.01,105.96,105.99,1200.0
2017-11-27 11:43:00,106.0,106.0,105.96,105.96,300.0
2017-11-27 11:44:00,105.87,105.96,105.87,105.96,2700.0
2017-11-27 11:45:00,105.88,105.94,105.88,105.94,600.0
2017-11-27 11:46:00,105.91,105.91,105.84,105.88,2200.0
2017-11-27 11:47:00,105.86,105.93,105.86,105.86,2977.0
2017-11-27 11:48:00,105.84,105.89,105.84,105.865,2100.0
2017-11-27 11:50:00,105.75,105.855,105.75,105.8425,1800.0
2017-11-27 11:51:00,105.81,105.81,105.73,105.73,6100.0
2017-11-27 11:52:00,105.79,105.795,105.79,105.795,2100.0
2017-11-27 11:53:00,105.79,105.82,105.71,105.82,5775.0
2017-11-27 11:54:00,105.75,105.785,105.75,105.785,3000.0
2017-11-27 11:55:00,105.84,105.84,105.77,105.79,2712.0
2017-11-27 11:56:00,105.8,105.84,105.78,105.8,600.0
2017-11-27 11:57:00,105.75,105.76,105.75,105.75,1308.0
2017-11-27 11:58:00,105.74,105.74,105.71,105.71,300.0
2017-11-27 11:59:00,105.78,105.78,105.74,105.74,1906.0
2017-11-27 12:00:00,105.83,105.88,105.79,105.79,2606.0
2017-11-27 12:01:00,105.81,105.85,105.75,105.85,1777.0
2017-11-27 12:02:00,105.865,105.865,105.83,105.83,200.0
2017-11-27 12:03:00,105.89,105.89,105.85,105.86,1200.0
2017-11-27 12:04:00,105.9,105.92,105.85,105.85,900.0
2017-11-27 12:05:00,105.87,105.89,105.83,105.89,700.0
2017-11-27 12:07:00,105.82,105.85,105.81,105.81,800.0
2017-11-27 12:09:00,105.79,105.84,105.79,105.84,600.0
2017-11-27 12:10:00,105.825,105.85,105.76,105.76,1304.0
2017-11-27 12:12:00,105.82,105.86,105.8,105.8206,1300.0
2017-11-27 12:13:00,105.9,105.9,105.84,105.84,906.0
2017-11-27 12:14:00,105.78,105.78,105.78,105.78,100.0
2017-11-27 12:15:00,105.77,105.78,105.77,105.78,600.0
2017-11-27 12:16:00,105.83,105.86,105.76,105.76,1400.0
2017-11-27 12:17:00,105.83,105.85,105.83,105.85,200.0
2017-11-27 12:18:00,105.87,105.89,105.87,105.89,348.0
2017-11-27 12:19:00,105.79,105.84,105.79,105.84,500.0
2017-11-27 12:20:00,105.79,105.84,105.79,105.84,500.0
2017-11-27 12:21:00,105.75,105.79,105.75,105.79,500.0
2017-11-27 12:22:00,105.76,105.775,105.745,105.775,2252.0
2017-11-27 12:23:00,105.8,105.8,105.74,105.75,1500.0
2017-11-27 12:24:00,105.97,105.97,105.82,105.82,1500.0
2017-11-27 12:25:00,105.98,106.01,105.94,106.01,1300.0
2017-11-27 12:26:00,105.96,105.96,105.935,105.96,500.0
2017-11-27 12:27:00,106.0,106.0,106.0,106.0,100.0
2017-11-27 12:28:00,105.913,105.94,105.913,105.94,600.0
2017-11-27 12:29:00,106.05,106.05,105.97,105.97,627.0
2017-11-27 12:30:00,106.06,106.06,106.06,106.06,100.0
2017-11-27 12:31:00,106.04,106.05,106.02,106.05,600.0
2017-11-27 12:32:00,106.01,106.01,106.01,106.01,300.0
2017-11-27 12:33:00,105.99,105.99,105.94,105.94,704.0
2017-11-27 12:34:00,106.02,106.027,106.02,106.027,350.0
2017-11-27 12:35:00,105.96,105.96,105.96,105.96,300.0
2017-11-27 12:36:00,105.93,105.93,105.93,105.93,300.0
2017-11-27 12:37:00,105.89,105.89,105.89,105.89,100.0
2017-11-27 12:38:00,105.89,105.89,105.89,105.89,200.0
2017-11-27 12:39:00,105.96,105.96,105.93,105.93,1000.0
2017-11-27 12:40:00,106.0,106.01,105.97,105.97,800.0
2017-11-27 12:41:00,105.98,105.98,105.97,105.97,300.0
2017-11-27 12:42:00,106.02,106.02,105.99,105.99,500.0
2017-11-27 12:43:00,106.02,106.03,106.02,106.03,200.0
2017-11-27 12:44:00,106.0,106.0,106.0,106.0,500.0
2017-11-27 12:45:00,105.97,106.0,105.97,105.99,300.0
2017-11-27 12:46:00,105.92,105.995,105.92,105.995,1000.0
2017-11-27 12:47:00,105.92,105.96,105.9,105.94,1799.0
2017-11-27 12:48:00,105.91,105.96,105.89,105.95,1800.0
2017-11-27 12:49:00,105.91,105.94,105.9,105.91,700.0
2017-11-27 12:50:00,105.95,106.01,105.92,105.92,2000.0
2017-11-27 12:51:00,106.1,106.11,106.01,106.01,1367.0
2017-11-27 12:52:00,106.15,106.15,106.13,106.13,500.0
2017-11-27 12:53:00,106.16,106.26,106.15,106.15,3900.0
2017-11-27 12:54:00,106.15,106.15,106.15,106.15,100.0
2017-11-27 12:55:00,106.16,106.16,106.16,106.16,100.0
2017-11-27 12:56:00,106.2,106.2,106.2,106.2,100.0
2017-11-27 12:57:00,106.26,106.26,106.21,106.215,2200.0
2017-11-27 12:58:00,106.34,106.37,106.28,106.29,2448.0
2017-11-27 12:59:00,106.28,106.32,106.28,106.31,600.0
2017-11-27 13:00:00,106.17,106.24,106.09,106.18,600.0
2017-11-27 13:01:00,106.2199,106.2199,106.2199,106.2199,200.0
2017-11-27 13:02:00,106.15,106.18,106.12,106.18,1500.0
2017-11-27 13:03:00,106.1,106.14,106.07,106.12,2053.0
2017-11-27 13:05:00,106.0859,106.0859,106.0688,106.0688,303.0
2017-11-27 13:06:00,105.99,106.05,105.99,106.05,400.0
2017-11-27 13:07:00,105.98,105.98,105.97,105.97,200.0
2017-11-27 13:09:00,105.98,105.98,105.98,105.98,100.0
2017-11-27 13:10:00,106.0,106.0,105.96,105.96,622.0
2017-11-27 13:12:00,105.96,105.96,105.96,105.96,100.0
2017-11-27 13:13:00,105.96,105.96,105.96,105.96,849.0
2017-11-27 13:14:00,105.94,105.96,105.92,105.95,3400.0
2017-11-27 13:15:00,105.96,105.96,105.93,105.95,400.0
2017-11-27 13:16:00,106.01,106.01,105.96,105.96,2463.0
2017-11-27 13:17:00,105.9225,106.04,105.9225,106.01,1300.0
2017-11-27 13:18:00,105.9,105.9,105.9,105.9,100.0
2017-11-27 13:20:00,105.94,105.96,105.84,105.84,2282.0
2017-11-27 13:21:00,105.96,105.96,105.96,105.96,200.0
2017-11-27 13:22:00,105.86,105.92,105.86,105.92,700.0
2017-11-27 13:23:00,105.81,105.81,105.81,105.81,100.0
2017-11-27 13:24:00,105.91,105.91,105.82,105.845,1500.0
2017-11-27 13:25:00,105.82,105.86,105.82,105.86,800.0
2017-11-27 13:26:00,105.98,105.98,105.81,105.85,2722.0
2017-11-27 13:27:00,106.17,106.18,105.99,106.0,19285.0
2017-11-27 13:28:00,106.22,106.3,106.18,106.18,2350.0
2017-11-27 13:29:00,106.17,106.17,106.17,106.17,300.0
2017-11-27 13:30:00,106.11,106.11,106.09,106.09,500.0
2017-11-27 13:31:00,106.1,106.1,106.1,106.1,100.0
2017-11-27 13:32:00,106.15,106.15,106.07,106.1,2381.0
2017-11-27 13:33:00,106.03,106.07,106.03,106.07,600.0
2017-11-27 13:34:00,106.03,106.03,106.03,106.03,100.0
2017-11-27 13:35:00,106.15,106.15,106.1,106.11,1144.0
2017-11-27 13:36:00,106.09,106.09,106.09,106.09,695.0
2017-11-27 13:37:00,106.18,106.18,106.16,106.16,800.0
2017-11-27 13:39:00,106.23,106.23,106.23,106.23,400.0
2017-11-27 13:40:00,106.28,106.28,106.28,106.28,100.0
2017-11-27 13:41:00,106.24,106.3,106.24,106.28,2300.0
2017-11-27 13:42:00,106.21,106.25,106.18,106.23,1820.0
2017-11-27 13:45:00,106.17,106.17,106.17,106.17,300.0
2017-11-27 13:46:00,106.25,106.28,106.18,106.19,2322.0
2017-11-27 13:47:00,106.24,106.24,106.24,106.24,100.0
2017-11-27 13:48:00,106.24,106.3,106.24,106.29,800.0
2017-11-27 13:51:00,106.22,106.25,106.205,106.22,1800.0
2017-11-27 13:53:00,106.19,106.19,106.19,106.19,800.0
2017-11-27 13:54:00,106.21,106.22,106.21,106.2199,753.0
2017-11-27 13:55:00,106.2,106.2,106.2,106.2,200.0
2017-11-27 13:56:00,106.17,106.2,106.17,106.2,700.0
2017-11-27 13:57:00,106.16,106.17200000000001,106.16,106.17200000000001,203.0
2017-11-27 13:58:00,106.16,106.19,106.16,106.16,700.0
2017-11-27 13:59:00,106.12,106.16,106.12,106.16,500.0
2017-11-27 14:00:00,106.115,106.14,106.1,106.14,500.0
2017-11-27 14:01:00,106.16,106.16,106.08,106.08,3702.0
2017-11-27 14:02:00,106.17,106.22,106.17,106.17,2215.0
2017-11-27 14:03:00,106.13,106.15,106.07,106.15,1475.0
2017-11-27 14:06:00,106.05,106.09,106.05,106.09,600.0
2017-11-27 14:07:00,106.12,106.12,106.12,106.12,1011.0
2017-11-27 14:08:00,106.1,106.1,106.1,106.1,465.0
2017-11-27 14:09:00,106.06,106.11,106.06,106.11,800.0
2017-11-27 14:10:00,106.06,106.06,106.06,106.06,507.0
2017-11-27 14:11:00,105.98,106.02,105.98,106.02,300.0
2017-11-27 14:12:00,106.09,106.09,105.98,106.02,6112.0
2017-11-27 14:13:00,106.04,106.08,106.04,106.08,1300.0
2017-11-27 14:15:00,106.04,106.04,106.04,106.04,100.0
2017-11-27 14:16:00,106.13,106.13,106.05,106.05,3587.0
2017-11-27 14:17:00,106.12200000000001,106.15,106.12200000000001,106.14,1798.0
2017-11-27 14:19:00,106.12,106.16,106.11,106.11,1941.0
2017-11-27 14:20:00,106.0747,106.12,106.0747,106.12,400.0
2017-11-27 14:21:00,106.0547,106.075,106.0547,106.075,1190.0
2017-11-27 14:22:00,106.08,106.16,106.075,106.075,4714.0
2017-11-27 14:24:00,106.09,106.09,106.09,106.09,100.0
2017-11-27 14:25:00,106.05,106.09,106.05,106.09,800.0
2017-11-27 14:26:00,106.0,106.06,105.945,106.06,10428.0
2017-11-27 14:27:00,106.01,106.03,106.01,106.02,638.0
2017-11-27 14:28:00,105.98,105.99,105.97,105.99,1613.0
2017-11-27 14:29:00,105.98,105.98,105.97,105.97,200.0
2017-11-27 14:30:00,105.93,105.94,105.93,105.94,300.0
2017-11-27 14:31:00,105.9,105.93,105.9,105.9,500.0
2017-11-27 14:32:00,105.9,105.93,105.9,105.91,1000.0
2017-11-27 14:33:00,105.89,105.9,105.89,105.9,807.0
2017-11-27 14:34:00,105.84,105.86,105.84,105.86,300.0
2017-11-27 14:36:00,105.77,105.87,105.77,105.87,1200.0
2017-11-27 14:37:00,105.79,105.82,105.75,105.75,7866.0
2017-11-27 14:38:00,105.805,105.83,105.77,105.83,3737.0
2017-11-27 14:39:00,105.8,105.82,105.79,105.82,1892.0
2017-11-27 14:40:00,105.815,105.84,105.8,105.8,2053.0
2017-11-27 14:41:00,105.815,105.815,105.815,105.815,200.0
2017-11-27 14:42:00,105.75,105.78,105.7,105.78,5538.0
2017-11-27 14:43:00,105.76,105.79,105.73,105.76,22139.0
2017-11-27 14:44:00,105.76,105.7695,105.73,105.76,8300.0
2017-11-27 14:45:00,105.78,105.78,105.75,105.75,2400.0
2017-11-27 14:46:00,105.77,105.79,105.76,105.78,1800.0
2017-11-27 14:47:00,105.73,105.76,105.73,105.76,500.0
2017-11-27 14:48:00,105.67,105.72,105.67,105.72,810.0
2017-11-27 14:49:00,105.66,105.695,105.61,105.67,4617.0
2017-11-27 14:50:00,105.62,105.67,105.62,105.67,600.0
2017-11-27 14:51:00,105.59,105.6302,105.59,105.6302,1649.0
2017-11-27 14:52:00,105.53,105.6,105.53,105.6,1080.0
2017-11-27 14:53:00,105.51,105.51,105.51,105.51,300.0
2017-11-27 14:54:00,105.37,105.52,105.37,105.5,4550.0
2017-11-27 14:55:00,105.36,105.36,105.36,105.36,100.0
2017-11-27 14:56:00,105.395,105.395,105.36,105.36,200.0
2017-11-27 14:57:00,105.42,105.45,105.39,105.43,5271.0
2017-11-27 14:58:00,105.4,105.415,105.4,105.4,708.0
2017-11-27 14:59:00,105.46,105.46,105.4,105.4,1200.0
2017-11-27 15:00:00,105.61,105.61,105.47,105.47,3669.0
2017-11-27 15:01:00,105.62,105.68,105.6,105.675,1570.0
2017-11-27 15:02:00,105.68,105.79,105.63,105.63,3149.0
2017-11-27 15:03:00,105.585,105.68,105.585,105.68,1000.0
2017-11-27 15:04:00,105.76,105.76,105.61,105.61,2187.0
2017-11-27 15:05:00,105.69,105.69,105.66,105.68,1327.0
2017-11-27 15:06:00,105.67,105.67,105.63,105.63,600.0
2017-11-27 15:07:00,105.68,105.68,105.66,105.67,1200.0
2017-11-27 15:08:00,105.72,105.72,105.68,105.68,1400.0
2017-11-27 15:09:00,105.76,105.76,105.74,105.74,200.0
2017-11-27 15:10:00,105.67,105.73,105.67,105.72,1200.0
2017-11-27 15:11:00,105.67,105.68,105.63,105.68,2019.0
2017-11-27 15:12:00,105.645,105.68,105.63,105.68,1200.0
2017-11-27 15:13:00,105.65,105.67,105.63,105.63,1290.0
2017-11-27 15:14:00,105.61,105.65,105.61,105.64,1300.0
2017-11-27 15:15:00,105.57,105.6,105.55,105.6,800.0
2017-11-27 15:16:00,105.55,105.5501,105.55,105.55,2500.0
2017-11-27 15:17:00,105.62,105.62,105.5499,105.55,3604.0
2017-11-27 15:18:00,105.66,105.66,105.6001,105.6001,1900.0
2017-11-27 15:19:00,105.65,105.65,105.63,105.65,700.0
2017-11-27 15:20:00,105.61,105.63,105.61,105.62,900.0
2017-11-27 15:21:00,105.67,105.67,105.64,105.64,2100.0
2017-11-27 15:22:00,105.72,105.72,105.68,105.69,2300.0
2017-11-27 15:23:00,105.8,105.81,105.74,105.74,1300.0
2017-11-27 15:24:00,105.76,105.8097,105.76,105.8097,1100.0
2017-11-27 15:25:00,105.86,105.86,105.76,105.76,2100.0
2017-11-27 15:26:00,105.81,105.88,105.79,105.88,2600.0
2017-11-27 15:27:00,105.8,105.8,105.79,105.79,300.0
2017-11-27 15:28:00,105.77,105.79,105.7499,105.78,3036.0
2017-11-27 15:29:00,105.76,105.76,105.76,105.76,100.0
2017-11-27 15:30:00,105.76,105.78,105.74,105.76,2542.0
2017-11-27 15:31:00,105.77,105.775,105.76,105.77,1100.0
2017-11-27 15:32:00,105.79,105.79,105.76,105.76,1732.0
2017-11-27 15:33:00,105.84,105.86,105.84,105.85,1913.0
2017-11-27 15:34:00,105.85,105.85,105.81,105.84,2223.0
2017-11-27 15:35:00,105.86,105.86,105.84,105.86,1317.0
2017-11-27 15:36:00,105.84,105.86,105.84,105.86,1800.0
2017-11-27 15:37:00,105.865,105.865,105.84,105.845,1300.0
2017-11-27 15:38:00,105.84,105.8699,105.84,105.8699,1264.0
2017-11-27 15:39:00,105.92,105.92,105.84,105.84,2481.0
2017-11-27 15:40:00,105.95,105.95,105.91,105.93,2311.0
2017-11-27 15:41:00,105.92,105.95,105.92,105.95,956.0
2017-11-27 15:42:00,105.97,105.97,105.91,105.93,4117.0
2017-11-27 15:43:00,105.96,105.96,105.9299,105.96,4509.0
2017-11-27 15:44:00,105.96,105.96,105.955,105.955,200.0
2017-11-27 15:45:00,105.99,105.99,105.96,105.96,2817.0
2017-11-27 15:46:00,105.97,105.995,105.96,105.99,4708.0
2017-11-27 15:47:00,106.01,106.01,105.97,105.97,2342.0
2017-11-27 15:48:00,106.015,106.02,105.995,106.01,4949.0
2017-11-27 15:49:00,106.035,106.05,106.015,106.015,4518.0
2017-11-27 15:50:00,106.02,106.065,106.01,106.04,8581.0
2017-11-27 15:51:00,106.09,106.1,106.02,106.02,7100.0
2017-11-27 15:52:00,106.17,106.26,106.1,106.1,11939.0
2017-11-27 15:53:00,106.16,106.18,106.15,106.16,3312.0
2017-11-27 15:54:00,106.24,106.24,106.16,106.16,6194.0
2017-11-27 15:55:00,106.23,106.2441,106.22,106.23,4320.0
2017-11-27 15:56:00,106.26,106.26,106.22,106.225,7562.0
2017-11-27 15:57:00,106.32,106.32,106.25,106.25,8482.0
2017-11-27 15:58:00,106.31,106.32,106.3,106.31,1925.0
2017-11-27 15:59:00,106.27,106.31,106.27,106.3,6008.0
2017-11-27 16:00:00,106.15,106.28,106.14,106.27,16811.0
2017-11-28 09:30:00,106.66,106.66,106.66,106.66,3087.0
2017-11-28 09:32:00,106.455,106.455,106.455,106.455,100.0
2017-11-28 09:33:00,106.3821,106.3821,106.3821,106.3821,159.0
2017-11-28 09:34:00,106.42,106.42,106.14,106.2,1600.0
2017-11-28 09:35:00,105.95,106.02,105.95,106.02,300.0
2017-11-28 09:36:00,105.94,106.15,105.94,105.98,600.0
2017-11-28 09:37:00,105.86,105.91,105.86,105.91,200.0
2017-11-28 09:40:00,105.77,105.94,105.77,105.94,600.0
2017-11-28 09:41:00,106.14,106.14,105.87,105.87,1900.0
2017-11-28 09:42:00,106.08,106.13,106.08,106.13,400.0
2017-11-28 09:43:00,106.04,106.04,106.04,106.04,100.0
2017-11-28 09:44:00,106.06,106.06,106.06,106.06,100.0
2017-11-28 09:46:00,106.08,106.08,106.06,106.06,300.0
2017-11-28 09:47:00,106.12,106.25,105.98,106.09,3550.0
2017-11-28 09:48:00,106.24,106.24,106.21,106.21,600.0
2017-11-28 09:49:00,106.23,106.24,106.13,106.24,400.0
2017-11-28 09:50:00,106.08,106.1,106.01,106.1,1442.0
2017-11-28 09:51:00,106.1,106.1,105.93,106.0,2900.0
2017-11-28 09:52:00,106.035,106.1,106.03,106.1,300.0
2017-11-28 09:53:00,105.9701,105.9701,105.9701,105.9701,250.0
2017-11-28 09:55:00,106.0,106.0272,106.0,106.0272,500.0
2017-11-28 09:56:00,106.0,106.02,106.0,106.02,900.0
2017-11-28 09:59:00,105.91,106.05,105.89,105.96,1500.0
2017-11-28 10:00:00,106.0,106.03,105.93,105.93,698.0
2017-11-28 10:01:00,105.89,105.89,105.89,105.89,200.0
2017-11-28 10:02:00,105.945,105.95,105.94,105.95,500.0
2017-11-28 10:05:00,105.9,105.96,105.89,105.95,1691.0
2017-11-28 10:06:00,105.83,105.9205,105.83,105.9205,500.0
2017-11-28 10:07:00,106.0,106.0,105.87,105.88,1795.0
2017-11-28 10:08:00,105.9,106.01,105.89,106.01,660.0
2017-11-28 10:10:00,105.83,105.92,105.82,105.82,300.0
2017-11-28 10:11:00,105.861,105.861,105.861,105.861,250.0
2017-11-28 10:12:00,105.9289,105.9289,105.86,105.86,304.0
2017-11-28 10:14:00,105.9,105.9,105.9,105.9,100.0
2017-11-28 10:15:00,105.8,105.8,105.8,105.8,100.0
2017-11-28 10:16:00,105.84,105.88,105.84,105.85,400.0
2017-11-28 10:17:00,105.84,105.84,105.84,105.84,100.0
2017-11-28 10:18:00,105.8,105.85,105.8,105.85,400.0
2017-11-28 10:19:00,105.75,105.75,105.75,105.75,100.0
2017-11-28 10:20:00,105.78,105.78,105.78,105.78,100.0
2017-11-28 10:23:00,106.0,106.0,105.85,105.85,1390.0
2017-11-28 10:24:00,106.01,106.06,105.94,105.94,1398.0
2017-11-28 10:26:00,106.045,106.08,106.04,106.08,1730.0
2017-11-28 10:27:00,106.02,106.1,106.02,106.05,1400.0
2017-11-28 10:28:00,106.05,106.07,106.0401,106.0401,400.0
2017-11-28 10:29:00,106.025,106.045,106.0,106.045,24900.0
2017-11-28 10:30:00,105.99,106.025,105.99,106.025,700.0
2017-11-28 10:31:00,106.035,106.035,105.99,106.02,600.0
2017-11-28 10:32:00,106.03,106.03,106.0,106.0,200.0
2017-11-28 10:34:00,106.1,106.1,106.05,106.05,1500.0
2017-11-28 10:35:00,106.09,106.12,106.09,106.09,710.0
2017-11-28 10:38:00,106.11,106.14,106.11,106.13,1100.0
2017-11-28 10:39:00,106.27,106.27,106.11,106.14,3368.0
2017-11-28 10:40:00,106.37,106.37,106.32,106.32,700.0
2017-11-28 10:41:00,106.52,106.62,106.39,106.39,5452.0
2017-11-28 10:42:00,106.445,106.53,106.41,106.53,2100.0
2017-11-28 10:43:00,106.42,106.45,106.4,106.4,1513.0
2017-11-28 10:44:00,106.26,106.42,106.26,106.42,800.0
2017-11-28 10:45:00,106.34,106.35,106.34,106.35,500.0
2017-11-28 10:46:00,106.32,106.32,106.32,106.32,100.0
2017-11-28 10:47:00,106.32,106.32,106.32,106.32,300.0
2017-11-28 10:48:00,106.31,106.35,106.3,106.32,666.0
2017-11-28 10:49:00,106.26,106.26,106.26,106.26,100.0
2017-11-28 10:50:00,106.32,106.32,106.26,106.26,639.0
2017-11-28 10:51:00,106.305,106.305,106.27,106.29,900.0
2017-11-28 10:53:00,106.27,106.27,106.23,106.26,10800.0
2017-11-28 10:54:00,106.35,106.39,106.26,106.29,1793.0
2017-11-28 10:56:00,106.3303,106.3303,106.31,106.31,400.0
2017-11-28 10:57:00,106.36,106.37,106.3295,106.3295,900.0
2017-11-28 10:58:00,106.4,106.41,106.4,106.41,300.0
2017-11-28 10:59:00,106.36,106.39,106.36,106.39,300.0
2017-11-28 11:00:00,106.32,106.36,106.32,106.36,400.0
2017-11-28 11:01:00,106.28,106.365,106.28,106.32,900.0
2017-11-28 11:02:00,106.285,106.314,106.25,106.28,1300.0
2017-11-28 11:03:00,106.29,106.29,106.26,106.27,1240.0
2017-11-28 11:04:00,106.21,106.26,106.21,106.26,400.0
2017-11-28 11:05:00,106.32,106.32,106.24,106.28,1621.0
2017-11-28 11:06:00,106.24,106.32,106.24,106.32,600.0
2017-11-28 11:07:00,106.23,106.29,106.23,106.29,700.0
2017-11-28 11:08:00,106.26,106.27,106.26,106.27,306.0
2017-11-28 11:09:00,106.29,106.29,106.27,106.29,800.0
2017-11-28 11:10:00,106.26,106.3099,106.26,106.3099,200.0
2017-11-28 11:11:00,106.33,106.33,106.305,106.31,920.0
2017-11-28 11:12:00,106.32,106.36,106.3,106.3,1500.0
2017-11-28 11:13:00,106.33,106.3599,106.31,106.33,1900.0
2017-11-28 11:14:00,106.37,106.37,106.33,106.33,1385.0
2017-11-28 11:16:00,106.41,106.41,106.41,106.41,100.0
2017-11-28 11:17:00,106.405,106.405,106.405,106.405,200.0
2017-11-28 11:18:00,106.4,106.4,106.36,106.37,900.0
2017-11-28 11:19:00,106.4,106.42,106.36,106.36,701.0
2017-11-28 11:20:00,106.4,106.42,106.4,106.42,400.0
2017-11-28 11:22:00,106.4,106.4,106.37,106.4,600.0
2017-11-28 11:23:00,106.4,106.4,106.37,106.37,1400.0
2017-11-28 11:24:00,106.41,106.41,106.41,106.41,300.0
2017-11-28 11:25:00,106.51,106.51,106.43,106.43,1100.0
2017-11-28 11:26:00,106.51,106.52,106.51,106.52,1054.0
2017-11-28 11:28:00,106.525,106.525,106.525,106.525,100.0
2017-11-28 11:29:00,106.52,106.56,106.52,106.525,8900.0
2017-11-28 11:30:00,106.46,106.5,106.46,106.5,1607.0
2017-11-28 11:31:00,106.4788,106.4788,106.4788,106.4788,150.0
2017-11-28 11:32:00,106.46,106.46,106.46,106.46,1021.0
2017-11-28 11:33:00,106.4693,106.4741,106.46,106.4741,650.0
2017-11-28 11:34:00,106.46,106.4787,106.46,106.475,700.0
2017-11-28 11:35:00,106.49,106.49,106.46,106.46,3945.0
2017-11-28 11:36:00,106.56,106.56,106.5,106.5,2545.0
2017-11-28 11:37:00,106.55,106.6,106.55,106.56,2719.0
2017-11-28 11:38:00,106.53,106.54,106.51,106.54,1300.0
2017-11-28 11:39:00,106.595,106.6,106.53,106.53,3267.0
2017-11-28 11:40:00,106.49,106.58,106.49,106.58,2050.0
2017-11-28 11:41:00,106.51,106.51,106.5,106.5,369.0
2017-11-28 11:44:00,106.47,106.495,106.47,106.495,200.0
2017-11-28 11:45:00,106.43,106.46,106.43,106.46,1600.0
2017-11-28 11:46:00,106.39,106.44,106.39,106.43,3529.0
2017-11-28 11:47:00,106.345,106.39,106.345,106.39,3841.0
2017-11-28 11:48:00,106.38,106.4,106.37,106.37,1651.0
2017-11-28 11:49:00,106.4,106.4,106.4,106.4,200.0
2017-11-28 11:50:00,106.38,106.39,106.38,106.38,1000.0
2017-11-28 11:51:00,106.39,106.4,106.38,106.38,2540.0
2017-11-28 11:52:00,106.41,106.41,106.36,106.39,2708.0
2017-11-28 11:53:00,106.42,106.44,106.42,106.42,1900.0
2017-11-28 11:54:00,106.42,106.42,106.4002,106.41,1056.0
2017-11-28 11:56:00,106.38,106.41,106.375,106.41,2203.0
2017-11-28 11:57:00,106.43,106.43,106.4,106.4,700.0
2017-11-28 11:58:00,106.43,106.445,106.42,106.445,900.0
2017-11-28 11:59:00,106.44,106.45,106.44,106.45,300.0
2017-11-28 12:00:00,106.44,106.44,106.4,106.43,1339.0
2017-11-28 12:01:00,106.48,106.48,106.43,106.44,860.0
2017-11-28 12:02:00,106.43,106.43,106.43,106.43,200.0
2017-11-28 12:03:00,106.48,106.48,106.48,106.48,100.0
2017-11-28 12:04:00,106.39,106.42,106.38,106.42,1900.0
2017-11-28 12:05:00,106.39,106.39,106.39,106.39,700.0
2017-11-28 12:06:00,106.4,106.4,106.39,106.39,800.0
2017-11-28 12:07:00,106.38,106.39,106.38,106.39,1439.0
2017-11-28 12:08:00,106.39,106.42,106.38,106.38,954.0
2017-11-28 12:09:00,106.41,106.43,106.41,106.43,1400.0
2017-11-28 12:10:00,106.47,106.47,106.4297,106.4297,1162.0
2017-11-28 12:11:00,106.52,106.52,106.5,106.5,200.0
2017-11-28 12:12:00,106.55,106.55,106.55,106.55,100.0
2017-11-28 12:13:00,106.55,106.55,106.53,106.55,1500.0
2017-11-28 12:14:00,106.53,106.56,106.53,106.56,500.0
2017-11-28 12:15:00,106.55,106.56,106.53,106.55,1058.0
2017-11-28 12:16:00,106.54,106.55,106.53,106.53,1063.0
2017-11-28 12:17:00,106.53,106.555,106.53,106.555,1101.0
2017-11-28 12:18:00,106.5,106.52,106.5,106.52,400.0
2017-11-28 12:19:00,106.46,106.52,106.46,106.49,2011.0
2017-11-28 12:20:00,106.465,106.49,106.465,106.49,803.0
2017-11-28 12:21:00,106.49,106.491,106.48,106.491,500.0
2017-11-28 12:22:00,106.49,106.49,106.48899999999999,106.48899999999999,260.0
2017-11-28 12:23:00,106.47,106.48,106.47,106.48,300.0
2017-11-28 12:24:00,106.54,106.54,106.48,106.5,1199.0
2017-11-28 12:25:00,106.55,106.55,106.55,106.55,500.0
2017-11-28 12:26:00,106.6,106.6,106.54,106.55,3905.0
2017-11-28 12:27:00,106.58,106.6,106.58,106.59,1884.0
2017-11-28 12:28:00,106.58,106.585,106.58,106.585,388.0
2017-11-28 12:29:00,106.55,106.58,106.55,106.58,1100.0
2017-11-28 12:30:00,106.42,106.57,106.42,106.56,3200.0
2017-11-28 12:31:00,106.47,106.47,106.47,106.47,200.0
2017-11-28 12:32:00,106.45,106.48,106.44,106.4775,1412.0
2017-11-28 12:33:00,106.46,106.465,106.46,106.46,500.0
2017-11-28 12:34:00,106.41,106.45,106.41,106.45,600.0
2017-11-28 12:35:00,106.375,106.42,106.375,106.39,2961.0
2017-11-28 12:36:00,106.41,106.41,106.39,106.39,800.0
2017-11-28 12:38:00,106.36,106.39,106.36,106.39,1540.0
2017-11-28 12:39:00,106.31,106.36,106.3,106.36,1100.0
2017-11-28 12:40:00,106.2827,106.29,106.27,106.27,509.0
2017-11-28 12:41:00,106.23,106.29,106.23,106.29,500.0
2017-11-28 12:42:00,106.2,106.23,106.19,106.23,500.0
2017-11-28 12:43:00,106.24,106.25,106.22,106.23,740.0
2017-11-28 12:44:00,106.1,106.22,106.1,106.22,1009.0
2017-11-28 12:45:00,106.1424,106.16,106.12,106.16,800.0
2017-11-28 12:46:00,106.166,106.2,106.16,106.16,1350.0
2017-11-28 12:47:00,106.14,106.18,106.12,106.17,3912.0
2017-11-28 12:48:00,106.17,106.18,106.14,106.14,3101.0
2017-11-28 12:49:00,106.17,106.17,106.16,106.16,1799.0
2017-11-28 12:50:00,106.23,106.235,106.21,106.21,1020.0
2017-11-28 12:51:00,106.25,106.27,106.25,106.25,1000.0
2017-11-28 12:52:00,106.27,106.27,106.26,106.26,700.0
2017-11-28 12:54:00,106.285,106.285,106.285,106.285,200.0
2017-11-28 12:55:00,106.31,106.31,106.25,106.28,2100.0
2017-11-28 12:56:00,106.3,106.32,106.28,106.29,1024.0
2017-11-28 12:57:00,106.28,106.28,106.28,106.28,100.0
2017-11-28 12:58:00,106.4,106.4,106.32,106.32,1383.0
2017-11-28 12:59:00,106.39,106.39,106.39,106.39,100.0
2017-11-28 13:00:00,106.48,106.48,106.41,106.43,960.0
2017-11-28 13:01:00,106.52,106.54,106.5,106.52,1200.0
2017-11-28 13:02:00,106.55,106.55,106.51,106.53,356.0
2017-11-28 13:03:00,106.4,106.53,106.3,106.53,5850.0
2017-11-28 13:05:00,106.39,106.43,106.39,106.43,200.0
2017-11-28 13:06:00,106.34,106.34,106.3,106.33,2994.0
2017-11-28 13:07:00,106.34,106.345,106.33,106.33,2422.0
2017-11-28 13:08:00,106.33,106.35,106.3,106.35,3022.0
2017-11-28 13:09:00,106.34,106.4,106.34,106.35,2156.0
2017-11-28 13:10:00,106.31,106.3353,106.31,106.3353,1610.0
2017-11-28 13:11:00,106.31,106.34,106.295,106.32,1600.0
2017-11-28 13:12:00,106.24,106.305,106.24,106.305,8108.0
2017-11-28 13:13:00,106.33,106.33,106.24,106.24,5966.0
2017-11-28 13:14:00,106.15,106.315,106.15,106.3,3374.0
2017-11-28 13:15:00,106.185,106.22,106.185,106.21,900.0
2017-11-28 13:16:00,106.22,106.22,106.185,106.185,600.0
2017-11-28 13:17:00,106.25,106.25,106.2377,106.2377,770.0
2017-11-28 13:18:00,106.21,106.21,106.21,106.21,100.0
2017-11-28 13:19:00,106.25,106.25,106.25,106.25,100.0
2017-11-28 13:21:00,106.24,106.24,106.21,106.2303,1723.0
2017-11-28 13:22:00,106.21,106.21,106.2,106.2,300.0
2017-11-28 13:23:00,106.16,106.23,106.14,106.2,14433.0
2017-11-28 13:24:00,106.27,106.27,106.14,106.16,1400.0
2017-11-28 13:25:00,106.26,106.26,106.24,106.24,300.0
2017-11-28 13:26:00,106.26,106.26,106.24,106.26,1300.0
2017-11-28 13:27:00,106.2,106.26,106.16,106.26,600.0
2017-11-28 13:28:00,106.12,106.23,106.12,106.205,1476.0
2017-11-28 13:29:00,106.17,106.17,106.15,106.15,600.0
2017-11-28 13:30:00,106.18,106.19,106.18,106.19,700.0
2017-11-28 13:31:00,106.19,106.19,106.155,106.155,400.0
2017-11-28 13:32:00,106.16,106.17,106.13,106.17,959.0
2017-11-28 13:33:00,106.18,106.18,106.16,106.16,400.0
2017-11-28 13:34:00,106.1,106.16,106.095,106.16,4162.0
2017-11-28 13:35:00,106.08,106.14,106.07,106.13,3747.0
2017-11-28 13:36:00,106.07,106.08,106.04,106.06,675.0
2017-11-28 13:37:00,106.12,106.12,106.1,106.1,1642.0
2017-11-28 13:38:00,106.1491,106.15,106.1491,106.15,300.0
2017-11-28 13:40:00,106.13,106.13,106.13,106.13,100.0
2017-11-28 13:42:00,106.09,106.09,106.09,106.09,400.0
2017-11-28 13:43:00,106.09,106.09,106.09,106.09,100.0
2017-11-28 13:44:00,106.1298,106.15,106.1298,106.14,1234.0
2017-11-28 13:45:00,106.19,106.19,106.19,106.19,100.0
2017-11-28 13:46:00,106.14,106.19,106.14,106.19,300.0
2017-11-28 13:47:00,106.14,106.14,106.14,106.14,784.0
2017-11-28 13:48:00,106.15,106.16,106.15,106.16,303.0
2017-11-28 13:49:00,106.24,106.24,106.17,106.17,1100.0
2017-11-28 13:50:00,106.22,106.22,106.22,106.22,100.0
2017-11-28 13:51:00,106.1701,106.27,106.17,106.27,2160.0
2017-11-28 13:52:00,106.2,106.2,106.2,106.2,100.0
2017-11-28 13:53:00,106.13,106.18,106.1,106.17,2000.0
2017-11-28 13:54:00,106.13,106.15,106.13,106.13,1363.0
2017-11-28 13:55:00,106.07,106.1,106.0,106.1,1819.0
2017-11-28 13:56:00,106.08,106.09,106.08,106.08,400.0
2017-11-28 13:57:00,106.1499,106.1499,106.1499,106.1499,125.0
2017-11-28 13:58:00,106.08,106.08,106.08,106.08,100.0
2017-11-28 13:59:00,106.08,106.08,106.08,106.08,200.0
2017-11-28 14:00:00,106.12,106.17,106.12,106.15,708.0
2017-11-28 14:01:00,106.08,106.11,106.08,106.11,500.0
2017-11-28 14:02:00,106.07,106.09,106.07,106.07,500.0
2017-11-28 14:03:00,106.13,106.17,106.11,106.11,1171.0
2017-11-28 14:04:00,106.1,106.14,106.1,106.14,300.0
2017-11-28 14:05:00,106.12,106.13,106.1,106.12,1200.0
2017-11-28 14:06:00,106.11,106.14,106.11,106.14,700.0
2017-11-28 14:07:00,106.19,106.19,106.19,106.19,100.0
2017-11-28 14:08:00,106.19,106.19,106.19,106.19,100.0
2017-11-28 14:09:00,106.19,106.19,106.19,106.19,100.0
2017-11-28 14:10:00,106.22,106.24,106.19,106.19,1450.0
2017-11-28 14:11:00,106.24,106.24,106.24,106.24,200.0
2017-11-28 14:12:00,106.22,106.24,106.21,106.24,1936.0
2017-11-28 14:14:00,106.16,106.2,106.06,106.2,3023.0
2017-11-28 14:15:00,106.16,106.16,106.15,106.16,600.0
2017-11-28 14:16:00,106.05,106.09,106.05,106.09,200.0
2017-11-28 14:18:00,106.08,106.08,106.04,106.04,500.0
2017-11-28 14:19:00,106.0,106.08,106.0,106.08,1400.0
2017-11-28 14:20:00,106.01,106.02,105.92,105.92,976.0
2017-11-28 14:21:00,105.96,105.96,105.96,105.96,100.0
2017-11-28 14:22:00,105.92,105.94,105.92,105.94,500.0
2017-11-28 14:24:00,105.9,105.93,105.88,105.93,2157.0
2017-11-28 14:25:00,105.88,105.88,105.85,105.85,400.0
2017-11-28 14:26:00,105.85,105.85,105.85,105.85,100.0
2017-11-28 14:27:00,105.895,105.895,105.86,105.87,300.0
2017-11-28 14:28:00,105.83,105.86,105.83,105.86,400.0
2017-11-28 14:29:00,105.745,105.8,105.675,105.79,11767.0
2017-11-28 14:30:00,105.7,105.79,105.66,105.75,11570.0
2017-11-28 14:31:00,105.655,105.75,105.655,105.72,11703.0
2017-11-28 14:32:00,105.88,105.88,105.675,105.69,12421.0
2017-11-28 14:33:00,105.86,105.87,105.83,105.83,512.0
2017-11-28 14:34:00,105.87,105.89,105.81,105.89,1300.0
2017-11-28 14:35:00,105.9,105.9,105.775,105.775,805.0
2017-11-28 14:36:00,106.01,106.0438,105.9203,105.9203,1270.0
2017-11-28 14:37:00,105.87,105.97,105.87,105.97,3779.0
2017-11-28 14:38:00,105.94,105.94,105.86,105.87,8605.0
2017-11-28 14:39:00,105.81,105.945,105.81,105.91,4513.0
2017-11-28 14:40:00,105.94,105.94,105.9,105.9,517.0
2017-11-28 14:41:00,105.98,105.98,105.94,105.94,1500.0
2017-11-28 14:42:00,105.855,105.985,105.8,105.97,14319.0
2017-11-28 14:43:00,106.02,106.02,105.9,105.9,1268.0
2017-11-28 14:44:00,106.15,106.15,106.045,106.06,1900.0
2017-11-28 14:46:00,106.22,106.26,106.18,106.18,700.0
2017-11-28 14:47:00,106.14,106.27,106.14,106.21,2369.0
2017-11-28 14:48:00,106.2089,106.22,106.16,106.16,1531.0
2017-11-28 14:49:00,106.26,106.26,106.22,106.22,200.0
2017-11-28 14:50:00,106.19,106.23,106.12,106.21,1100.0
2017-11-28 14:51:00,106.25,106.25,106.19,106.2,1100.0
2017-11-28 14:52:00,106.3,106.33,106.26,106.26,2840.0
2017-11-28 14:53:00,106.3,106.3,106.26,106.29,600.0
2017-11-28 14:54:00,106.4,106.4,106.32,106.32,3888.0
2017-11-28 14:55:00,106.37,106.4,106.37,106.4,1100.0
2017-11-28 14:56:00,106.38,106.385,106.38,106.385,300.0
2017-11-28 14:57:00,106.385,106.42,106.37,106.42,769.0
2017-11-28 14:58:00,106.39,106.42,106.39,106.41,1016.0
2017-11-28 14:59:00,106.46,106.46,106.44,106.44,1767.0
2017-11-28 15:00:00,106.5,106.5,106.5,106.5,100.0
2017-11-28 15:01:00,106.48,106.5,106.43,106.46,1975.0
2017-11-28 15:02:00,106.45,106.48,106.45,106.48,780.0
2017-11-28 15:03:00,106.51,106.52,106.4775,106.5,2832.0
2017-11-28 15:04:00,106.535,106.54,106.48,106.52,5158.0
2017-11-28 15:05:00,106.52,106.53,106.52,106.52,1700.0
2017-11-28 15:06:00,106.44,106.53,106.44,106.525,2800.0
2017-11-28 15:07:00,106.4,106.5,106.4,106.48,3700.0
2017-11-28 15:08:00,106.43,106.44,106.42,106.42,500.0
2017-11-28 15:09:00,106.43,106.46,106.41,106.45,3443.0
2017-11-28 15:10:00,106.45,106.47,106.38,106.47,1872.0
2017-11-28 15:11:00,106.45,106.48,106.45,106.46,2700.0
2017-11-28 15:12:00,106.45,106.48,106.4,106.45,5260.0
2017-11-28 15:13:00,106.44,106.47,106.44,106.45,2206.0
2017-11-28 15:14:00,106.49,106.51,106.4525,106.4525,3588.0
2017-11-28 15:15:00,106.56,106.56,106.52,106.52,1515.0
2017-11-28 15:16:00,106.6,106.61,106.56,106.56,4998.0
2017-11-28 15:17:00,106.62,106.63,106.59,106.6,3400.0
2017-11-28 15:18:00,106.56,106.64,106.56,106.63,7887.0
2017-11-28 15:19:00,106.83,106.83,106.555,106.56,14923.0
2017-11-28 15:20:00,106.86,106.89,106.86,106.86,300.0
2017-11-28 15:21:00,107.01,107.0663,106.86,106.86,11899.0
2017-11-28 15:22:00,106.91,107.0,106.91,107.0,2057.0
2017-11-28 15:23:00,106.99,107.02,106.95,106.97,2090.0
2017-11-28 15:24:00,106.91,106.96,106.91,106.96,900.0
2017-11-28 15:25:00,106.898,106.96,106.89,106.96,1600.0
2017-11-28 15:26:00,106.89,106.9136,106.87,106.9136,1235.0
2017-11-28 15:27:00,106.82,106.92,106.82,106.92,3255.0
2017-11-28 15:28:00,106.78,106.78,106.78,106.78,1100.0
2017-11-28 15:29:00,106.78,106.85,106.76,106.78,4800.0
2017-11-28 15:30:00,106.82,106.82,106.71,106.8,1582.0
2017-11-28 15:31:00,106.81,106.81,106.76,106.81,2000.0
2017-11-28 15:32:00,106.87,106.87,106.77,106.81,2176.0
2017-11-28 15:33:00,106.87,106.89,106.84,106.87,3600.0
2017-11-28 15:34:00,106.81,106.84,106.81,106.84,760.0
2017-11-28 15:35:00,106.69,106.83,106.69,106.82,3002.0
2017-11-28 15:36:00,106.65,106.74,106.65,106.69,5500.0
2017-11-28 15:37:00,106.71,106.71,106.65,106.65,1200.0
2017-11-28 15:38:00,106.67,106.72,106.65,106.7,7753.0
2017-11-28 15:39:00,106.7,106.71,106.68,106.68,1200.0
2017-11-28 15:40:00,106.7,106.72,106.66,106.6901,6916.0
2017-11-28 15:41:00,106.7,106.73,106.7,106.71,4260.0
2017-11-28 15:42:00,106.73,106.76,106.71,106.71,3833.0
2017-11-28 15:43:00,106.73,106.76,106.73,106.745,1465.0
2017-11-28 15:44:00,106.66,106.75,106.66,106.74,4101.0
2017-11-28 15:45:00,106.66,106.6601,106.66,106.66,3241.0
2017-11-28 15:46:00,106.58,106.67,106.52,106.65,9200.0
2017-11-28 15:47:00,106.68,106.73,106.58,106.58,2800.0
2017-11-28 15:48:00,106.66,106.68,106.61,106.68,6671.0
2017-11-28 15:49:00,106.64,106.67,106.63,106.65,3733.0
2017-11-28 15:50:00,106.645,106.645,106.58,106.63,7028.0
2017-11-28 15:51:00,106.8001,106.83,106.62,106.64,7264.0
2017-11-28 15:52:00,106.775,106.83,106.775,106.83,9907.0
2017-11-28 15:53:00,106.765,106.79,106.75,106.78,12994.0
2017-11-28 15:54:00,106.77,106.81,106.76,106.765,14068.0
2017-11-28 15:55:00,106.78,106.79,106.77,106.77,5503.0
2017-11-28 15:56:00,106.83,106.83,106.775,106.79,8467.0
2017-11-28 15:57:00,106.9,106.91,106.81,106.83,14296.0
2017-11-28 15:58:00,106.83,106.91,106.83,106.88,8376.0
2017-11-28 15:59:00,106.89,106.9,106.83,106.8443,11072.0
2017-11-28 16:00:00,106.87,106.91,106.82,106.91,12803.0
2017-11-29 09:30:00,107.32,107.32,107.32,107.32,2616.0
2017-11-29 09:36:00,107.5,107.5,107.12,107.38,3276.0
2017-11-29 09:37:00,107.755,107.755,107.5,107.5,1400.0
2017-11-29 09:38:00,108.18,108.2,107.56,107.68,11242.0
2017-11-29 09:39:00,108.0024,108.06,107.9347,108.04,400.0
2017-11-29 09:41:00,107.9653,108.05,107.9653,108.05,200.0
2017-11-29 09:42:00,107.9618,107.9618,107.9618,107.9618,100.0
2017-11-29 09:43:00,107.78,107.985,107.63,107.985,2275.0
2017-11-29 09:44:00,107.9,107.9,107.75,107.89,1073.0
2017-11-29 09:45:00,107.95,107.96,107.95,107.95,1200.0
2017-11-29 09:46:00,107.74,107.74,107.7,107.7,200.0
2017-11-29 09:47:00,107.72,107.72,107.67,107.67,200.0
2017-11-29 09:48:00,107.66,107.66,107.66,107.66,100.0
2017-11-29 09:49:00,107.67,107.67,107.67,107.67,100.0
2017-11-29 09:50:00,107.83,107.87,107.69,107.8,3924.0
2017-11-29 09:51:00,107.59,107.77,107.59,107.77,1800.0
2017-11-29 09:52:00,107.69,107.69,107.69,107.69,100.0
2017-11-29 09:54:00,107.67,107.82,107.67,107.69,6354.0
2017-11-29 09:55:00,107.805,107.87,107.725,107.84,1473.0
2017-11-29 09:56:00,107.77,108.0221,107.75,108.0221,510.0
2017-11-29 09:57:00,107.855,107.855,107.73,107.81700000000001,39050.0
2017-11-29 09:58:00,107.75,107.755,107.75,107.75,1000.0
2017-11-29 09:59:00,107.985,108.065,107.94,107.97,4649.0
2017-11-29 10:00:00,108.08,108.16,107.91,107.92,2600.0
2017-11-29 10:01:00,108.135,108.16,107.99,108.06,2448.0
2017-11-29 10:02:00,108.2,108.2,108.04,108.1,1700.0
2017-11-29 10:03:00,108.02,108.29,107.99,108.08,15545.0
2017-11-29 10:04:00,108.03,108.12,107.98,108.025,2395.0
2017-11-29 10:05:00,108.0381,108.09,107.94,108.0,5631.0
2017-11-29 10:06:00,108.0095,108.05,107.94,108.05,2869.0
2017-11-29 10:07:00,107.99,108.005,107.9645,108.005,800.0
2017-11-29 10:08:00,108.0,108.09,107.89,107.935,8690.0
2017-11-29 10:09:00,107.92,107.92,107.92,107.92,300.0
2017-11-29 10:10:00,107.83,107.96,107.83,107.96,1300.0
2017-11-29 10:11:00,107.82,107.9,107.79,107.88,1700.0
2017-11-29 10:12:00,107.98,108.01,107.82,107.83,1400.0
2017-11-29 10:13:00,107.92,108.03,107.9,107.96,4740.0
2017-11-29 10:14:00,107.9,107.98,107.87,107.98,6910.0
2017-11-29 10:15:00,107.89,107.93,107.86,107.88,1591.0
2017-11-29 10:16:00,107.88,107.89,107.84,107.8866,1000.0
2017-11-29 10:17:00,107.9,107.915,107.81,107.88,1300.0
2017-11-29 10:18:00,107.882,107.93,107.86,107.89,700.0
2017-11-29 10:19:00,107.65,107.83,107.57,107.82,5715.0
2017-11-29 10:20:00,107.67,107.715,107.63,107.715,600.0
2017-11-29 10:21:00,107.67,107.76,107.62,107.62,8321.0
2017-11-29 10:22:00,107.725,107.725,107.725,107.725,100.0
2017-11-29 10:23:00,107.69,107.8,107.65,107.7375,4800.0
2017-11-29 10:24:00,107.7475,107.82,107.61,107.61,2100.0
2017-11-29 10:25:00,107.62,107.76,107.62,107.725,5942.0
2017-11-29 10:26:00,107.625,107.71,107.55,107.63,4348.0
2017-11-29 10:27:00,107.63,107.63,107.51,107.63,1700.0
2017-11-29 10:30:00,107.76,107.76,107.63,107.63,1457.0
2017-11-29 10:31:00,107.6,107.67,107.6,107.65,1200.0
2017-11-29 10:32:00,107.67,107.72,107.61,107.63,1070.0
2017-11-29 10:33:00,107.55,107.62,107.55,107.62,300.0
2017-11-29 10:35:00,107.59,107.71,107.59,107.61,2357.0
2017-11-29 10:36:00,107.92,107.92,107.7,107.7,1100.0
2017-11-29 10:37:00,107.965,107.965,107.965,107.965,100.0
2017-11-29 10:38:00,107.86,107.975,107.85,107.975,3655.0
2017-11-29 10:39:00,107.79,107.79,107.79,107.79,303.0
2017-11-29 10:41:00,107.81,107.81,107.7,107.75,400.0
2017-11-29 10:42:00,107.89,107.89,107.8,107.8,200.0
2017-11-29 10:43:00,107.79,107.79,107.78,107.79,619.0
2017-11-29 10:44:00,107.88,107.88,107.88,107.88,100.0
2017-11-29 10:45:00,107.86,107.86,107.82,107.82,355.0
2017-11-29 10:46:00,107.89,107.89,107.86,107.87,1000.0
2017-11-29 10:47:00,107.96,108.0,107.95,107.97,1268.0
2017-11-29 10:48:00,107.83,107.9,107.73,107.9,2140.0
2017-11-29 10:49:00,107.81,107.83,107.75,107.83,1100.0
2017-11-29 10:50:00,107.92,108.01,107.89,107.955,1137.0
2017-11-29 10:51:00,107.8521,107.9,107.82,107.82,2011.0
2017-11-29 10:52:00,107.83,107.94,107.77,107.89,815.0
2017-11-29 10:53:00,107.84,107.89,107.84,107.86,711.0
2017-11-29 10:54:00,107.85,107.85,107.79,107.8,800.0
2017-11-29 10:55:00,107.81,107.95,107.81,107.84,2998.0
2017-11-29 10:56:00,107.87,107.94,107.82,107.84,2175.0
2017-11-29 10:57:00,107.83,107.9,107.76,107.9,1874.0
2017-11-29 10:58:00,107.83,107.87,107.801,107.83,700.0
2017-11-29 10:59:00,107.85,107.87,107.8,107.82,800.0
2017-11-29 11:00:00,107.85,107.9,107.785,107.9,1230.0
2017-11-29 11:01:00,107.77,107.81,107.77,107.81,300.0
2017-11-29 11:02:00,107.73,107.87,107.72,107.83,2740.0
2017-11-29 11:03:00,107.74,107.75,107.7,107.7,1870.0
2017-11-29 11:04:00,107.65,107.75,107.65,107.73,4480.0
2017-11-29 11:05:00,107.61,107.64,107.6,107.64,900.0
2017-11-29 11:06:00,107.7,107.7,107.66,107.66,1600.0
2017-11-29 11:07:00,107.72,107.76,107.655,107.7,2665.0
2017-11-29 11:08:00,107.6607,107.73,107.6607,107.7175,1430.0
2017-11-29 11:09:00,107.73,107.77,107.67,107.7,5600.0
2017-11-29 11:10:00,107.67,107.7525,107.595,107.7525,2400.0
2017-11-29 11:11:00,107.7,107.7,107.66,107.6712,1300.0
2017-11-29 11:13:00,107.7,107.7102,107.66,107.68,2700.0
2017-11-29 11:14:00,107.71,107.74,107.69,107.69,1375.0
2017-11-29 11:15:00,107.66,107.71,107.66,107.71,1200.0
2017-11-29 11:16:00,107.66,107.66,107.66,107.66,100.0
2017-11-29 11:17:00,107.69,107.73,107.67,107.67,1780.0
2017-11-29 11:18:00,107.75,107.75,107.71,107.71,300.0
2017-11-29 11:19:00,107.71,107.77,107.6071,107.77,1999.0
2017-11-29 11:20:00,107.59,107.7,107.59,107.7,400.0
2017-11-29 11:21:00,107.62,107.68,107.62,107.64,700.0
2017-11-29 11:22:00,107.57,107.57,107.57,107.57,629.0
2017-11-29 11:23:00,107.63,107.63,107.63,107.63,200.0
2017-11-29 11:24:00,107.65,107.69,107.65,107.66,500.0
2017-11-29 11:25:00,107.6298,107.6298,107.6298,107.6298,100.0
2017-11-29 11:26:00,107.69,107.69,107.69,107.69,200.0
2017-11-29 11:27:00,107.79,107.79,107.69,107.69,2300.0
2017-11-29 11:28:00,107.75,107.845,107.69,107.79,3370.0
2017-11-29 11:29:00,107.7,107.7,107.67,107.67,400.0
2017-11-29 11:30:00,107.67,107.7,107.67,107.7,580.0
2017-11-29 11:31:00,107.68,107.68,107.62,107.62,248.0
2017-11-29 11:32:00,107.7,107.7,107.68,107.68,1500.0
2017-11-29 11:33:00,107.75,107.75,107.68,107.7,8701.0
2017-11-29 11:34:00,107.94,108.04,107.78,107.78,2300.0
2017-11-29 11:36:00,108.0,108.0,108.0,108.0,100.0
2017-11-29 11:37:00,107.98,107.98,107.98,107.98,200.0
2017-11-29 11:38:00,108.11,108.2,108.07,108.07,2837.0
2017-11-29 11:39:00,108.08,108.105,108.08,108.105,300.0
2017-11-29 11:40:00,108.15,108.15,108.08,108.12,900.0
2017-11-29 11:41:00,108.2,108.2,108.12,108.12,1078.0
2017-11-29 11:42:00,108.18,108.18,108.1,108.15,3115.0
2017-11-29 11:44:00,108.06,108.13,108.06,108.12,1912.0
2017-11-29 11:45:00,108.13,108.15,108.09,108.09,1350.0
2017-11-29 11:46:00,108.18,108.19,108.17,108.18,532.0
2017-11-29 11:47:00,108.2,108.23,108.19,108.19,1139.0
2017-11-29 11:48:00,108.3,108.3,108.19,108.19,2145.0
2017-11-29 11:49:00,108.35,108.365,108.3005,108.34,3209.0
2017-11-29 11:50:00,108.42,108.45,108.38,108.42,800.0
2017-11-29 11:51:00,108.51,108.51,108.43,108.43,1505.0
2017-11-29 11:53:00,108.58,108.58,108.52,108.52,300.0
2017-11-29 11:54:00,108.63,108.66,108.55,108.58,5215.0
2017-11-29 11:55:00,108.67,108.79,108.67,108.7,1420.0
2017-11-29 11:56:00,108.8,108.91,108.8,108.91,300.0
2017-11-29 11:57:00,108.67,108.845,108.63,108.81,3320.0
2017-11-29 11:58:00,108.5,108.66,108.46,108.62,2630.0
2017-11-29 11:59:00,108.41,108.5,108.41,108.5,4800.0
2017-11-29 12:00:00,108.5,108.5,108.46,108.46,1100.0
2017-11-29 12:01:00,108.49,108.5,108.49,108.5,6700.0
2017-11-29 12:02:00,108.47,108.51,108.46,108.5,16685.0
2017-11-29 12:03:00,108.76,108.76,108.46,108.49,5450.0
2017-11-29 12:04:00,108.77,108.8,108.77,108.8,300.0
2017-11-29 12:05:00,108.97,108.97,108.76,108.76,1200.0
2017-11-29 12:06:00,108.9072,108.9072,108.9072,108.9072,200.0
2017-11-29 12:07:00,108.89,108.89,108.89,108.89,200.0
2017-11-29 12:08:00,109.06,109.16,108.8707,108.89,6352.0
2017-11-29 12:09:00,109.16,109.16,109.1,109.16,1300.0
2017-11-29 12:11:00,109.22,109.25,109.185,109.185,1600.0
2017-11-29 12:12:00,109.01,109.2,109.01,109.18,2500.0
2017-11-29 12:13:00,109.01,109.06,108.93,108.93,700.0
2017-11-29 12:14:00,108.98,108.98,108.98,108.98,100.0
2017-11-29 12:15:00,108.94,109.0238,108.94,109.0238,1500.0
2017-11-29 12:16:00,109.05,109.05,109.005,109.005,200.0
2017-11-29 12:17:00,108.97,108.97,108.97,108.97,203.0
2017-11-29 12:18:00,109.14,109.14,109.05,109.05,1500.0
2017-11-29 12:19:00,109.17,109.17,109.13,109.13,1200.0
2017-11-29 12:20:00,109.11,109.11,109.11,109.11,100.0
2017-11-29 12:21:00,109.18,109.18,109.17,109.17,631.0
2017-11-29 12:22:00,109.19,109.2,109.19,109.2,500.0
2017-11-29 12:23:00,109.15,109.18,109.15,109.15,1100.0
2017-11-29 12:24:00,109.1508,109.1508,109.1508,109.1508,1000.0
2017-11-29 12:25:00,109.11,109.11,109.11,109.11,100.0
2017-11-29 12:26:00,109.33,109.33,109.17,109.17,1865.0
2017-11-29 12:27:00,109.33,109.36,109.3,109.3,800.0
2017-11-29 12:28:00,109.23,109.32,109.23,109.32,1809.0
2017-11-29 12:29:00,109.235,109.25299999999999,109.235,109.235,410.0
2017-11-29 12:30:00,109.21,109.21,109.21,109.21,100.0
2017-11-29 12:31:00,109.14,109.21,109.1248,109.21,4557.0
2017-11-29 12:32:00,109.11,109.15,109.11,109.12,700.0
2017-11-29 12:33:00,109.1223,109.1223,109.1223,109.1223,200.0
2017-11-29 12:34:00,109.115,109.15,109.0901,109.14,1728.0
2017-11-29 12:35:00,109.12,109.12,109.09,109.09,800.0
2017-11-29 12:36:00,109.19,109.2,109.16,109.18,3450.0
2017-11-29 12:37:00,109.15,109.2,109.14,109.19,5437.0
2017-11-29 12:38:00,109.09,109.16,109.09,109.14,600.0
2017-11-29 12:39:00,109.2,109.2,109.1,109.12,2671.0
2017-11-29 12:40:00,109.33,109.4,109.2,109.2,2176.0
2017-11-29 12:41:00,109.4001,109.42,109.34,109.34,2300.0
2017-11-29 12:42:00,109.42,109.42,109.41,109.42,300.0
2017-11-29 12:43:00,109.36,109.7,109.36,109.48,4068.0
2017-11-29 12:44:00,109.31,109.44,109.29,109.37,4200.0
2017-11-29 12:45:00,109.31,109.39,109.31,109.39,4675.0
2017-11-29 12:47:00,109.365,109.365,109.34,109.34,400.0
2017-11-29 12:49:00,109.44,109.44,109.3401,109.4136,6549.0
2017-11-29 12:50:00,109.5,109.51,109.455,109.47,600.0
2017-11-29 12:51:00,109.35,109.5,109.23,109.48,2800.0
2017-11-29 12:52:00,109.21,109.37,109.21,109.37,2410.0
2017-11-29 12:53:00,109.1,109.2,109.02,109.2,1200.0
2017-11-29 12:54:00,109.19,109.28,109.17,109.17,2529.0
2017-11-29 12:55:00,109.205,109.2425,109.205,109.2425,1661.0
2017-11-29 12:56:00,109.4201,109.49,109.32,109.32,1201.0
2017-11-29 12:58:00,109.66,109.66,109.5755,109.5755,200.0
2017-11-29 12:59:00,109.55,109.615,109.55,109.615,800.0
2017-11-29 13:00:00,109.475,109.61,109.475,109.55,1225.0
2017-11-29 13:02:00,109.44,109.47,109.44,109.47,780.0
2017-11-29 13:03:00,109.33,109.385,109.285,109.385,2000.0
2017-11-29 13:04:00,109.4,109.4,109.36,109.36,300.0
2017-11-29 13:05:00,109.45,109.45,109.45,109.45,200.0
2017-11-29 13:06:00,109.45,109.45,109.38,109.41,1780.0
2017-11-29 13:07:00,109.435,109.435,109.435,109.435,200.0
2017-11-29 13:08:00,109.41,109.495,109.39,109.425,1400.0
2017-11-29 13:09:00,109.4,109.44,109.39,109.44,400.0
2017-11-29 13:10:00,109.485,109.485,109.485,109.485,200.0
2017-11-29 13:11:00,109.54,109.59,109.53,109.53,1200.0
2017-11-29 13:12:00,109.625,109.625,109.5836,109.5836,903.0
2017-11-29 13:13:00,109.63,109.66,109.59,109.625,2700.0
2017-11-29 13:14:00,109.58,109.66,109.54,109.64,4508.0
2017-11-29 13:15:00,109.64,109.7,109.535,109.535,2400.0
2017-11-29 13:16:00,109.82,109.82,109.65,109.65,1100.0
2017-11-29 13:17:00,109.78,109.785,109.7667,109.785,700.0
2017-11-29 13:18:00,109.7001,109.83,109.7001,109.74,2446.0
2017-11-29 13:19:00,109.7,109.725,109.7,109.725,2081.0
2017-11-29 13:20:00,109.62,109.73,109.6,109.71,3790.0
2017-11-29 13:21:00,109.48,109.54,109.48,109.54,500.0
2017-11-29 13:22:00,109.35,109.65,109.295,109.55,8252.0
2017-11-29 13:23:00,109.48,109.48,109.4,109.4,8594.0
2017-11-29 13:24:00,109.55,109.61,109.55,109.555,900.0
2017-11-29 13:25:00,109.439,109.57,109.365,109.57,2600.0
2017-11-29 13:26:00,109.56,109.6,109.425,109.5,5135.0
2017-11-29 13:27:00,109.58,109.58,109.55,109.55,300.0
2017-11-29 13:28:00,109.4408,109.54,109.44,109.53,3968.0
2017-11-29 13:29:00,109.5,109.5,109.44,109.44,850.0
2017-11-29 13:31:00,109.49,109.55,109.49,109.5173,1200.0
2017-11-29 13:32:00,109.56,109.56,109.55,109.56,1000.0
2017-11-29 13:33:00,109.55,109.55,109.55,109.55,200.0
2017-11-29 13:34:00,109.54,109.54,109.52,109.52,360.0
2017-11-29 13:35:00,109.48,109.51,109.48,109.5,2600.0
2017-11-29 13:36:00,109.48,109.51,109.48,109.48,451.0
2017-11-29 13:37:00,109.43,109.51,109.41,109.485,3762.0
2017-11-29 13:38:00,109.45,109.45,109.36,109.415,1912.0
2017-11-29 13:40:00,109.51,109.51,109.48,109.5,400.0
2017-11-29 13:41:00,109.46,109.46,109.41,109.43,2607.0
2017-11-29 13:42:00,109.37,109.42,109.37,109.42,900.0
2017-11-29 13:44:00,109.36,109.41,109.36,109.36,800.0
2017-11-29 13:45:00,109.41,109.42,109.365,109.365,1291.0
2017-11-29 13:46:00,109.38,109.43,109.38,109.41,3100.0
2017-11-29 13:47:00,109.41,109.41,109.39,109.4,1825.0
2017-11-29 13:48:00,109.44,109.445,109.41,109.415,5497.0
2017-11-29 13:49:00,109.4,109.4505,109.39,109.4505,2522.0
2017-11-29 13:50:00,109.42,109.47,109.4,109.4,2732.0
2017-11-29 13:51:00,109.6,109.6,109.46,109.46,2061.0
2017-11-29 13:52:00,109.63,109.7,109.63,109.66,5929.0
2017-11-29 13:53:00,109.375,109.58,109.375,109.58,2500.0
2017-11-29 13:54:00,109.3,109.3482,109.3,109.34,865.0
2017-11-29 13:55:00,109.525,109.525,109.31,109.31,2302.0
2017-11-29 13:56:00,109.53,109.57,109.52,109.555,2200.0
2017-11-29 13:57:00,109.66,109.68,109.55,109.55,1400.0
2017-11-29 13:58:00,109.53,109.665,109.53,109.665,3062.0
2017-11-29 13:59:00,109.58,109.62,109.51,109.535,1500.0
2017-11-29 14:00:00,109.55,109.61,109.55,109.61,1700.0
2017-11-29 14:01:00,109.66,109.66,109.64,109.64,500.0
2017-11-29 14:02:00,109.61,109.71,109.57,109.71,2914.0
2017-11-29 14:03:00,109.705,109.705,109.65,109.7,858.0
2017-11-29 14:04:00,109.75,109.77,109.75,109.75,1707.0
2017-11-29 14:05:00,109.69,109.78,109.68,109.76,2303.0
2017-11-29 14:06:00,109.69,109.72,109.69,109.72,797.0
2017-11-29 14:07:00,109.65,109.71,109.62,109.67,2101.0
2017-11-29 14:08:00,109.665,109.665,109.665,109.665,100.0
2017-11-29 14:09:00,109.65,109.65,109.64,109.64,200.0
2017-11-29 14:10:00,109.6301,109.68,109.6301,109.65,1405.0
2017-11-29 14:11:00,109.63,109.69,109.63,109.63,1911.0
2017-11-29 14:12:00,109.64,109.67,109.64,109.645,1671.0
2017-11-29 14:13:00,109.71,109.71,109.61,109.62,2200.0
2017-11-29 14:14:00,109.78,109.78,109.67,109.72,2860.0
2017-11-29 14:15:00,109.76,109.78,109.74,109.78,1820.0
2017-11-29 14:16:00,109.78,109.78,109.72,109.76,1299.0
2017-11-29 14:17:00,109.71,109.76,109.71,109.76,1600.0
2017-11-29 14:18:00,109.66,109.7,109.66,109.7,500.0
2017-11-29 14:19:00,109.785,109.82,109.71,109.73,2414.0
2017-11-29 14:20:00,109.8,109.8,109.795,109.795,200.0
2017-11-29 14:21:00,109.84,109.84,109.83,109.83,900.0
2017-11-29 14:22:00,109.85,109.85,109.84700000000001,109.84700000000001,550.0
2017-11-29 14:23:00,109.85,109.89,109.85,109.86,3000.0
2017-11-29 14:24:00,109.72,109.85,109.72,109.85,2701.0
2017-11-29 14:25:00,109.72,109.74,109.69,109.69,500.0
2017-11-29 14:26:00,109.7,109.735,109.7,109.72,500.0
2017-11-29 14:27:00,109.68,109.75,109.67,109.7,3904.0
2017-11-29 14:28:00,109.77,109.77,109.71,109.73,2968.0
2017-11-29 14:30:00,109.82,109.82,109.755,109.755,900.0
2017-11-29 14:31:00,109.82,109.82,109.8,109.82,500.0
2017-11-29 14:32:00,109.8696,109.89,109.84,109.84,2684.0
2017-11-29 14:33:00,109.87,109.88,109.85,109.855,1370.0
2017-11-29 14:34:00,109.9,109.9,109.87,109.87,1206.0
2017-11-29 14:35:00,109.92,109.92,109.89,109.89,3271.0
2017-11-29 14:36:00,109.89,109.91,109.89,109.91,1024.0
2017-11-29 14:37:00,109.84,109.86,109.84,109.85,1599.0
2017-11-29 14:38:00,109.835,109.86,109.83,109.84,1501.0
2017-11-29 14:39:00,109.835,109.835,109.835,109.835,200.0
2017-11-29 14:40:00,109.74,109.835,109.74,109.835,2100.0
2017-11-29 14:41:00,109.76,109.8,109.74,109.76,3634.0
2017-11-29 14:42:00,109.76,109.8,109.76,109.76,2066.0
2017-11-29 14:43:00,109.75,109.75,109.65,109.75,3458.0
2017-11-29 14:44:00,109.72,109.75,109.72,109.75,500.0
2017-11-29 14:45:00,109.8,109.8,109.77,109.77,300.0
2017-11-29 14:46:00,109.75,109.79,109.75,109.77,3477.0
2017-11-29 14:47:00,109.76,109.76,109.743,109.743,1612.0
2017-11-29 14:48:00,109.73,109.76,109.73,109.76,1110.0
2017-11-29 14:49:00,109.76,109.76,109.75,109.75,6656.0
2017-11-29 14:50:00,109.825,109.825,109.77,109.77,1300.0
2017-11-29 14:51:00,109.7487,109.835,109.7487,109.82,2552.0
2017-11-29 14:52:00,109.82,109.82,109.76,109.76,1504.0
2017-11-29 14:53:00,109.815,109.815,109.79,109.7917,1132.0
2017-11-29 14:54:00,109.825,109.825,109.8,109.8,400.0
2017-11-29 14:55:00,109.79,109.84,109.79,109.84,1700.0
2017-11-29 14:56:00,109.79,109.79,109.79,109.79,100.0
2017-11-29 14:57:00,109.82,109.82,109.8,109.805,2111.0
2017-11-29 14:58:00,109.83,109.83,109.815,109.83,300.0
2017-11-29 14:59:00,109.76,109.81,109.76,109.81,2595.0
2017-11-29 15:00:00,109.74,109.75,109.74,109.75,600.0
2017-11-29 15:01:00,109.78,109.78,109.75,109.76,3695.0
2017-11-29 15:02:00,109.74,109.76,109.74,109.76,1770.0
2017-11-29 15:03:00,109.7,109.755,109.7,109.7517,2679.0
2017-11-29 15:04:00,109.78,109.78,109.71,109.72,4549.0
2017-11-29 15:05:00,109.89,109.89,109.79,109.79,4722.0
2017-11-29 15:06:00,109.84,109.95,109.84,109.9,3832.0
2017-11-29 15:07:00,109.83,109.85,109.83,109.83,400.0
2017-11-29 15:08:00,109.88,109.88,109.85,109.85,1614.0
2017-11-29 15:09:00,109.875,109.88,109.85,109.88,1849.0
2017-11-29 15:10:00,109.86,109.89,109.86,109.875,300.0
2017-11-29 15:11:00,109.86,109.8701,109.84,109.8698,5320.0
2017-11-29 15:12:00,109.86,109.87,109.86,109.86,3968.0
2017-11-29 15:13:00,109.815,109.86,109.8,109.86,4690.0
2017-11-29 15:14:00,109.8,109.82,109.8,109.805,500.0
2017-11-29 15:15:00,109.8,109.81,109.79,109.81,4080.0
2017-11-29 15:16:00,109.87,109.88,109.8,109.81,11455.0
2017-11-29 15:17:00,109.88,109.88,109.85,109.875,3175.0
2017-11-29 15:18:00,109.9,109.9,109.875,109.875,1800.0
2017-11-29 15:19:00,109.98,109.98,109.8701,109.8701,2700.0
2017-11-29 15:20:00,109.895,109.99,109.895,109.99,2975.0
2017-11-29 15:21:00,109.8801,109.895,109.88,109.895,600.0
2017-11-29 15:22:00,109.97,109.97,109.92,109.92,2280.0
2017-11-29 15:23:00,109.925,109.97,109.9,109.97,2200.0
2017-11-29 15:24:00,109.935,109.95,109.925,109.93,1900.0
2017-11-29 15:25:00,109.93,109.93,109.9,109.93,2127.0
2017-11-29 15:26:00,109.91,109.94,109.91,109.92,600.0
2017-11-29 15:27:00,110.005,110.015,109.93,109.94,16493.0
2017-11-29 15:28:00,110.03,110.07,110.005,110.01,6487.0
2017-11-29 15:29:00,110.07,110.07,110.04,110.04,2000.0
2017-11-29 15:30:00,110.05,110.07,110.04,110.07,4400.0
2017-11-29 15:31:00,110.07,110.09,110.055,110.06,2873.0
2017-11-29 15:32:00,110.095,110.1,110.05,110.07,3281.0
2017-11-29 15:33:00,110.16,110.16,110.1,110.11,2701.0
2017-11-29 15:34:00,110.2,110.205,110.16,110.16,3350.0
2017-11-29 15:35:00,110.2,110.215,110.2,110.215,2689.0
2017-11-29 15:36:00,110.25,110.25,110.205,110.205,2806.0
2017-11-29 15:37:00,110.245,110.28,110.245,110.26,6192.0
2017-11-29 15:38:00,110.27,110.27,110.2301,110.2301,5133.0
2017-11-29 15:39:00,110.275,110.28,110.26,110.27,2382.0
2017-11-29 15:40:00,110.38,110.415,110.27,110.28,10627.0
2017-11-29 15:41:00,110.55,110.55,110.38,110.38,4256.0
2017-11-29 15:42:00,110.58,110.58,110.53,110.54,5816.0
2017-11-29 15:43:00,110.64,110.64,110.5707,110.5707,3096.0
2017-11-29 15:44:00,110.87,110.87,110.64,110.64,3800.0
2017-11-29 15:45:00,110.94,110.99,110.84,110.87,22762.0
2017-11-29 15:46:00,110.76,110.935,110.69,110.93,9466.0
2017-11-29 15:47:00,110.76,110.78,110.73,110.765,8324.0
2017-11-29 15:48:00,110.77,110.8,110.75,110.76,7621.0
2017-11-29 15:49:00,110.59,110.8,110.58,110.8,10820.0
2017-11-29 15:50:00,110.59,110.63,110.53,110.59,6127.0
2017-11-29 15:51:00,110.63,110.66,110.5703,110.59,2704.0
2017-11-29 15:52:00,110.62,110.65,110.59,110.645,8004.0
2017-11-29 15:53:00,110.59,110.65,110.57,110.64,8993.0
2017-11-29 15:54:00,110.4,110.6,110.4,110.595,11669.0
2017-11-29 15:55:00,110.28,110.5,110.28,110.43,12924.0
2017-11-29 15:56:00,110.1,110.365,110.05,110.33,21171.0
2017-11-29 15:57:00,110.15,110.16,110.07,110.11,9094.0
2017-11-29 15:58:00,110.16,110.1899,110.05,110.16,12698.0
2017-11-29 15:59:00,110.13,110.21,110.11,110.17,17983.0
2017-11-29 16:00:00,110.11,110.15,110.03,110.13,31671.0
2017-11-30 09:30:00,110.12,110.12,110.12,110.12,3485.0
2017-11-30 09:31:00,110.11,110.59,110.07,110.12,1277.0
2017-11-30 09:32:00,110.06,110.18,110.06,110.18,700.0
2017-11-30 09:33:00,110.13,110.13,110.03,110.03,400.0
2017-11-30 09:35:00,109.73,110.12,109.73,110.09,3100.0
2017-11-30 09:37:00,109.84,109.9917,109.79,109.79,1300.0
2017-11-30 09:38:00,110.02,110.02,109.87,109.88,1800.0
2017-11-30 09:39:00,110.03,110.1,109.95,110.05,2400.0
2017-11-30 09:40:00,110.19,110.2,110.07,110.07,4325.0
2017-11-30 09:41:00,110.07,110.24,110.07,110.24,2995.0
2017-11-30 09:42:00,110.07,110.1,110.06,110.1,630.0
2017-11-30 09:43:00,109.97,109.98,109.89,109.89,400.0
2017-11-30 09:44:00,109.96,110.02,109.84,110.02,2547.0
2017-11-30 09:45:00,109.895,109.93,109.895,109.93,200.0
2017-11-30 09:46:00,110.01,110.01,109.92,109.92,900.0
2017-11-30 09:47:00,110.1,110.1,109.95,109.95,800.0
2017-11-30 09:48:00,110.08,110.26,110.06,110.06,300.0
2017-11-30 09:49:00,110.225,110.225,110.22,110.22,520.0
2017-11-30 09:50:00,110.17,110.2418,110.17,110.2418,1518.0
2017-11-30 09:51:00,109.88,110.14,109.88,110.14,2604.0
2017-11-30 09:52:00,110.13,110.195,109.945,109.945,1700.0
2017-11-30 09:53:00,110.09,110.2799,110.09,110.2799,1336.0
2017-11-30 09:54:00,110.08,110.15,110.08,110.14,700.0
2017-11-30 09:55:00,110.14,110.2,110.08,110.08,1133.0
2017-11-30 09:56:00,110.12,110.25,110.12,110.17,3400.0
2017-11-30 09:57:00,110.17,110.23,110.1,110.13,900.0
2017-11-30 09:58:00,110.185,110.185,110.185,110.185,200.0
2017-11-30 09:59:00,110.19,110.26,110.1,110.24,4570.0
2017-11-30 10:00:00,110.08,110.17,110.08,110.12,1488.0
2017-11-30 10:01:00,110.01,110.14,110.0,110.11,1591.0
2017-11-30 10:02:00,109.72,110.02,109.72,110.02,4238.0
2017-11-30 10:03:00,109.7918,109.795,109.75,109.75,303.0
2017-11-30 10:04:00,109.58,109.92,109.58,109.84,5180.0
2017-11-30 10:05:00,109.94,109.94,109.66,109.68,2800.0
2017-11-30 10:06:00,110.0,110.08,109.9,109.94,3600.0
2017-11-30 10:07:00,110.3,110.3,110.07,110.07,3074.0
2017-11-30 10:08:00,110.27,110.2958,110.24,110.2958,894.0
2017-11-30 10:09:00,110.29,110.35,110.195,110.28,4735.0
2017-11-30 10:10:00,110.32,110.32,110.19,110.28,3319.0
2017-11-30 10:11:00,110.41,110.55,110.29,110.29,3711.0
2017-11-30 10:12:00,110.44,110.51,110.4,110.41,4306.0
2017-11-30 10:13:00,110.48,110.48,110.4,110.46,2281.0
2017-11-30 10:14:00,110.59,110.59,110.475,110.475,1463.0
2017-11-30 10:15:00,110.63,110.63,110.63,110.63,300.0
2017-11-30 10:16:00,110.73,110.81,110.73,110.73,3530.0
2017-11-30 10:17:00,110.47,110.7899,110.47,110.7899,4243.0
2017-11-30 10:18:00,110.46,110.49,110.46,110.49,400.0
2017-11-30 10:19:00,110.43,110.45,110.38,110.45,800.0
2017-11-30 10:20:00,110.43,110.53,110.4,110.48,2895.0
2017-11-30 10:21:00,110.28,110.38,110.25,110.38,700.0
2017-11-30 10:22:00,110.285,110.4,110.285,110.36,3624.0
2017-11-30 10:23:00,110.29,110.36,110.25,110.25,2523.0
2017-11-30 10:24:00,110.33,110.36,110.3,110.3,1400.0
2017-11-30 10:25:00,110.28,110.37,110.23,110.37,2200.0
2017-11-30 10:26:00,110.19,110.23,110.19,110.23,402.0
2017-11-30 10:27:00,110.24,110.24,110.23,110.23,200.0
2017-11-30 10:28:00,110.19,110.27,110.19,110.19,500.0
2017-11-30 10:29:00,110.19,110.234,110.17,110.22,1985.0
2017-11-30 10:30:00,110.1,110.18,110.1,110.17,996.0
2017-11-30 10:32:00,110.13,110.16,110.1,110.15,2400.0
2017-11-30 10:33:00,110.14200000000001,110.14200000000001,110.14200000000001,110.14200000000001,230.0
2017-11-30 10:34:00,110.02,110.11,109.87,110.11,7193.0
2017-11-30 10:35:00,110.09,110.115,110.05,110.05,600.0
2017-11-30 10:36:00,110.21,110.21,110.125,110.19,700.0
2017-11-30 10:37:00,110.11,110.16,110.11,110.16,520.0
2017-11-30 10:39:00,110.18,110.2,110.135,110.16,2450.0
2017-11-30 10:40:00,110.12,110.12,110.12,110.12,100.0
2017-11-30 10:41:00,110.02,110.12,110.02,110.12,1000.0
2017-11-30 10:42:00,110.11,110.11,110.02,110.045,1100.0
2017-11-30 10:43:00,109.91,110.04,109.91,110.04,1403.0
2017-11-30 10:44:00,109.91,109.911,109.91,109.911,300.0
2017-11-30 10:45:00,109.905,109.91,109.905,109.91,600.0
2017-11-30 10:46:00,110.01,110.02,109.905,109.905,3527.0
2017-11-30 10:47:00,110.05,110.095,110.01,110.01,2091.0
2017-11-30 10:49:00,110.1,110.14,110.1,110.13,900.0
2017-11-30 10:50:00,110.2,110.2,110.08,110.08,300.0
2017-11-30 10:51:00,110.2,110.2,110.2,110.2,100.0
2017-11-30 10:52:00,110.1608,110.165,110.1608,110.165,204.0
2017-11-30 10:53:00,110.14,110.22,110.14,110.14,4410.0
2017-11-30 10:54:00,110.03,110.1447,110.03,110.14,4252.0
2017-11-30 10:55:00,109.87,110.07,109.86,110.03,6200.0
2017-11-30 10:56:00,109.925,109.95,109.84,109.84,4790.0
2017-11-30 10:57:00,109.96,110.03,109.91,109.925,6700.0
2017-11-30 10:58:00,110.0,110.0,109.93,109.93,1500.0
2017-11-30 10:59:00,110.3002,110.305,110.06,110.06,2064.0
2017-11-30 11:00:00,110.4152,110.51,110.3,110.3,3925.0
2017-11-30 11:01:00,110.28,110.34,110.25,110.33,3859.0
2017-11-30 11:02:00,110.21,110.28,110.09,110.25,5209.0
2017-11-30 11:03:00,110.26,110.31,110.16,110.24,5200.0
2017-11-30 11:04:00,110.2,110.305,110.15,110.27,13557.0
2017-11-30 11:05:00,110.53,110.53,110.2,110.23,2181.0
2017-11-30 11:06:00,110.51,110.57,110.51,110.57,400.0
2017-11-30 11:07:00,110.5796,110.68,110.44,110.56,7749.0
2017-11-30 11:08:00,110.59,110.64,110.47,110.625,4800.0
2017-11-30 11:09:00,110.55,110.69,110.4805,110.61,3991.0
2017-11-30 11:10:00,110.68,110.68,110.46,110.56,9138.0
2017-11-30 11:11:00,110.56,110.6,110.53,110.56,900.0
2017-11-30 11:12:00,110.67,110.67,110.55,110.55,3232.0
2017-11-30 11:13:00,110.84,110.84,110.79,110.79,361.0
2017-11-30 11:15:00,111.02,111.05,110.84,110.84,2772.0
2017-11-30 11:16:00,110.915,111.03,110.915,111.03,1600.0
2017-11-30 11:17:00,110.82,110.89,110.78,110.89,6995.0
2017-11-30 11:18:00,111.01,111.01,110.9,110.96,3390.0
2017-11-30 11:19:00,111.15,111.15,110.98,110.98,1900.0
2017-11-30 11:20:00,111.22,111.34,111.14,111.16,3900.0
2017-11-30 11:21:00,111.0,111.15,110.9705,111.15,2021.0
2017-11-30 11:22:00,110.9868,110.9868,110.88,110.97,3128.0
2017-11-30 11:23:00,111.11,111.11,110.98,110.98,1200.0
2017-11-30 11:25:00,111.04,111.05,111.03,111.03,400.0
2017-11-30 11:26:00,111.17,111.17,111.13,111.14,772.0
2017-11-30 11:27:00,111.28,111.3,111.19,111.3,927.0
2017-11-30 11:28:00,111.07,111.27,111.07,111.24,2776.0
2017-11-30 11:29:00,111.05,111.15,110.985,111.04,4501.0
2017-11-30 11:30:00,111.18,111.18,111.0,111.0,3250.0
2017-11-30 11:31:00,111.205,111.205,111.14,111.14,200.0
2017-11-30 11:32:00,111.12,111.16,111.11,111.16,1800.0
2017-11-30 11:33:00,111.33,111.33,111.14,111.15,4492.0
2017-11-30 11:34:00,111.54,111.55,111.29,111.325,6101.0
2017-11-30 11:35:00,111.62,111.79,111.51,111.51,12262.0
2017-11-30 11:36:00,111.61,111.66,111.55,111.62,2001.0
2017-11-30 11:37:00,111.58,111.61,111.53,111.61,1400.0
2017-11-30 11:38:00,111.68,111.68,111.5601,111.58,2058.0
2017-11-30 11:39:00,111.6,111.68,111.58,111.68,3300.0
2017-11-30 11:40:00,111.66,111.67,111.585,111.585,1600.0
2017-11-30 11:41:00,111.73,111.79,111.675,111.675,25800.0
2017-11-30 11:42:00,111.765,111.84,111.765,111.8,2564.0
2017-11-30 11:43:00,111.75,111.79,111.65,111.78,4997.0
2017-11-30 11:44:00,111.73,111.78,111.67,111.67,2400.0
2017-11-30 11:45:00,111.62,111.7,111.62,111.67,900.0
2017-11-30 11:46:00,111.71,111.71,111.6,111.62,2900.0
2017-11-30 11:47:00,111.75,111.75,111.7,111.75,500.0
2017-11-30 11:48:00,111.88,111.88,111.77,111.77,3412.0
2017-11-30 11:49:00,111.715,111.92,111.67,111.92,4776.0
2017-11-30 11:50:00,111.715,111.785,111.715,111.715,3509.0
2017-11-30 11:51:00,111.85,111.85,111.74,111.78,4102.0
2017-11-30 11:52:00,111.83,111.87,111.79,111.85,3703.0
2017-11-30 11:53:00,111.88,111.96,111.855,111.855,3373.0
2017-11-30 11:54:00,112.03,112.19,111.88,111.88,11708.0
2017-11-30 11:55:00,111.89,112.01,111.89,111.99,1550.0
2017-11-30 11:56:00,111.785,111.86,111.77,111.86,1000.0
2017-11-30 11:57:00,111.94,112.02,111.78,111.78,3951.0
2017-11-30 11:58:00,111.77,111.97,111.77,111.96,4286.0
2017-11-30 11:59:00,111.8,111.8,111.68,111.68,1031.0
2017-11-30 12:00:00,111.83,111.87,111.76,111.795,4132.0
2017-11-30 12:01:00,111.81,111.81,111.8,111.8,400.0
2017-11-30 12:02:00,111.75,111.83,111.75,111.81,1501.0
2017-11-30 12:03:00,111.73,111.76,111.73,111.76,200.0
2017-11-30 12:04:00,111.79,111.93,111.79,111.79,3997.0
2017-11-30 12:05:00,111.75,111.75,111.75,111.75,700.0
2017-11-30 12:06:00,111.825,111.84,111.76,111.77,1798.0
2017-11-30 12:07:00,111.84,111.84,111.83,111.83,600.0
2017-11-30 12:08:00,111.72,111.84,111.72,111.84,2325.0
2017-11-30 12:09:00,111.7426,111.8,111.7426,111.79,400.0
2017-11-30 12:10:00,111.81,111.82,111.765,111.765,1100.0
2017-11-30 12:11:00,111.73,111.82,111.72,111.8,1700.0
2017-11-30 12:12:00,111.8,111.8,111.69,111.69,900.0
2017-11-30 12:13:00,111.82,111.86,111.81,111.86,400.0
2017-11-30 12:14:00,111.895,111.895,111.825,111.825,1850.0
2017-11-30 12:15:00,111.89,111.92,111.87,111.885,1600.0
2017-11-30 12:16:00,111.845,111.85,111.845,111.85,500.0
2017-11-30 12:17:00,111.82,111.83,111.8,111.83,400.0
2017-11-30 12:18:00,111.835,111.86,111.78,111.78,1900.0
2017-11-30 12:19:00,111.84,111.88,111.815,111.85,2700.0
2017-11-30 12:20:00,111.83,111.86,111.83,111.83,700.0
2017-11-30 12:21:00,111.865,111.88,111.8225,111.83,2400.0
2017-11-30 12:22:00,111.89,111.91,111.825,111.86,4113.0
2017-11-30 12:23:00,111.96,111.96,111.88,111.88,1400.0
2017-11-30 12:24:00,111.82,112.0,111.82,111.97,4552.0
2017-11-30 12:25:00,111.91,111.91,111.91,111.91,100.0
2017-11-30 12:26:00,111.84,111.97,111.83,111.92,5003.0
2017-11-30 12:27:00,111.71,111.82,111.7,111.82,2300.0
2017-11-30 12:28:00,111.8025,111.88,111.72,111.74,1700.0
2017-11-30 12:29:00,111.88,111.88,111.77,111.84,10290.0
2017-11-30 12:30:00,111.85,111.96,111.73,111.96,10300.0
2017-11-30 12:31:00,112.08,112.08,111.8047,111.8047,3850.0
2017-11-30 12:32:00,112.18,112.23,111.99,112.065,2952.0
2017-11-30 12:33:00,112.355,112.355,112.205,112.23,2148.0
2017-11-30 12:34:00,112.34,112.43,112.29,112.43,5016.0
2017-11-30 12:35:00,112.345,112.399,112.345,112.35,500.0
2017-11-30 12:36:00,112.33,112.37,112.325,112.335,500.0
2017-11-30 12:37:00,112.38,112.39,112.31,112.335,2761.0
2017-11-30 12:38:00,112.285,112.39,112.25,112.39,3200.0
2017-11-30 12:39:00,112.39,112.395,112.28,112.28,2440.0
2017-11-30 12:40:00,112.3,112.395,112.205,112.395,3265.0
2017-11-30 12:41:00,112.29,112.33,112.21,112.21,800.0
2017-11-30 12:42:00,112.23,112.27,112.18,112.27,1100.0
2017-11-30 12:43:00,112.3,112.4,112.21,112.21,2257.0
2017-11-30 12:44:00,112.45,112.47,112.37,112.38,2300.0
2017-11-30 12:45:00,112.52,112.52,112.43,112.45,925.0
2017-11-30 12:46:00,112.56,112.56,112.45,112.53,1800.0
2017-11-30 12:47:00,112.675,112.68,112.525,112.525,2504.0
2017-11-30 12:48:00,112.61,112.75,112.575,112.72,4900.0
2017-11-30 12:49:00,112.78,112.81,112.54,112.585,5868.0
2017-11-30 12:50:00,112.7,112.765,112.63,112.765,2453.0
2017-11-30 12:51:00,112.68,112.74,112.68,112.7,2100.0
2017-11-30 12:52:00,112.74,112.74,112.7,112.71,500.0
2017-11-30 12:53:00,112.84,112.88,112.725,112.76,2000.0
2017-11-30 12:54:00,112.78,112.88,112.7,112.845,9642.0
2017-11-30 12:55:00,112.43,112.69,112.43,112.67,2500.0
2017-11-30 12:56:00,112.09,112.5,111.98,112.5,5060.0
2017-11-30 12:57:00,112.15,112.15,112.1101,112.15,300.0
2017-11-30 12:58:00,112.17,112.205,112.16,112.17,500.0
2017-11-30 12:59:00,112.2701,112.34,112.15,112.21,2200.0
2017-11-30 13:00:00,112.42,112.44,112.36,112.36,1700.0
2017-11-30 13:01:00,112.5,112.5,112.4101,112.44,1100.0
2017-11-30 13:02:00,112.57,112.59,112.5103,112.55,3400.0
2017-11-30 13:03:00,112.47,112.62,112.37,112.57,6950.0
2017-11-30 13:04:00,112.27,112.4413,112.27,112.39,851.0
2017-11-30 13:05:00,112.36,112.37,112.27,112.27,1800.0
2017-11-30 13:06:00,112.36,112.44,112.32,112.42,1711.0
2017-11-30 13:07:00,112.24,112.29,112.24,112.29,500.0
2017-11-30 13:08:00,112.27,112.31,112.191,112.24,2932.0
2017-11-30 13:10:00,112.15,112.33,112.095,112.33,3720.0
2017-11-30 13:11:00,112.205,112.205,112.195,112.195,200.0
2017-11-30 13:12:00,112.205,112.205,112.205,112.205,100.0
2017-11-30 13:13:00,112.25,112.25,112.25,112.25,500.0
2017-11-30 13:14:00,112.19,112.24,112.12,112.19,3212.0
2017-11-30 13:15:00,112.25,112.25,112.19,112.19,739.0
2017-11-30 13:16:00,112.19,112.33,112.13,112.33,1308.0
2017-11-30 13:17:00,112.15,112.18,112.05,112.13,1608.0
2017-11-30 13:18:00,112.15,112.15,112.1,112.15,1100.0
2017-11-30 13:19:00,112.14,112.14,112.06,112.1,1716.0
2017-11-30 13:20:00,112.1,112.24,112.08,112.13,3200.0
2017-11-30 13:21:00,112.146,112.15,112.09100000000001,112.115,900.0
2017-11-30 13:22:00,112.1,112.125,112.1,112.1,899.0
2017-11-30 13:23:00,112.04,112.05,112.04,112.0401,1462.0
2017-11-30 13:24:00,111.9,112.1,111.9,112.07,2300.0
2017-11-30 13:25:00,112.02,112.09,112.02,112.07,702.0
2017-11-30 13:26:00,112.1374,112.17,112.045,112.07,1466.0
2017-11-30 13:27:00,112.2,112.2,112.1327,112.18,1200.0
2017-11-30 13:28:00,112.04,112.12,112.02,112.12,2200.0
2017-11-30 13:29:00,111.98,112.03,111.98,112.0,900.0
2017-11-30 13:31:00,111.94,111.94,111.7305,111.94,1250.0
2017-11-30 13:32:00,112.03,112.03,111.93,111.93,1670.0
2017-11-30 13:33:00,112.01,112.08,112.01,112.08,1301.0
2017-11-30 13:34:00,111.9,111.99,111.8172,111.96,10674.0
2017-11-30 13:35:00,111.83,111.84,111.83,111.84,918.0
2017-11-30 13:36:00,111.8,111.92,111.8,111.82,2750.0
2017-11-30 13:37:00,111.97,111.97,111.93,111.93,300.0
2017-11-30 13:38:00,111.99,111.99,111.96,111.96,1000.0
2017-11-30 13:39:00,112.03,112.035,111.985,111.985,1000.0
2017-11-30 13:40:00,112.09,112.12,112.08,112.08,800.0
2017-11-30 13:41:00,112.17,112.22,112.09,112.12,1100.0
2017-11-30 13:42:00,112.0125,112.12,111.96,112.12,3397.0
2017-11-30 13:43:00,112.055,112.06,112.02,112.03,1151.0
2017-11-30 13:44:00,112.06,112.06,112.02,112.06,1700.0
2017-11-30 13:45:00,111.9833,112.05,111.96,112.03,1100.0
2017-11-30 13:46:00,112.08,112.08,112.02,112.02,1225.0
2017-11-30 13:47:00,111.89,112.09,111.83,112.08,2820.0
2017-11-30 13:48:00,111.87,111.95,111.78,111.88,1769.0
2017-11-30 13:49:00,111.9,111.93,111.89,111.89,500.0
2017-11-30 13:50:00,111.94,111.94,111.86,111.9,400.0
2017-11-30 13:51:00,111.86,111.94,111.86,111.94,1300.0
2017-11-30 13:52:00,111.8,111.83,111.75,111.83,1500.0
2017-11-30 13:53:00,111.825,111.85,111.8,111.8,3233.0
2017-11-30 13:54:00,111.8,111.8,111.8,111.8,100.0
2017-11-30 13:55:00,111.87,111.87,111.86,111.86,350.0
2017-11-30 13:56:00,111.82,111.91,111.82,111.89,3100.0
2017-11-30 13:57:00,111.7877,111.8233,111.7877,111.8233,860.0
2017-11-30 13:58:00,111.86,111.86,111.84,111.84,812.0
2017-11-30 13:59:00,111.86,111.88,111.85,111.86,1244.0
2017-11-30 14:00:00,111.87,111.95,111.84,111.91,3300.0
2017-11-30 14:01:00,111.995,111.995,111.9,111.9,940.0
2017-11-30 14:02:00,112.06,112.06,112.015,112.015,793.0
2017-11-30 14:03:00,111.96,112.01,111.87,112.01,4838.0
2017-11-30 14:05:00,112.045,112.06,111.93,111.93,3738.0
2017-11-30 14:06:00,111.92,111.99,111.92,111.99,900.0
2017-11-30 14:08:00,112.0,112.06,111.96,111.96,6289.0
2017-11-30 14:09:00,112.0225,112.035,111.99,112.035,1400.0
2017-11-30 14:10:00,111.93,111.93,111.93,111.93,100.0
2017-11-30 14:11:00,112.04,112.04,111.98,111.98,1264.0
2017-11-30 14:12:00,112.06,112.11,112.06,112.07,1438.0
2017-11-30 14:13:00,112.065,112.1,112.05,112.08,1400.0
2017-11-30 14:14:00,112.06,112.07,112.04,112.07,2749.0
2017-11-30 14:15:00,112.095,112.15,112.03,112.05,2200.0
2017-11-30 14:16:00,112.12,112.15,112.11,112.14,1759.0
2017-11-30 14:18:00,112.04,112.09,112.03,112.09,1544.0
2017-11-30 14:19:00,112.1,112.1,112.01,112.01,1607.0
2017-11-30 14:20:00,112.105,112.15,112.08,112.14,2038.0
2017-11-30 14:21:00,112.04,112.14,112.04,112.1,1259.0
2017-11-30 14:22:00,112.2,112.2,112.1,112.1,1776.0
2017-11-30 14:23:00,112.25,112.25,112.21,112.21,900.0
2017-11-30 14:24:00,112.38,112.38,112.25,112.25,2141.0
2017-11-30 14:25:00,112.28,112.32,112.27,112.32,1700.0
2017-11-30 14:26:00,112.265,112.265,112.265,112.265,200.0
2017-11-30 14:27:00,112.34,112.35,112.24,112.27,1800.0
2017-11-30 14:28:00,112.3,112.3,112.29,112.29,800.0
2017-11-30 14:29:00,112.35,112.35,112.294,112.3,1400.0
2017-11-30 14:30:00,112.33,112.42,112.33,112.35,3000.0
2017-11-30 14:31:00,112.26,112.345,112.23,112.345,3312.0
2017-11-30 14:32:00,112.13,112.15,112.05,112.15,700.0
2017-11-30 14:33:00,112.11,112.115,112.06,112.06,1260.0
2017-11-30 14:34:00,112.0528,112.08,112.0,112.08,1200.0
2017-11-30 14:35:00,112.02,112.09,112.02,112.07,1726.0
2017-11-30 14:36:00,111.98,111.98,111.98,111.98,100.0
2017-11-30 14:37:00,111.92,111.99,111.92,111.99,600.0
2017-11-30 14:38:00,112.04,112.04,111.96,111.96,2311.0
2017-11-30 14:39:00,112.08,112.09,111.98,112.0,2312.0
2017-11-30 14:40:00,112.09,112.16,112.0401,112.0401,3876.0
2017-11-30 14:41:00,112.0,112.09,111.85,112.09,4765.0
2017-11-30 14:42:00,112.005,112.04,112.005,112.04,400.0
2017-11-30 14:43:00,111.96,112.11,111.96,112.05,2395.0
2017-11-30 14:44:00,111.90100000000001,111.97,111.90100000000001,111.97,1000.0
2017-11-30 14:45:00,111.93,111.95,111.89,111.92,2992.0
2017-11-30 14:46:00,111.87,111.955,111.87,111.955,1500.0
2017-11-30 14:47:00,111.915,111.92,111.895,111.91,1400.0
2017-11-30 14:48:00,111.91,111.96,111.87,111.93,3700.0
2017-11-30 14:49:00,111.85,111.85,111.85,111.85,200.0
2017-11-30 14:50:00,111.7501,111.885,111.67,111.885,8327.0
2017-11-30 14:51:00,111.71,111.82,111.63,111.82,9141.0
2017-11-30 14:52:00,111.77,111.78,111.714,111.714,2614.0
2017-11-30 14:53:00,111.65,111.78,111.65,111.78,1900.0
2017-11-30 14:54:00,111.73,111.78,111.7,111.73,2659.0
2017-11-30 14:55:00,111.83,111.83,111.8,111.8,544.0
2017-11-30 14:56:00,111.65,111.85,111.65,111.85,3906.0
2017-11-30 14:57:00,111.835,111.835,111.75,111.75,900.0
2017-11-30 14:58:00,111.63,111.84,111.63,111.84,2700.0
2017-11-30 15:00:00,111.665,111.78,111.66,111.68,3322.0
2017-11-30 15:01:00,111.85,111.85,111.68,111.72,3100.0
2017-11-30 15:02:00,111.735,111.87,111.71,111.79,3716.0
2017-11-30 15:03:00,111.88,111.88,111.77,111.779,1522.0
2017-11-30 15:04:00,111.73,111.83,111.7001,111.82,3400.0
2017-11-30 15:05:00,111.84,111.84,111.7534,111.7534,1500.0
2017-11-30 15:06:00,111.77,111.84,111.73,111.82,2300.0
2017-11-30 15:07:00,111.82,111.82,111.775,111.78,1300.0
2017-11-30 15:08:00,111.84,111.87,111.81,111.83,1600.0
2017-11-30 15:09:00,111.7,111.84,111.7,111.83,5761.0
2017-11-30 15:10:00,111.69,111.7,111.69,111.7,300.0
2017-11-30 15:11:00,111.77,111.78,111.67,111.67,2700.0
2017-11-30 15:12:00,111.76,111.79,111.75,111.79,1800.0
2017-11-30 15:13:00,111.73,111.76,111.7,111.76,1100.0
2017-11-30 15:14:00,111.8101,111.84,111.735,111.735,2200.0
2017-11-30 15:15:00,111.78,111.89,111.7501,111.84,10145.0
2017-11-30 15:16:00,111.81,111.81,111.765,111.765,1419.0
2017-11-30 15:17:00,111.8,111.835,111.8,111.835,900.0
2017-11-30 15:18:00,111.79,111.83,111.76,111.81,2300.0
2017-11-30 15:19:00,111.8,111.84,111.8,111.81,2040.0
2017-11-30 15:20:00,111.825,111.84,111.81,111.82,800.0
2017-11-30 15:21:00,111.65,111.86,111.6201,111.85,10511.0
2017-11-30 15:22:00,111.78,111.7857,111.67,111.67,1855.0
2017-11-30 15:23:00,111.78,111.84,111.78,111.84,1305.0
2017-11-30 15:24:00,111.835,111.835,111.78,111.7947,1150.0
2017-11-30 15:25:00,111.74,111.84,111.73,111.84,5500.0
2017-11-30 15:26:00,111.74,111.74,111.74,111.74,100.0
2017-11-30 15:27:00,111.73,111.73,111.71,111.72,300.0
2017-11-30 15:28:00,111.68,111.75,111.68,111.75,4100.0
2017-11-30 15:29:00,111.82,111.82,111.68,111.68,3836.0
2017-11-30 15:30:00,111.79,111.84,111.79,111.8,3033.0
2017-11-30 15:31:00,111.77,111.83,111.74,111.81,3672.0
2017-11-30 15:32:00,111.77,111.77,111.74,111.76,3900.0
2017-11-30 15:33:00,111.69,111.78,111.69,111.77,7440.0
2017-11-30 15:34:00,111.75,111.8,111.71,111.72,4702.0
2017-11-30 15:35:00,111.75,111.79,111.73,111.73,4000.0
2017-11-30 15:36:00,111.75,111.765,111.65,111.765,4450.0
2017-11-30 15:37:00,111.8,111.81,111.7,111.75,3703.0
2017-11-30 15:38:00,111.84,111.845,111.81,111.83,1500.0
2017-11-30 15:39:00,111.77,111.85,111.72,111.84,4298.0
2017-11-30 15:40:00,111.75,111.83,111.75,111.8,3750.0
2017-11-30 15:41:00,111.8,111.8,111.75,111.75,2199.0
2017-11-30 15:42:00,111.89,111.89,111.78,111.8,2744.0
2017-11-30 15:43:00,111.905,111.93,111.89,111.9099,2187.0
2017-11-30 15:44:00,111.905,111.94,111.88,111.88,9530.0
2017-11-30 15:45:00,112.08,112.08,111.91,111.92,7732.0
2017-11-30 15:46:00,112.04,112.08,111.98,112.08,10220.0
2017-11-30 15:47:00,112.105,112.11,112.05,112.06,6967.0
2017-11-30 15:48:00,112.11,112.18,112.095,112.11,6901.0
2017-11-30 15:49:00,112.2199,112.2199,112.1,112.13,5620.0
2017-11-30 15:50:00,112.39,112.4,112.22,112.22,4705.0
2017-11-30 15:51:00,112.306,112.49,112.3,112.49,9941.0
2017-11-30 15:52:00,112.3299,112.33,112.29,112.29,3035.0
2017-11-30 15:53:00,112.16,112.305,112.16,112.29,11269.0
2017-11-30 15:54:00,112.17,112.1999,112.13,112.14,10384.0
2017-11-30 15:55:00,112.22,112.22,112.13,112.165,9223.0
2017-11-30 15:56:00,112.08,112.2099,112.08,112.2,10700.0
2017-11-30 15:57:00,112.1,112.14,112.08,112.08,6887.0
2017-11-30 15:58:00,112.14,112.14,111.99,112.1,18152.0
2017-11-30 15:59:00,112.25,112.26,112.14,112.14,16626.0
2017-11-30 16:00:00,112.16,112.28,112.16,112.25,21351.0
2017-12-01 09:30:00,112.42,112.42,112.42,112.42,4039.0
2017-12-01 09:31:00,112.37,112.42,112.37,112.42,400.0
2017-12-01 09:32:00,111.8,111.8,111.75,111.75,200.0
2017-12-01 09:33:00,111.83,112.07,111.83,111.84,600.0
2017-12-01 09:34:00,112.05,112.34,111.84,112.09,400.0
2017-12-01 09:35:00,111.92,112.1825,111.92,112.1301,945.0
2017-12-01 09:36:00,111.73,111.8604,111.73,111.8604,300.0
2017-12-01 09:38:00,111.7548,111.85,111.7548,111.85,222.0
2017-12-01 09:39:00,111.66,111.82,111.66,111.82,2225.0
2017-12-01 09:40:00,111.635,111.635,111.52,111.52,300.0
2017-12-01 09:41:00,111.8935,111.8935,111.73,111.75,1956.0
2017-12-01 09:42:00,112.155,112.155,111.97,111.98,796.0
2017-12-01 09:43:00,112.33,112.33,112.0973,112.0973,225.0
2017-12-01 09:44:00,111.85,112.09,111.73,112.09,5390.0
2017-12-01 09:45:00,111.86,111.86,111.72,111.73,544.0
2017-12-01 09:46:00,111.84,111.84,111.62,111.62,1353.0
2017-12-01 09:47:00,111.945,111.95,111.63,111.63,2050.0
2017-12-01 09:48:00,111.91,111.925,111.8723,111.8723,400.0
2017-12-01 09:50:00,111.825,111.825,111.825,111.825,100.0
2017-12-01 09:51:00,111.89,111.89,111.8,111.8,200.0
2017-12-01 09:52:00,111.7525,111.7525,111.7525,111.7525,100.0
2017-12-01 09:53:00,111.7375,111.76,111.71,111.73,700.0
2017-12-01 09:54:00,111.76,111.78,111.74,111.74,1100.0
2017-12-01 09:55:00,111.825,111.825,111.825,111.825,100.0
2017-12-01 09:56:00,111.68,111.85,111.68,111.78,1694.0
2017-12-01 09:57:00,111.685,111.685,111.54,111.55,624.0
2017-12-01 09:58:00,111.55,111.59,111.55,111.59,300.0
2017-12-01 09:59:00,111.48,111.5334,111.39,111.5334,1185.0
2017-12-01 10:00:00,111.45,111.45,111.42,111.42,300.0
2017-12-01 10:01:00,111.44,111.44,111.44,111.44,300.0
2017-12-01 10:02:00,111.33,111.48,111.33,111.48,1534.0
2017-12-01 10:03:00,111.11,111.34,111.11,111.34,2100.0
2017-12-01 10:04:00,111.04,111.05,111.04,111.05,200.0
2017-12-01 10:05:00,111.1807,111.25,111.03,111.03,4579.0
2017-12-01 10:06:00,111.06,111.19,111.051,111.13,1511.0
2017-12-01 10:07:00,111.0,111.17,110.98,111.05,6519.0
2017-12-01 10:08:00,110.99,111.1,110.98,111.1,1733.0
2017-12-01 10:09:00,111.24,111.295,111.03,111.085,7869.0
2017-12-01 10:10:00,111.3225,111.4,111.28,111.31,4969.0
2017-12-01 10:11:00,111.35,111.425,111.24,111.24,4009.0
2017-12-01 10:12:00,111.515,111.54,111.4,111.4525,6434.0
2017-12-01 10:13:00,111.54,111.64,111.48,111.48,9432.0
2017-12-01 10:14:00,111.575,111.62,111.49,111.49,2840.0
2017-12-01 10:15:00,111.72,111.72,111.56,111.56,1850.0
2017-12-01 10:16:00,111.64,111.715,111.64,111.66,1890.0
2017-12-01 10:17:00,111.7,111.7,111.675,111.675,732.0
2017-12-01 10:18:00,111.9,111.92,111.74,111.74,3500.0
2017-12-01 10:19:00,111.9845,112.02,111.94,111.94,400.0
2017-12-01 10:20:00,112.03,112.05,112.01,112.01,1000.0
2017-12-01 10:21:00,111.94,112.02,111.91,112.02,1643.0
2017-12-01 10:22:00,111.9127,112.03,111.9127,111.94,5200.0
2017-12-01 10:23:00,111.97,112.02,111.92,111.9225,2300.0
2017-12-01 10:24:00,111.82,112.01,111.82,111.975,4520.0
2017-12-01 10:25:00,111.82,111.85,111.82,111.85,300.0
2017-12-01 10:26:00,111.77,111.84,111.77,111.79,400.0
2017-12-01 10:28:00,111.92,111.92,111.87,111.87,4670.0
2017-12-01 10:29:00,111.93,111.935,111.79,111.91,2718.0
2017-12-01 10:30:00,112.0,112.01,111.94,111.94,1900.0
2017-12-01 10:31:00,112.03,112.03,111.975,111.98,1229.0
2017-12-01 10:32:00,111.96,112.07,111.96,112.05,2205.0
2017-12-01 10:34:00,112.04,112.04,112.04,112.04,100.0
2017-12-01 10:35:00,111.85,112.0075,111.85,112.0,1360.0
2017-12-01 10:36:00,111.88,111.92,111.88,111.9,3193.0
2017-12-01 10:37:00,111.83,111.93,111.83,111.85,3992.0
2017-12-01 10:39:00,111.7438,111.7438,111.73,111.73,400.0
2017-12-01 10:40:00,111.58,111.58,111.58,111.58,200.0
2017-12-01 10:41:00,111.62,111.62,111.56,111.57,871.0
2017-12-01 10:42:00,111.76,111.76,111.67,111.67,400.0
2017-12-01 10:43:00,111.69,111.72,111.69,111.69,1121.0
2017-12-01 10:44:00,111.71,111.71,111.71,111.71,100.0
2017-12-01 10:45:00,111.6,111.685,111.6,111.65,1007.0
2017-12-01 10:46:00,111.56,111.56,111.56,111.56,100.0
2017-12-01 10:47:00,111.62,111.63,111.61,111.61,300.0
2017-12-01 10:48:00,111.85,111.85,111.64,111.64,1010.0
2017-12-01 10:49:00,111.62,111.79,111.59,111.74,2912.0
2017-12-01 10:50:00,111.695,111.695,111.66,111.66,1134.0
2017-12-01 10:51:00,111.7799,111.78,111.695,111.695,300.0
2017-12-01 10:52:00,111.74,111.765,111.68,111.765,1026.0
2017-12-01 10:53:00,111.8,111.8,111.75,111.75,842.0
2017-12-01 10:54:00,111.77,111.8,111.75,111.77,600.0
2017-12-01 10:55:00,111.72,111.8,111.72,111.76,700.0
2017-12-01 10:57:00,111.74,111.75,111.74,111.75,484.0
2017-12-01 10:59:00,111.7,111.76,111.7,111.76,1562.0
2017-12-01 11:00:00,111.63,111.7,111.63,111.69,1600.0
2017-12-01 11:01:00,111.63,111.75,111.63,111.66,3800.0
2017-12-01 11:02:00,111.58,111.66,111.58,111.59,600.0
2017-12-01 11:03:00,111.54,111.58,111.52,111.57,2100.0
2017-12-01 11:04:00,111.57,111.61,111.51,111.58,2300.0
2017-12-01 11:05:00,111.52,111.565,111.52,111.565,1000.0
2017-12-01 11:06:00,111.54,111.59,111.48,111.51,3125.0
2017-12-01 11:07:00,111.5,111.56,111.5,111.56,400.0
2017-12-01 11:08:00,111.36,111.53,111.36,111.48,4900.0
2017-12-01 11:09:00,111.16,111.41,111.13,111.39,1429.0
2017-12-01 11:10:00,111.06,111.22,111.06,111.14,1200.0
2017-12-01 11:11:00,110.96,111.18,110.72,111.18,1481.0
2017-12-01 11:12:00,111.305,111.385,111.0,111.09,2512.0
2017-12-01 11:13:00,111.045,111.29,111.01,111.29,2376.0
2017-12-01 11:14:00,110.27,110.99,110.27,110.99,7171.0
2017-12-01 11:15:00,110.36,110.48,110.06,110.41,2075.0
2017-12-01 11:16:00,110.54,110.67,110.36,110.36,2718.0
2017-12-01 11:17:00,110.775,110.84,110.53,110.6,3000.0
2017-12-01 11:18:00,110.695,110.845,110.695,110.835,8282.0
2017-12-01 11:19:00,110.81,110.81,110.63,110.695,2300.0
2017-12-01 11:20:00,110.855,110.855,110.7,110.79,700.0
2017-12-01 11:21:00,110.84,110.98,110.84,110.915,1000.0
2017-12-01 11:22:00,110.75,110.88,110.53,110.88,5200.0
2017-12-01 11:23:00,110.775,110.775,110.76,110.76,300.0
2017-12-01 11:24:00,110.43,110.805,110.4,110.71,8901.0
2017-12-01 11:25:00,110.285,110.305,110.22,110.3,1503.0
2017-12-01 11:26:00,110.27,110.29,110.19,110.21,3437.0
2017-12-01 11:27:00,110.24,110.37,110.24,110.3616,802.0
2017-12-01 11:28:00,110.27,110.27,110.1626,110.1626,2423.0
2017-12-01 11:29:00,109.9,110.25,109.75,110.21,7866.0
2017-12-01 11:30:00,109.87,109.87,109.6601,109.79,6070.0
2017-12-01 11:31:00,109.8528,109.9479,109.8528,109.9479,400.0
2017-12-01 11:32:00,109.9,109.9,109.86,109.88,800.0
2017-12-01 11:33:00,109.63,109.8,109.63,109.8,2377.0
2017-12-01 11:34:00,109.58,109.68,109.331,109.61,1351.0
2017-12-01 11:35:00,110.19,110.28,109.5884,109.5884,4890.0
2017-12-01 11:36:00,110.31,110.31,110.15,110.19,400.0
2017-12-01 11:37:00,110.36,110.36,110.22,110.22,1640.0
2017-12-01 11:38:00,110.72,110.72,110.42,110.43,2437.0
2017-12-01 11:39:00,110.77,110.77,110.68,110.77,1700.0
2017-12-01 11:40:00,110.83,110.83,110.74,110.74,1336.0
2017-12-01 11:41:00,110.96,110.97,110.83,110.91,2620.0
2017-12-01 11:42:00,110.95,110.96,110.89,110.96,300.0
2017-12-01 11:43:00,110.9,111.03,110.9,111.0,2400.0
2017-12-01 11:45:00,110.9316,111.0,110.9316,111.0,800.0
2017-12-01 11:46:00,110.76,111.01,110.67,110.95,2815.0
2017-12-01 11:47:00,110.75,110.89,110.75,110.79,2102.0
2017-12-01 11:48:00,110.68,110.71,110.68,110.71,500.0
2017-12-01 11:49:00,110.815,110.85,110.74,110.74,1613.0
2017-12-01 11:50:00,110.79,110.94,110.74,110.94,4348.0
2017-12-01 11:51:00,110.58,110.82,110.58,110.8,3500.0
2017-12-01 11:52:00,110.83,110.83,110.58,110.58,702.0
2017-12-01 11:53:00,110.9,110.99,110.83,110.9,3600.0
2017-12-01 11:54:00,110.79,110.83,110.79,110.83,214.0
2017-12-01 11:55:00,110.7,110.75,110.62,110.75,3355.0
2017-12-01 11:56:00,110.5,110.68,110.48,110.68,1725.0
2017-12-01 11:57:00,110.5592,110.5592,110.5592,110.5592,100.0
2017-12-01 11:58:00,110.895,110.93,110.66,110.66,2100.0
2017-12-01 11:59:00,110.98,110.98,110.93,110.98,400.0
2017-12-01 12:00:00,111.125,111.14,111.04,111.04,1300.0
2017-12-01 12:01:00,110.96,111.01,110.96,111.01,400.0
2017-12-01 12:02:00,110.83,110.83,110.83,110.83,400.0
2017-12-01 12:03:00,110.99,111.0,110.82,110.82,2459.0
2017-12-01 12:05:00,111.11,111.11,111.11,111.11,100.0
2017-12-01 12:06:00,111.02,111.02,110.9,111.02,2520.0
2017-12-01 12:07:00,111.12,111.16,111.11,111.11,1100.0
2017-12-01 12:09:00,110.81,111.05,110.81,111.04,2123.0
2017-12-01 12:10:00,111.0,111.01,110.87,110.93,1900.0
2017-12-01 12:11:00,110.93,110.93,110.93,110.93,100.0
2017-12-01 12:12:00,110.96,111.045,110.96,111.03,900.0
2017-12-01 12:14:00,110.96,111.01,110.87,110.98,3460.0
2017-12-01 12:15:00,110.87,110.98,110.86,110.97,3179.0
2017-12-01 12:16:00,111.1,111.1,110.93,110.94,1200.0
2017-12-01 12:17:00,110.95,111.14,110.95,111.14,1122.0
2017-12-01 12:18:00,110.96,110.97,110.96,110.96,500.0
2017-12-01 12:19:00,110.73,110.92,110.71,110.92,1300.0
2017-12-01 12:20:00,110.825,110.825,110.7,110.7,303.0
2017-12-01 12:22:00,110.88,110.95,110.8,110.87,2124.0
2017-12-01 12:23:00,110.75,110.86,110.75,110.86,450.0
2017-12-01 12:24:00,110.84,110.84,110.79,110.79,300.0
2017-12-01 12:25:00,110.97,110.97,110.905,110.905,200.0
2017-12-01 12:26:00,110.955,110.955,110.86,110.86,200.0
2017-12-01 12:27:00,110.89,110.89,110.89,110.89,139.0
2017-12-01 12:29:00,110.65,110.86,110.65,110.85,1338.0
2017-12-01 12:30:00,110.645,110.72,110.58,110.72,1500.0
2017-12-01 12:31:00,110.68,110.7,110.68,110.7,200.0
2017-12-01 12:32:00,110.74,110.74,110.6,110.65,400.0
2017-12-01 12:33:00,110.71,110.73,110.62,110.73,913.0
2017-12-01 12:34:00,110.65,110.7,110.65,110.7,516.0
2017-12-01 12:35:00,110.6845,110.6845,110.6845,110.6845,118.0
2017-12-01 12:36:00,110.56,110.7,110.56,110.67,2727.0
2017-12-01 12:37:00,110.71,110.73,110.64,110.64,900.0
2017-12-01 12:38:00,110.81,110.81,110.81,110.81,100.0
2017-12-01 12:39:00,110.69,110.71,110.68,110.71,700.0
2017-12-01 12:40:00,110.71,110.71,110.65,110.71,400.0
2017-12-01 12:41:00,110.65,110.69,110.65,110.69,300.0
2017-12-01 12:42:00,110.65,110.65,110.65,110.65,200.0
2017-12-01 12:43:00,110.67399999999999,110.67399999999999,110.67399999999999,110.67399999999999,760.0
2017-12-01 12:44:00,110.8,110.8,110.7,110.7,1767.0
2017-12-01 12:45:00,110.85,110.85,110.78,110.78,500.0
2017-12-01 12:46:00,110.98,110.98,110.79,110.79,500.0
2017-12-01 12:49:00,110.81,110.88,110.81,110.88,906.0
2017-12-01 12:50:00,110.95,110.95,110.9,110.9,900.0
2017-12-01 12:51:00,111.0,111.03,110.99,110.99,847.0
2017-12-01 12:52:00,111.0043,111.0043,110.9929,110.9929,700.0
2017-12-01 12:55:00,110.91,111.02,110.91,111.01,1610.0
2017-12-01 12:56:00,110.86,110.86,110.86,110.86,400.0
2017-12-01 12:57:00,110.935,110.935,110.9,110.9,400.0
2017-12-01 12:58:00,111.0,111.02,110.97,110.97,400.0
2017-12-01 12:59:00,110.96,110.96,110.96,110.96,300.0
2017-12-01 13:00:00,111.01,111.02,110.96,111.02,300.0
2017-12-01 13:01:00,110.92,110.97,110.92,110.97,900.0
2017-12-01 13:02:00,110.9549,110.9549,110.9549,110.9549,100.0
2017-12-01 13:03:00,110.8,111.04,110.8,110.99,2026.0
2017-12-01 13:04:00,110.67,110.81,110.67,110.81,1514.0
2017-12-01 13:05:00,110.62,110.63,110.62,110.63,400.0
2017-12-01 13:07:00,110.6,110.68,110.6,110.67,900.0
2017-12-01 13:08:00,110.69,110.69,110.69,110.69,100.0
2017-12-01 13:09:00,110.76,110.76,110.7,110.7,700.0
2017-12-01 13:10:00,110.71,110.72,110.71,110.72,200.0
2017-12-01 13:11:00,110.68,110.68,110.67,110.67,200.0
2017-12-01 13:12:00,110.83,110.83,110.77,110.77,700.0
2017-12-01 13:13:00,110.88,110.9,110.84,110.9,1000.0
2017-12-01 13:14:00,110.87,110.87,110.87,110.87,600.0
2017-12-01 13:16:00,110.83,110.88,110.78,110.81,850.0
2017-12-01 13:17:00,110.78,110.78,110.78,110.78,300.0
2017-12-01 13:18:00,110.8,110.85,110.74,110.74,1400.0
2017-12-01 13:19:00,110.95,110.95,110.9,110.9,400.0
2017-12-01 13:20:00,110.92,110.92,110.92,110.92,200.0
2017-12-01 13:21:00,110.91,110.96,110.91,110.96,200.0
2017-12-01 13:22:00,110.91,110.93,110.91,110.91,528.0
2017-12-01 13:24:00,110.94,110.98,110.94,110.94,1100.0
2017-12-01 13:26:00,110.92,110.92,110.92,110.92,100.0
2017-12-01 13:27:00,110.94,110.98,110.88,110.88,1200.0
2017-12-01 13:28:00,111.0,111.03,110.975,111.03,400.0
2017-12-01 13:29:00,110.99,111.08,110.99,111.02,770.0
2017-12-01 13:30:00,111.015,111.015,111.015,111.015,100.0
2017-12-01 13:31:00,111.03,111.07,111.03,111.07,700.0
2017-12-01 13:33:00,111.09,111.12,111.06,111.07,1104.0
2017-12-01 13:35:00,111.19,111.19,111.19,111.19,100.0
2017-12-01 13:36:00,111.195,111.21,111.17,111.17,1560.0
2017-12-01 13:37:00,111.11,111.195,111.11,111.195,1500.0
2017-12-01 13:38:00,111.045,111.045,111.045,111.045,100.0
2017-12-01 13:39:00,111.09,111.09,110.99,111.04,1084.0
2017-12-01 13:40:00,111.03,111.04,111.03,111.04,300.0
2017-12-01 13:41:00,111.04,111.08,111.0,111.08,700.0
2017-12-01 13:42:00,111.04,111.14,111.04,111.14,400.0
2017-12-01 13:43:00,110.92,111.04,110.9,111.04,1389.0
2017-12-01 13:44:00,110.87,111.05,110.87,110.97,710.0
2017-12-01 13:46:00,110.88,110.9632,110.88,110.9632,527.0
2017-12-01 13:47:00,110.865,110.92,110.85,110.85,300.0
2017-12-01 13:48:00,110.86,110.88,110.77,110.86,900.0
2017-12-01 13:49:00,110.90100000000001,110.92,110.8802,110.8802,307.0
2017-12-01 13:50:00,110.89,110.9699,110.89,110.9699,3100.0
2017-12-01 13:51:00,111.11,111.11,110.95,110.96,1500.0
2017-12-01 13:52:00,111.15,111.15,111.13,111.13,200.0
2017-12-01 13:53:00,111.125,111.125,111.125,111.125,100.0
2017-12-01 13:54:00,111.04,111.09,111.04,111.06,500.0
2017-12-01 13:56:00,111.09,111.09,111.09,111.09,100.0
2017-12-01 13:57:00,110.94,111.03,110.94,111.03,900.0
2017-12-01 13:58:00,110.96,110.96,110.89,110.89,823.0
2017-12-01 13:59:00,110.97,110.97,110.97,110.97,100.0
2017-12-01 14:00:00,110.895,110.94,110.89,110.94,800.0
2017-12-01 14:01:00,110.76,110.87,110.76,110.85,1193.0
2017-12-01 14:02:00,110.83,110.83,110.79,110.79,400.0
2017-12-01 14:03:00,110.8178,110.8178,110.8178,110.8178,100.0
2017-12-01 14:04:00,110.75,110.8,110.75,110.8,400.0
2017-12-01 14:05:00,110.81,110.81,110.76,110.76,300.0
2017-12-01 14:07:00,110.74,110.8,110.65,110.75,2622.0
2017-12-01 14:09:00,110.84,110.84,110.78,110.79,1100.0
2017-12-01 14:10:00,110.86,110.9,110.71,110.79,2000.0
2017-12-01 14:12:00,110.85,110.885,110.85,110.88,872.0
2017-12-01 14:13:00,110.96,110.96,110.9,110.9,1200.0
2017-12-01 14:14:00,110.9,110.97,110.76,110.96,1362.0
2017-12-01 14:15:00,110.9368,110.96,110.92,110.96,567.0
2017-12-01 14:16:00,110.95,110.97,110.94,110.97,600.0
2017-12-01 14:18:00,110.99,110.99,110.99,110.99,100.0
2017-12-01 14:19:00,111.02,111.02,110.98,110.98,500.0
2017-12-01 14:21:00,110.89,111.0499,110.89,111.0499,2684.0
2017-12-01 14:22:00,110.87,110.87,110.87,110.87,100.0
2017-12-01 14:24:00,111.04,111.04,111.04,111.04,100.0
2017-12-01 14:25:00,110.9,110.95,110.9,110.95,1003.0
2017-12-01 14:26:00,110.9,110.9,110.87,110.87,400.0
2017-12-01 14:27:00,110.95,110.95,110.95,110.95,100.0
2017-12-01 14:28:00,110.92,110.92,110.85,110.87,2332.0
2017-12-01 14:29:00,111.0625,111.33,110.94,110.94,2072.0
2017-12-01 14:32:00,110.9,111.06,110.8,111.06,2781.0
2017-12-01 14:33:00,110.94,110.96,110.91,110.91,900.0
2017-12-01 14:34:00,110.91,110.98,110.91,110.98,433.0
2017-12-01 14:36:00,110.85,110.93,110.85,110.86,1820.0
2017-12-01 14:38:00,110.96,110.96,110.84,110.85,1000.0
2017-12-01 14:39:00,110.85,110.9,110.85,110.9,1200.0
2017-12-01 14:40:00,110.78,110.78,110.77,110.78,572.0
2017-12-01 14:41:00,110.87,110.87,110.86,110.86,300.0
2017-12-01 14:42:00,110.8425,110.8425,110.8425,110.8425,108.0
2017-12-01 14:43:00,110.66,110.86,110.66,110.86,1049.0
2017-12-01 14:44:00,110.76,110.79,110.63,110.74,2500.0
2017-12-01 14:47:00,110.7,110.71,110.6391,110.7,1774.0
2017-12-01 14:48:00,110.67,110.71,110.67,110.7,1100.0
2017-12-01 14:49:00,110.7,110.73,110.64,110.64,1220.0
2017-12-01 14:50:00,110.59,110.74,110.59,110.72,1694.0
2017-12-01 14:52:00,110.6306,110.67,110.59,110.645,1783.0
2017-12-01 14:53:00,110.67,110.69,110.61,110.69,2500.0
2017-12-01 14:54:00,110.63,110.63,110.63,110.63,100.0
2017-12-01 14:55:00,110.75,110.75,110.6191,110.62,3618.0
2017-12-01 14:56:00,110.67,110.79,110.67,110.79,1600.0
2017-12-01 14:57:00,110.73,110.73,110.73,110.73,200.0
2017-12-01 14:58:00,110.69,110.7,110.6,110.68,1500.0
2017-12-01 14:59:00,110.74,110.89,110.69,110.69,3384.0
2017-12-01 15:00:00,110.72,110.775,110.72,110.7591,4700.0
2017-12-01 15:01:00,110.83,110.83,110.67,110.73,3330.0
2017-12-01 15:02:00,110.72,110.79,110.63,110.78,1650.0
2017-12-01 15:03:00,110.76,110.76,110.64,110.68,1500.0
2017-12-01 15:04:00,110.82,110.82,110.77,110.77,700.0
2017-12-01 15:05:00,110.83,110.87,110.82,110.87,1914.0
2017-12-01 15:06:00,110.75,110.86,110.74,110.86,1699.0
2017-12-01 15:08:00,110.7799,110.7799,110.71,110.71,1701.0
2017-12-01 15:09:00,110.76,110.81,110.76,110.76,1654.0
2017-12-01 15:10:00,110.73,110.76,110.6,110.76,3601.0
2017-12-01 15:12:00,110.78,110.78,110.73,110.73,800.0
2017-12-01 15:13:00,110.67,110.81,110.67,110.78,3624.0
2017-12-01 15:14:00,110.67,110.67,110.67,110.67,200.0
2017-12-01 15:15:00,110.5801,110.624,110.58,110.62,600.0
2017-12-01 15:16:00,110.59,110.62,110.58,110.58,300.0
2017-12-01 15:17:00,110.66,110.68,110.64,110.65,1800.0
2017-12-01 15:18:00,110.635,110.67,110.58,110.67,3100.0
2017-12-01 15:19:00,110.61,110.65,110.61,110.61,400.0
2017-12-01 15:20:00,110.53,110.6,110.53,110.6,1400.0
2017-12-01 15:21:00,110.57,110.57,110.51,110.535,2500.0
2017-12-01 15:22:00,110.5,110.59,110.5,110.59,1915.0
2017-12-01 15:23:00,110.57,110.57,110.51,110.51,1894.0
2017-12-01 15:24:00,110.49,110.56,110.49,110.56,3895.0
2017-12-01 15:25:00,110.5,110.52,110.4799,110.49,3753.0
2017-12-01 15:26:00,110.47,110.53,110.45,110.53,5388.0
2017-12-01 15:27:00,110.42,110.44,110.42,110.44,1381.0
2017-12-01 15:28:00,110.47,110.47,110.44,110.44,1500.0
2017-12-01 15:29:00,110.48,110.51,110.48,110.48,4847.0
2017-12-01 15:30:00,110.59,110.59,110.49,110.5,3100.0
2017-12-01 15:31:00,110.58,110.62,110.58,110.59,3979.0
2017-12-01 15:32:00,110.61,110.625,110.555,110.6,2800.0
2017-12-01 15:33:00,110.55,110.61,110.55,110.6,2300.0
2017-12-01 15:34:00,110.56,110.59,110.555,110.555,3600.0
2017-12-01 15:35:00,110.57,110.6,110.56,110.6,600.0
2017-12-01 15:36:00,110.585,110.63,110.56,110.59,4899.0
2017-12-01 15:37:00,110.6301,110.65,110.585,110.585,4002.0
2017-12-01 15:38:00,110.62,110.65,110.59,110.65,4257.0
2017-12-01 15:39:00,110.59,110.64,110.59,110.64,1339.0
2017-12-01 15:40:00,110.57,110.61,110.55,110.6,6451.0
2017-12-01 15:41:00,110.76,110.76,110.58,110.58,6659.0
2017-12-01 15:42:00,110.75,110.78,110.72,110.77,2337.0
2017-12-01 15:43:00,110.75,110.77,110.7375,110.77,2582.0
2017-12-01 15:44:00,110.7101,110.77,110.68,110.77,4583.0
2017-12-01 15:45:00,110.745,110.77,110.6901,110.71,10821.0
2017-12-01 15:46:00,110.72,110.76,110.69,110.693,6430.0
2017-12-01 15:47:00,110.66,110.74,110.63,110.73,4900.0
2017-12-01 15:48:00,110.6,110.675,110.59,110.63,7397.0
2017-12-01 15:49:00,110.53,110.62,110.53,110.6,6266.0
2017-12-01 15:50:00,110.58,110.58,110.53,110.55,5838.0
2017-12-01 15:51:00,110.6,110.62,110.57,110.58,5921.0
2017-12-01 15:52:00,110.62,110.62,110.58,110.58,7945.0
2017-12-01 15:53:00,110.57,110.62,110.57,110.61,7439.0
2017-12-01 15:54:00,110.555,110.61,110.55,110.58,4600.0
2017-12-01 15:55:00,110.54,110.58,110.53,110.555,13722.0
2017-12-01 15:56:00,110.54,110.6,110.54,110.55,14052.0
2017-12-01 15:57:00,110.57,110.6,110.53,110.53,10310.0
2017-12-01 15:58:00,110.565,110.57,110.545,110.57,7724.0
2017-12-01 15:59:00,110.51,110.6,110.51,110.565,13322.0
2017-12-01 16:00:00,110.43,110.54,110.4,110.5101,44248.0
2017-12-04 09:32:00,113.79,113.8,113.51,113.51,340.0
2017-12-04 09:33:00,112.96,112.96,112.96,112.96,300.0
2017-12-04 09:34:00,114.1,114.1,112.82,113.14,28463.0
2017-12-04 09:35:00,113.53,114.09,113.3,113.79,3700.0
2017-12-04 09:36:00,113.13,113.67,113.0101,113.32,1900.0
2017-12-04 09:37:00,113.01,113.5,113.01,113.01,940.0
2017-12-04 09:38:00,113.02,113.42,113.02,113.32799999999999,1666.0
2017-12-04 09:39:00,113.14,113.38,112.98,113.02,7206.0
2017-12-04 09:40:00,113.1101,113.39,113.1101,113.1101,4000.0
2017-12-04 09:41:00,113.03,113.29,113.0,113.12,2628.0
2017-12-04 09:42:00,113.01,113.2,112.91,113.12,13107.0
2017-12-04 09:43:00,113.135,113.2,113.02,113.085,3490.0
2017-12-04 09:44:00,113.2713,113.28,113.08,113.12,11900.0
2017-12-04 09:45:00,113.1,113.245,113.03,113.19,3288.0
2017-12-04 09:46:00,113.2101,113.255,113.1,113.185,1400.0
2017-12-04 09:47:00,113.365,113.495,113.25,113.3,7093.0
2017-12-04 09:48:00,113.23,113.42,113.23,113.28,2085.0
2017-12-04 09:49:00,113.16,113.305,113.16,113.305,2400.0
2017-12-04 09:50:00,113.29,113.34,113.175,113.195,5100.0
2017-12-04 09:51:00,113.33,113.37,113.18,113.295,3093.0
2017-12-04 09:52:00,113.2599,113.33,112.9,113.28,5794.0
2017-12-04 09:53:00,113.15,113.23,113.1,113.16,7995.0
2017-12-04 09:54:00,113.055,113.19,112.962,113.09,17004.0
2017-12-04 09:55:00,113.14,113.26,113.0,113.08,8292.0
2017-12-04 09:56:00,112.89,113.26,112.89,113.195,23275.0
2017-12-04 09:57:00,112.62,112.91,112.62,112.91,3822.0
2017-12-04 09:58:00,112.85,112.9,112.61,112.675,3000.0
2017-12-04 09:59:00,112.79,112.99,112.56,112.8,7650.0
2017-12-04 10:00:00,112.76,112.88,112.62,112.82,2880.0
2017-12-04 10:01:00,112.655,112.83,112.58,112.7509,15853.0
2017-12-04 10:02:00,112.99,113.09,112.65,112.65,14300.0
2017-12-04 10:03:00,113.05,113.09,112.63,112.99,8452.0
2017-12-04 10:04:00,112.95,113.0178,112.75,112.905,6978.0
2017-12-04 10:05:00,113.05,113.32,112.97,112.99,7154.0
2017-12-04 10:06:00,112.88,112.985,112.88,112.985,400.0
2017-12-04 10:07:00,113.18,113.24,112.94,113.06,9318.0
2017-12-04 10:08:00,113.35,113.35,113.06,113.25,6826.0
2017-12-04 10:09:00,113.195,113.53,113.195,113.35,5888.0
2017-12-04 10:10:00,113.22,113.3,113.13,113.2,6290.0
2017-12-04 10:11:00,113.24,113.3,113.16,113.225,4700.0
2017-12-04 10:12:00,113.08,113.43,113.08,113.2,14426.0
2017-12-04 10:13:00,113.19,113.23,113.08,113.08,8681.0
2017-12-04 10:14:00,113.435,113.49,113.15,113.19,18692.0
2017-12-04 10:15:00,113.25,113.435,113.25,113.435,4321.0
2017-12-04 10:16:00,113.97,113.97,113.28,113.28,5092.0
2017-12-04 10:17:00,113.88,113.98,113.835,113.88,6349.0
2017-12-04 10:18:00,113.7192,113.88,113.7192,113.88,5852.0
2017-12-04 10:19:00,113.705,113.85,113.65,113.77,3436.0
2017-12-04 10:20:00,113.625,113.625,113.54899999999999,113.54899999999999,1400.0
2017-12-04 10:21:00,113.55,113.6627,113.53,113.6627,1621.0
2017-12-04 10:22:00,113.56,113.62,113.49,113.51,8043.0
2017-12-04 10:23:00,113.535,113.58,113.5,113.54,2010.0
2017-12-04 10:24:00,113.55,113.55,113.55,113.55,400.0
2017-12-04 10:25:00,113.51,113.51,113.51,113.51,100.0
2017-12-04 10:26:00,113.5795,113.6,113.51,113.53,1935.0
2017-12-04 10:27:00,113.49,113.65,113.36,113.65,2800.0
2017-12-04 10:28:00,113.56,113.56,113.5,113.5,400.0
2017-12-04 10:29:00,113.83,113.855,113.6356,113.6356,1638.0
2017-12-04 10:30:00,113.745,113.86,113.745,113.82,2375.0
2017-12-04 10:31:00,113.88,113.88,113.74,113.84,984.0
2017-12-04 10:32:00,113.91,113.91,113.77,113.87,700.0
2017-12-04 10:33:00,113.94,114.04,113.86,113.95,12723.0
2017-12-04 10:34:00,114.16,114.17,113.85,113.91,6709.0
2017-12-04 10:35:00,114.0632,114.1,114.02,114.1,1683.0
2017-12-04 10:36:00,113.93,114.1,113.85,114.1,2300.0
2017-12-04 10:37:00,114.2,114.2,113.99,113.99,999.0
2017-12-04 10:38:00,114.235,114.25,114.21,114.21,2373.0
2017-12-04 10:39:00,114.2529,114.31,114.21,114.29,1200.0
2017-12-04 10:40:00,114.3561,114.46,114.32,114.32,825.0
2017-12-04 10:41:00,114.385,114.42,114.385,114.42,300.0
2017-12-04 10:42:00,114.08,114.4499,114.08,114.33,6150.0
2017-12-04 10:43:00,113.73,114.12,113.65,113.98,4419.0
2017-12-04 10:44:00,113.7625,113.87,113.63,113.63,3420.0
2017-12-04 10:45:00,113.77,113.794,113.77,113.77,925.0
2017-12-04 10:46:00,113.78,113.88,113.66,113.77,9792.0
2017-12-04 10:47:00,113.78,113.86,113.66,113.78,5580.0
2017-12-04 10:48:00,113.93,113.96,113.8,113.89,3500.0
2017-12-04 10:49:00,113.92,113.92,113.86,113.89,1717.0
2017-12-04 10:50:00,113.94,113.94,113.86,113.86,500.0
2017-12-04 10:51:00,114.0,114.16,113.92,113.92,10434.0
2017-12-04 10:52:00,113.94,114.08,113.7283,113.99,6811.0
2017-12-04 10:53:00,113.89,113.96,113.82,113.96,2800.0
2017-12-04 10:54:00,113.87,113.97,113.86,113.96,2500.0
2017-12-04 10:55:00,113.5,114.025,113.49,113.89,17388.0
2017-12-04 10:56:00,113.42,113.45,113.42,113.45,300.0
2017-12-04 10:57:00,113.5,113.77,113.5,113.59,13036.0
2017-12-04 10:58:00,114.0,114.0,113.47,113.47,4398.0
2017-12-04 10:59:00,113.914,113.99,113.79,113.96,3619.0
2017-12-04 11:00:00,114.0027,114.01,113.84100000000001,113.84100000000001,1518.0
2017-12-04 11:01:00,114.035,114.16,113.97,114.04,4496.0
2017-12-04 11:02:00,114.02,114.1,113.97,114.1,2400.0
2017-12-04 11:03:00,114.03,114.1,113.98,114.02,2900.0
2017-12-04 11:04:00,114.27,114.27,113.92,114.03,4200.0
2017-12-04 11:05:00,114.14,114.22,114.08,114.17,3210.0
2017-12-04 11:06:00,114.125,114.125,114.125,114.125,100.0
2017-12-04 11:07:00,114.25,114.25,114.18,114.18,1095.0
2017-12-04 11:08:00,114.32,114.32,114.26,114.26,250.0
2017-12-04 11:09:00,114.37,114.37,114.31,114.31,575.0
2017-12-04 11:10:00,114.24,114.315,114.21,114.26,2500.0
2017-12-04 11:11:00,114.02,114.2,113.98,114.17,3281.0
2017-12-04 11:12:00,114.22,114.22,114.05,114.05,848.0
2017-12-04 11:13:00,114.21,114.22,114.18,114.22,1200.0
2017-12-04 11:14:00,114.13,114.28,114.13,114.22,3315.0
2017-12-04 11:15:00,114.14,114.14,114.11,114.11,300.0
2017-12-04 11:16:00,114.33,114.33,114.16,114.19,525.0
2017-12-04 11:17:00,114.35,114.35,114.35,114.35,200.0
2017-12-04 11:18:00,114.32,114.32,114.23,114.28,3600.0
2017-12-04 11:19:00,114.26,114.26,114.2,114.2459,500.0
2017-12-04 11:20:00,114.31,114.31,114.2,114.2,800.0
2017-12-04 11:21:00,114.54,114.66,114.306,114.33,2300.0
2017-12-04 11:22:00,114.53,114.58,114.5,114.55,2600.0
2017-12-04 11:23:00,114.501,114.52,114.47,114.52,875.0
2017-12-04 11:24:00,114.5,114.56,114.5,114.56,300.0
2017-12-04 11:25:00,114.54,114.54,114.54,114.54,500.0
2017-12-04 11:26:00,114.58,114.58,114.48,114.5,2000.0
2017-12-04 11:27:00,114.54,114.54,114.49,114.54,1501.0
2017-12-04 11:28:00,114.51,114.6,114.51,114.52,700.0
2017-12-04 11:29:00,114.58,114.6,114.49,114.5642,1459.0
2017-12-04 11:30:00,114.6,114.65,114.57,114.57,1569.0
2017-12-04 11:31:00,114.4198,114.58,114.4198,114.56,3305.0
2017-12-04 11:32:00,114.58,114.58,114.45,114.48,500.0
2017-12-04 11:33:00,114.44,114.5,114.44,114.5,1600.0
2017-12-04 11:34:00,114.45,114.45,114.45,114.45,240.0
2017-12-04 11:35:00,114.4429,114.4429,114.4429,114.4429,125.0
2017-12-04 11:36:00,114.39,114.42,114.38,114.42,900.0
2017-12-04 11:37:00,114.4,114.4,114.4,114.4,300.0
2017-12-04 11:38:00,114.42,114.42,114.4023,114.4023,300.0
2017-12-04 11:39:00,114.545,114.5607,114.421,114.48,2040.0
2017-12-04 11:40:00,114.51,114.57,114.51,114.5604,400.0
2017-12-04 11:41:00,114.61,114.61,114.56,114.57,600.0
2017-12-04 11:42:00,114.51,114.565,114.45,114.55799999999999,2500.0
2017-12-04 11:43:00,114.46,114.47,114.46,114.47,200.0
2017-12-04 11:44:00,114.67,114.67,114.53,114.53,800.0
2017-12-04 11:45:00,114.68,114.68,114.67,114.67,200.0
2017-12-04 11:46:00,114.58,114.69,114.58,114.66,3340.0
2017-12-04 11:47:00,114.68,114.68,114.5531,114.5531,1228.0
2017-12-04 11:48:00,114.59,114.6,114.59,114.6,460.0
2017-12-04 11:49:00,114.67,114.67,114.56,114.6,1150.0
2017-12-04 11:50:00,114.68,114.68,114.63,114.63,200.0
2017-12-04 11:52:00,114.82,114.82,114.62,114.65,3500.0
2017-12-04 11:53:00,114.85,114.85,114.7865,114.7865,2152.0
2017-12-04 11:54:00,114.84899999999999,114.84899999999999,114.84899999999999,114.84899999999999,100.0
2017-12-04 11:55:00,114.584,114.84,114.57,114.84,3703.0
2017-12-04 11:56:00,114.65,114.67,114.56,114.56,600.0
2017-12-04 11:57:00,114.7241,114.75,114.68,114.68,886.0
2017-12-04 11:58:00,114.78,114.8,114.71,114.71,800.0
2017-12-04 11:59:00,114.66,114.76,114.66,114.76,1900.0
2017-12-04 12:00:00,114.77,114.77,114.6737,114.6737,2061.0
2017-12-04 12:01:00,114.7252,114.7252,114.7252,114.7252,100.0
2017-12-04 12:02:00,114.78,114.78,114.72,114.72,700.0
2017-12-04 12:03:00,114.59,114.8,114.59,114.76,3500.0
2017-12-04 12:04:00,114.44,114.44,114.44,114.44,100.0
2017-12-04 12:05:00,114.52,114.55,114.47,114.53,645.0
2017-12-04 12:06:00,114.47,114.51,114.47,114.51,400.0
2017-12-04 12:07:00,114.3,114.49,114.3,114.47,2700.0
2017-12-04 12:08:00,114.07,114.29,114.07,114.29,600.0
2017-12-04 12:09:00,114.05,114.08,114.03,114.03,500.0
2017-12-04 12:10:00,114.03,114.12,114.03,114.12,1373.0
2017-12-04 12:11:00,114.03,114.08,114.03,114.08,300.0
2017-12-04 12:12:00,114.14,114.18,114.12,114.13,1300.0
2017-12-04 12:13:00,114.195,114.195,114.14,114.14,400.0
2017-12-04 12:14:00,114.245,114.29,114.23,114.23,800.0
2017-12-04 12:15:00,114.12,114.27,114.1,114.23,2900.0
2017-12-04 12:16:00,113.99,114.1,113.99,114.1,660.0
2017-12-04 12:17:00,114.02,114.06,114.02,114.04,1200.0
2017-12-04 12:18:00,114.1,114.1,114.05,114.05,400.0
2017-12-04 12:19:00,114.17,114.17,114.06,114.07,313.0
2017-12-04 12:20:00,114.18,114.22,114.16,114.175,1265.0
2017-12-04 12:21:00,114.2025,114.28,114.18,114.23,1007.0
2017-12-04 12:22:00,114.08,114.17,114.08,114.17,1500.0
2017-12-04 12:23:00,114.05,114.125,114.05,114.08,900.0
2017-12-04 12:24:00,114.12,114.18,114.05,114.06,2278.0
2017-12-04 12:25:00,114.11,114.1331,114.11,114.1331,330.0
2017-12-04 12:26:00,114.145,114.1539,114.09,114.09,564.0
2017-12-04 12:27:00,113.99,114.19,113.99,114.16,4781.0
2017-12-04 12:28:00,113.87,113.98,113.87,113.98,800.0
2017-12-04 12:29:00,113.94,113.94,113.9,113.94,400.0
2017-12-04 12:31:00,113.96,114.04,113.9,113.9,2300.0
2017-12-04 12:32:00,113.831,113.95,113.83,113.95,4960.0
2017-12-04 12:33:00,113.71,113.9,113.71,113.86,3723.0
2017-12-04 12:34:00,113.82,113.85,113.74,113.74,1100.0
2017-12-04 12:35:00,113.76,113.9,113.76,113.8618,4182.0
2017-12-04 12:36:00,113.78,113.85,113.78,113.79,950.0
2017-12-04 12:37:00,113.819,113.819,113.75,113.8,1690.0
2017-12-04 12:39:00,113.8,113.8,113.75,113.75,300.0
2017-12-04 12:40:00,113.96,113.96,113.82,113.82,3186.0
2017-12-04 12:41:00,114.01,114.01,114.01,114.01,300.0
2017-12-04 12:42:00,114.0,114.14,113.91,114.01,5775.0
2017-12-04 12:43:00,113.92,113.92,113.92,113.92,100.0
2017-12-04 12:44:00,113.95,113.95,113.93,113.93,300.0
2017-12-04 12:45:00,113.965,113.965,113.96,113.96,400.0
2017-12-04 12:46:00,114.02,114.02,114.02,114.02,100.0
2017-12-04 12:47:00,114.02,114.02,114.02,114.02,400.0
2017-12-04 12:48:00,114.03,114.0477,114.0,114.0477,300.0
2017-12-04 12:49:00,114.07,114.07,114.02,114.02,700.0
2017-12-04 12:50:00,114.08,114.08,114.03,114.08,1550.0
2017-12-04 12:52:00,114.0278,114.04,114.0278,114.04,1585.0
2017-12-04 12:53:00,113.89,114.02,113.89,114.02,2135.0
2017-12-04 12:55:00,113.82,113.9,113.82,113.9,2150.0
2017-12-04 12:56:00,113.82,113.82,113.82,113.82,100.0
2017-12-04 12:57:00,114.08,114.08,113.855,113.87,4443.0
2017-12-04 12:58:00,114.17,114.23,114.05,114.06,3477.0
2017-12-04 12:59:00,114.28,114.28,114.17,114.22,1897.0
2017-12-04 13:00:00,114.23,114.25,114.18,114.18,300.0
2017-12-04 13:01:00,114.2696,114.2696,114.2696,114.2696,143.0
2017-12-04 13:02:00,114.34,114.34,114.2835,114.2835,1600.0
2017-12-04 13:03:00,114.38,114.38,114.34,114.36,600.0
2017-12-04 13:04:00,114.34,114.34,114.34,114.34,300.0
2017-12-04 13:05:00,114.28,114.34,114.2,114.34,3200.0
2017-12-04 13:06:00,114.115,114.195,114.08,114.195,4238.0
2017-12-04 13:07:00,114.08,114.08,114.08,114.08,100.0
2017-12-04 13:08:00,114.01,114.1,113.94,114.1,3917.0
2017-12-04 13:09:00,113.95,113.95,113.95,113.95,100.0
2017-12-04 13:10:00,114.16,114.16,114.08,114.08,213.0
2017-12-04 13:11:00,114.24,114.25,114.17,114.17,700.0
2017-12-04 13:12:00,114.285,114.31,114.285,114.31,207.0
2017-12-04 13:13:00,114.23,114.33,114.23,114.28,1700.0
2017-12-04 13:14:00,114.29,114.3,114.26,114.26,400.0
2017-12-04 13:16:00,114.3,114.32,114.3,114.32,600.0
2017-12-04 13:17:00,114.37,114.37,114.37,114.37,360.0
2017-12-04 13:18:00,114.39,114.43,114.36,114.36,400.0
2017-12-04 13:19:00,114.31,114.42,114.31,114.3908,1900.0
2017-12-04 13:20:00,114.39,114.39,114.3,114.3,1203.0
2017-12-04 13:21:00,114.51,114.51,114.3901,114.3901,916.0
2017-12-04 13:22:00,114.47,114.5101,114.47,114.5101,1013.0
2017-12-04 13:23:00,114.36,114.46,114.36,114.46,900.0
2017-12-04 13:25:00,114.35,114.35,114.35,114.35,100.0
2017-12-04 13:26:00,114.32,114.37,114.23,114.35,3060.0
2017-12-04 13:27:00,114.3036,114.3036,114.3,114.3,250.0
2017-12-04 13:28:00,114.36,114.36,114.36,114.36,100.0
2017-12-04 13:29:00,114.33,114.4,114.31,114.4,1421.0
2017-12-04 13:30:00,114.3,114.37,114.3,114.33,800.0
2017-12-04 13:31:00,114.455,114.52,114.28,114.31,4000.0
2017-12-04 13:32:00,114.43,114.47,114.4,114.415,4164.0
2017-12-04 13:33:00,114.5,114.54,114.31,114.31,3741.0
2017-12-04 13:34:00,114.5,114.515,114.48,114.5,2060.0
2017-12-04 13:35:00,114.34,114.495,114.34,114.49,1600.0
2017-12-04 13:36:00,114.38,114.4,114.33,114.33,7600.0
2017-12-04 13:37:00,114.19,114.32,114.19,114.32,2200.0
2017-12-04 13:38:00,114.21,114.21,114.21,114.21,100.0
2017-12-04 13:39:00,114.305,114.32,114.255,114.28,2100.0
2017-12-04 13:40:00,114.15,114.2798,114.15,114.2798,2100.0
2017-12-04 13:41:00,114.17,114.205,114.17,114.205,200.0
2017-12-04 13:42:00,114.05,114.18,114.05,114.18,5004.0
2017-12-04 13:43:00,114.03,114.08,114.02,114.04,1520.0
2017-12-04 13:45:00,114.11,114.11,114.075,114.075,800.0
2017-12-04 13:46:00,114.085,114.11,114.07,114.07,1719.0
2017-12-04 13:47:00,114.1928,114.23,114.09,114.09,1726.0
2017-12-04 13:48:00,114.175,114.185,114.12,114.15,1600.0
2017-12-04 13:49:00,114.39,114.41,114.18,114.21,1800.0
2017-12-04 13:50:00,114.24,114.32,114.24,114.31,8200.0
2017-12-04 13:51:00,114.24,114.24,114.22,114.22,600.0
2017-12-04 13:52:00,114.17,114.22,114.17,114.22,1300.0
2017-12-04 13:53:00,114.2,114.21,114.1803,114.1803,818.0
2017-12-04 13:54:00,114.13,114.17,114.1,114.16,1737.0
2017-12-04 13:56:00,114.1,114.1,114.1,114.1,100.0
2017-12-04 13:57:00,114.0,114.1452,113.98,114.11,2897.0
2017-12-04 13:58:00,114.02,114.03,114.02,114.03,668.0
2017-12-04 13:59:00,113.98,114.0,113.9,114.0,1427.0
2017-12-04 14:00:00,113.96,114.04,113.96,114.04,400.0
2017-12-04 14:01:00,113.95,113.99,113.91,113.96,1400.0
2017-12-04 14:02:00,114.03,114.06,113.98,113.98,1747.0
2017-12-04 14:03:00,114.1,114.1,114.05,114.08,893.0
2017-12-04 14:04:00,114.06,114.17,114.05,114.06,6113.0
2017-12-04 14:05:00,114.04,114.075,114.04,114.075,200.0
2017-12-04 14:06:00,113.92,114.04,113.87,114.04,3144.0
2017-12-04 14:07:00,113.81,114.02,113.81,113.91,1800.0
2017-12-04 14:08:00,113.91,113.91,113.835,113.835,1600.0
2017-12-04 14:09:00,113.8,113.86,113.8,113.86,3094.0
2017-12-04 14:10:00,113.61,113.8,113.61,113.8,1800.0
2017-12-04 14:11:00,113.73,113.74,113.72,113.72,600.0
2017-12-04 14:12:00,113.84,113.84,113.755,113.78,2500.0
2017-12-04 14:13:00,113.82,114.04,113.7928,113.8296,4763.0
2017-12-04 14:14:00,113.77,113.88,113.77,113.85,699.0
2017-12-04 14:15:00,113.7,113.74,113.68,113.74,1908.0
2017-12-04 14:16:00,113.76,113.76,113.75,113.75,200.0
2017-12-04 14:17:00,113.64,113.68,113.64,113.68,500.0
2017-12-04 14:18:00,113.6931,113.73,113.67,113.7,2379.0
2017-12-04 14:19:00,113.58,113.71,113.55,113.64,3892.0
2017-12-04 14:20:00,113.65,113.83,113.61,113.62,6682.0
2017-12-04 14:21:00,113.57,113.6212,113.57,113.6212,820.0
2017-12-04 14:22:00,113.57,113.64,113.57,113.64,200.0
2017-12-04 14:23:00,113.53,113.57,113.53,113.57,800.0
2017-12-04 14:24:00,113.48,113.54,113.48,113.53,1700.0
2017-12-04 14:25:00,113.47,113.5,113.28,113.47,4366.0
2017-12-04 14:26:00,113.36,113.44,113.29,113.44,1940.0
2017-12-04 14:27:00,113.43,113.43,113.42,113.42,748.0
2017-12-04 14:28:00,113.33,113.39,113.29,113.36,1400.0
2017-12-04 14:29:00,113.38,113.57,113.33,113.33,3340.0
2017-12-04 14:30:00,113.4,113.4,113.32,113.37,1200.0
2017-12-04 14:31:00,113.41,113.45,113.37,113.4,5134.0
2017-12-04 14:32:00,113.58,113.58,113.39,113.44,5467.0
2017-12-04 14:33:00,113.52799999999999,113.56,113.52799999999999,113.56,200.0
2017-12-04 14:34:00,113.51,113.53,113.45,113.53,3295.0
2017-12-04 14:35:00,113.55,113.6,113.46,113.51,3632.0
2017-12-04 14:36:00,113.56,113.5828,113.56,113.5828,805.0
2017-12-04 14:37:00,113.51,113.64,113.45,113.59,3600.0
2017-12-04 14:38:00,113.575,113.58,113.5299,113.5299,1684.0
2017-12-04 14:39:00,113.53,113.5525,113.53,113.55,400.0
2017-12-04 14:41:00,113.79,113.8,113.565,113.565,4900.0
2017-12-04 14:42:00,113.9,114.04,113.75,113.76,13719.0
2017-12-04 14:43:00,113.61,113.84,113.61,113.84,1200.0
2017-12-04 14:44:00,113.71,113.71,113.6421,113.6421,500.0
2017-12-04 14:45:00,113.64,113.69,113.64,113.69,700.0
2017-12-04 14:46:00,113.62,113.68,113.57,113.63,1368.0
2017-12-04 14:47:00,113.65,113.65,113.64,113.65,900.0
2017-12-04 14:48:00,113.62,113.69,113.62,113.69,753.0
2017-12-04 14:49:00,113.74,113.79,113.63,113.65,2372.0
2017-12-04 14:50:00,113.8126,113.8126,113.76,113.79,1747.0
2017-12-04 14:51:00,113.85,113.87,113.85,113.85,300.0
2017-12-04 14:53:00,113.94,113.94,113.85,113.8725,7120.0
2017-12-04 14:54:00,114.03,114.03,114.02,114.02,500.0
2017-12-04 14:55:00,113.945,113.985,113.9,113.95,2531.0
2017-12-04 14:56:00,113.9452,113.9452,113.9341,113.9341,465.0
2017-12-04 14:57:00,113.83,113.91,113.79,113.9,2400.0
2017-12-04 14:58:00,113.75,113.77,113.72,113.77,1000.0
2017-12-04 14:59:00,113.79,113.84,113.76,113.78,3099.0
2017-12-04 15:00:00,113.7917,113.7917,113.76,113.77,300.0
2017-12-04 15:01:00,113.78,113.83,113.76,113.76,3069.0
2017-12-04 15:02:00,113.73,113.79,113.73,113.79,1100.0
2017-12-04 15:03:00,113.66,113.695,113.66,113.69,300.0
2017-12-04 15:04:00,113.699,113.699,113.64,113.68,1800.0
2017-12-04 15:05:00,113.75,113.75,113.69,113.69,1200.0
2017-12-04 15:06:00,113.84,113.84,113.75,113.75,800.0
2017-12-04 15:07:00,113.91,113.97,113.87,113.88,4049.0
2017-12-04 15:08:00,113.87,113.87,113.87,113.87,200.0
2017-12-04 15:09:00,113.87,113.91,113.87,113.88,800.0
2017-12-04 15:10:00,113.89,113.93,113.85,113.87,4773.0
2017-12-04 15:11:00,113.875,113.875,113.85,113.85,300.0
2017-12-04 15:12:00,113.87,113.9,113.865,113.88,2190.0
2017-12-04 15:13:00,113.89,113.89,113.84,113.89,700.0
2017-12-04 15:14:00,113.79,113.85,113.79,113.85,2100.0
2017-12-04 15:15:00,113.7501,113.8,113.75,113.78,3156.0
2017-12-04 15:16:00,113.71,113.74,113.69,113.74,620.0
2017-12-04 15:17:00,113.63,113.65,113.62,113.65,1520.0
2017-12-04 15:18:00,113.71,113.71,113.64,113.64,2600.0
2017-12-04 15:19:00,113.73,113.73,113.695,113.695,200.0
2017-12-04 15:20:00,113.64,113.73,113.64,113.72,3300.0
2017-12-04 15:21:00,113.71,113.71,113.65,113.65,3925.0
2017-12-04 15:22:00,113.68,113.72,113.68,113.69,3570.0
2017-12-04 15:24:00,113.72,113.73,113.68,113.7,5425.0
2017-12-04 15:25:00,113.77,113.81,113.73,113.73,3900.0
2017-12-04 15:26:00,113.66,113.78,113.66,113.78,4018.0
2017-12-04 15:27:00,113.65,113.66,113.62,113.63,2418.0
2017-12-04 15:28:00,113.67,113.68,113.63,113.65,3200.0
2017-12-04 15:29:00,113.77,113.77,113.625,113.65,5310.0
2017-12-04 15:30:00,113.8,113.8,113.75,113.765,4277.0
2017-12-04 15:31:00,113.9,113.9,113.78,113.82,3500.0
2017-12-04 15:32:00,113.78,113.89,113.78,113.89,5673.0
2017-12-04 15:33:00,113.69,113.7885,113.69,113.77,2139.0
2017-12-04 15:34:00,113.65,113.69,113.65,113.69,1429.0
2017-12-04 15:35:00,113.67,113.67,113.59,113.64,4888.0
2017-12-04 15:36:00,113.62,113.68,113.62,113.67,3840.0
2017-12-04 15:37:00,113.64,113.64,113.48,113.6,6821.0
2017-12-04 15:38:00,113.65,113.68,113.63,113.63,4479.0
2017-12-04 15:39:00,113.62,113.6728,113.6,113.64,5091.0
2017-12-04 15:40:00,113.695,113.75,113.62,113.635,8142.0
2017-12-04 15:41:00,113.73,113.74,113.67,113.695,7060.0
2017-12-04 15:42:00,113.76,113.8,113.73,113.745,11619.0
2017-12-04 15:43:00,113.79,113.79,113.70100000000001,113.7708,4002.0
2017-12-04 15:44:00,113.72,113.79,113.71,113.79,3859.0
2017-12-04 15:45:00,113.73,113.8,113.73,113.75,13341.0
2017-12-04 15:46:00,113.68,113.72,113.66,113.72,6476.0
2017-12-04 15:47:00,113.62,113.74,113.61,113.68,20501.0
2017-12-04 15:48:00,113.69,113.7,113.62,113.635,6810.0
2017-12-04 15:49:00,113.7,113.85,113.695,113.695,8951.0
2017-12-04 15:50:00,113.65,113.665,113.55,113.665,4980.0
2017-12-04 15:51:00,113.71,113.71,113.61,113.61,21690.0
2017-12-04 15:52:00,113.68,113.73,113.68,113.69,4368.0
2017-12-04 15:53:00,113.53,113.68,113.53,113.68,8292.0
2017-12-04 15:54:00,113.5,113.52,113.45,113.52,9561.0
2017-12-04 15:55:00,113.5,113.52,113.47,113.5,3251.0
2017-12-04 15:56:00,113.54,113.58,113.47,113.5,12630.0
2017-12-04 15:57:00,113.48,113.56,113.48,113.54,4200.0
2017-12-04 15:58:00,113.45,113.48,113.4,113.48,9305.0
2017-12-04 15:59:00,113.485,113.5,113.44,113.45,10699.0
2017-12-04 16:00:00,113.44,113.49,113.44,113.47,21621.0
2017-12-05 09:30:00,114.0,114.0,114.0,114.0,7963.0
2017-12-05 09:31:00,113.82,113.98,113.82,113.98,200.0
2017-12-05 09:32:00,113.39,113.7944,113.23,113.65,2088.0
2017-12-05 09:33:00,112.96,113.23,112.87,113.23,1575.0
2017-12-05 09:34:00,113.49,113.49,112.705,112.86,5293.0
2017-12-05 09:37:00,113.385,113.58,113.25,113.45,1910.0
2017-12-05 09:38:00,113.17,113.27,113.17,113.26,504.0
2017-12-05 09:39:00,113.09,113.29,113.09,113.29,1400.0
2017-12-05 09:40:00,112.86,113.01,112.86,113.0,700.0
2017-12-05 09:41:00,112.77,112.9811,112.77,112.8701,1315.0
2017-12-05 09:42:00,112.68,112.68,112.55,112.55,1550.0
2017-12-05 09:43:00,112.35,112.7,112.35,112.5852,7940.0
2017-12-05 09:44:00,112.53,112.65,112.13,112.14,7900.0
2017-12-05 09:45:00,112.58,112.58,112.4,112.49,1700.0
2017-12-05 09:46:00,112.61,112.64,112.45,112.62,798.0
2017-12-05 09:47:00,112.361,112.48,112.361,112.47,1926.0
2017-12-05 09:48:00,112.36,112.41,112.36,112.41,500.0
2017-12-05 09:49:00,112.36,112.47,112.36,112.36,1700.0
2017-12-05 09:50:00,112.74,112.74,112.34,112.36,3878.0
2017-12-05 09:52:00,112.655,112.69,112.54,112.68,2400.0
2017-12-05 09:53:00,112.58,112.58,112.58,112.58,300.0
2017-12-05 09:54:00,112.61,112.65,112.55,112.6,1800.0
2017-12-05 09:55:00,112.55,112.6508,112.55,112.64,1800.0
2017-12-05 09:56:00,112.52,112.67,112.52,112.62,1609.0
2017-12-05 09:57:00,112.49,112.53,112.48,112.52,3294.0
2017-12-05 09:58:00,112.34,112.49,112.34,112.49,1600.0
2017-12-05 09:59:00,112.181,112.26,112.14,112.26,1000.0
2017-12-05 10:00:00,112.25,112.29,112.09,112.13,1700.0
2017-12-05 10:01:00,112.3,112.33,112.29,112.3,1000.0
2017-12-05 10:02:00,112.26,112.335,112.26,112.3,1631.0
2017-12-05 10:03:00,112.29,112.37,112.29,112.33,2103.0
2017-12-05 10:04:00,112.45,112.53,112.22,112.26,9700.0
2017-12-05 10:05:00,112.33,112.475,112.32,112.475,4853.0
2017-12-05 10:06:00,112.42,112.42,112.37,112.4,835.0
2017-12-05 10:07:00,112.14,112.37,112.13,112.37,2500.0
2017-12-05 10:08:00,112.07,112.19,112.07,112.14,2200.0
2017-12-05 10:09:00,112.22,112.22,112.04,112.11,2458.0
2017-12-05 10:10:00,112.18,112.205,112.15,112.19,1689.0
2017-12-05 10:11:00,112.15,112.23,112.1,112.205,5100.0
2017-12-05 10:12:00,112.15,112.22,112.11,112.165,3821.0
2017-12-05 10:13:00,112.23,112.23,112.19,112.2,1000.0
2017-12-05 10:14:00,112.2,112.23,112.14,112.21,2500.0
2017-12-05 10:15:00,112.07,112.165,112.07,112.14,1002.0
2017-12-05 10:16:00,112.08,112.2034,112.06,112.06,3316.0
2017-12-05 10:17:00,111.8,112.06,111.8,112.05,6170.0
2017-12-05 10:18:00,111.7,111.9,111.66,111.8,5317.0
2017-12-05 10:19:00,111.8,111.87,111.75,111.8,2900.0
2017-12-05 10:20:00,111.52,111.8,111.49,111.8,4500.0
2017-12-05 10:21:00,111.64,111.73,111.56,111.56,2697.0
2017-12-05 10:22:00,111.68,111.76,111.68,111.71,2768.0
2017-12-05 10:23:00,111.51,111.64,111.51,111.64,900.0
2017-12-05 10:24:00,111.71,111.72,111.66,111.66,1800.0
2017-12-05 10:25:00,111.78,111.86,111.64,111.64,2600.0
2017-12-05 10:26:00,111.74,111.74,111.73,111.73,900.0
2017-12-05 10:27:00,111.79,111.82,111.73,111.78,5300.0
2017-12-05 10:28:00,111.705,111.76,111.66,111.71,3935.0
2017-12-05 10:29:00,111.79,111.96,111.66,111.69,13100.0
2017-12-05 10:31:00,111.85,111.919,111.78,111.919,2700.0
2017-12-05 10:32:00,111.79,111.8825,111.66,111.8825,10830.0
2017-12-05 10:33:00,111.67,111.78,111.67,111.78,259.0
2017-12-05 10:34:00,111.52,111.67,111.44,111.66,4499.0
2017-12-05 10:35:00,111.51,111.65,111.45,111.45,1777.0
2017-12-05 10:36:00,111.404,111.55,111.36,111.55,4440.0
2017-12-05 10:37:00,111.4,111.535,111.4,111.44,3976.0
2017-12-05 10:38:00,111.2993,111.45,111.25,111.39,12434.0
2017-12-05 10:39:00,111.505,111.55,111.25,111.28,4363.0
2017-12-05 10:40:00,111.46,111.48,111.3,111.46,5346.0
2017-12-05 10:41:00,111.45,111.45,111.24,111.4,7223.0
2017-12-05 10:42:00,111.45,111.5411,111.32,111.4,10247.0
2017-12-05 10:43:00,111.52,111.55,111.34,111.45,7620.0
2017-12-05 10:44:00,111.73,111.73,111.52,111.56,7400.0
2017-12-05 10:45:00,111.67,111.67,111.56,111.6,3624.0
2017-12-05 10:46:00,111.86,111.91,111.7,111.74,5765.0
2017-12-05 10:47:00,111.74,111.86,111.69,111.85,3294.0
2017-12-05 10:48:00,111.69,111.84,111.67,111.84,1600.0
2017-12-05 10:49:00,111.79,111.8,111.695,111.72,1800.0
2017-12-05 10:50:00,111.74,111.81,111.69,111.8,2300.0
2017-12-05 10:51:00,111.86,111.89,111.72,111.729,4300.0
2017-12-05 10:52:00,111.855,111.89,111.83,111.85,2689.0
2017-12-05 10:53:00,111.87,111.87,111.83,111.85,1000.0
2017-12-05 10:54:00,111.89,111.94,111.89,111.93,300.0
2017-12-05 10:55:00,111.82,111.9,111.82,111.89,3305.0
2017-12-05 10:56:00,112.155,112.17,111.8,111.8,3300.0
2017-12-05 10:57:00,112.24,112.24,112.155,112.155,900.0
2017-12-05 10:58:00,112.125,112.195,112.11,112.195,2116.0
2017-12-05 10:59:00,112.24,112.38,112.045,112.1,3604.0
2017-12-05 11:00:00,112.38,112.38,112.225,112.25,2300.0
2017-12-05 11:01:00,112.28,112.33,112.12,112.33,4000.0
2017-12-05 11:02:00,112.35,112.35,112.145,112.35,4450.0
2017-12-05 11:03:00,112.32,112.34,112.29,112.29,2080.0
2017-12-05 11:04:00,112.22,112.31,112.22,112.3099,400.0
2017-12-05 11:05:00,112.23,112.23,112.16,112.21,1205.0
2017-12-05 11:06:00,112.24,112.24,112.12,112.23,1100.0
2017-12-05 11:07:00,112.15,112.27,112.15,112.2,1500.0
2017-12-05 11:08:00,112.3,112.3,112.18,112.18,941.0
2017-12-05 11:10:00,112.22,112.3,112.22,112.28,400.0
2017-12-05 11:11:00,112.47,112.47,112.25,112.25,1900.0
2017-12-05 11:12:00,112.45,112.45,112.45,112.45,200.0
2017-12-05 11:13:00,112.345,112.43,112.345,112.39,2650.0
2017-12-05 11:15:00,112.32,112.32,112.29,112.32,1000.0
2017-12-05 11:16:00,112.28,112.28,112.28,112.28,700.0
2017-12-05 11:17:00,112.36,112.36,112.27,112.27,1700.0
2017-12-05 11:20:00,112.45,112.48700000000001,112.35,112.35,2231.0
2017-12-05 11:21:00,112.4,112.46,112.4,112.45,1110.0
2017-12-05 11:22:00,112.3741,112.3741,112.3741,112.3741,100.0
2017-12-05 11:24:00,112.32,112.37,112.28,112.37,600.0
2017-12-05 11:26:00,112.33,112.33,112.24,112.295,1207.0
2017-12-05 11:27:00,112.3,112.3,112.3,112.3,100.0
2017-12-05 11:28:00,112.36,112.36,112.36,112.36,100.0
2017-12-05 11:29:00,112.36,112.37,112.36,112.37,400.0
2017-12-05 11:30:00,112.4756,112.48,112.395,112.42,747.0
2017-12-05 11:31:00,112.53,112.53,112.49,112.51,1100.0
2017-12-05 11:32:00,112.46,112.52,112.46,112.52,1199.0
2017-12-05 11:33:00,112.44,112.4769,112.44,112.4769,1227.0
2017-12-05 11:34:00,112.43,112.43,112.43,112.43,100.0
2017-12-05 11:35:00,112.44,112.47,112.44,112.47,400.0
2017-12-05 11:36:00,112.38,112.43,112.38,112.43,722.0
2017-12-05 11:38:00,112.38,112.38,112.38,112.38,100.0
2017-12-05 11:39:00,112.56,112.56,112.4066,112.41,1700.0
2017-12-05 11:40:00,112.61,112.61,112.55,112.55,1602.0
2017-12-05 11:41:00,112.62,112.62,112.62,112.62,100.0
2017-12-05 11:42:00,112.68,112.7,112.61,112.67,2200.0
2017-12-05 11:44:00,112.68,112.68,112.63,112.68,1222.0
2017-12-05 11:45:00,112.75,112.75,112.68,112.7,700.0
2017-12-05 11:46:00,112.76,112.77,112.7298,112.75,1700.0
2017-12-05 11:48:00,112.765,112.77,112.7401,112.7401,500.0
2017-12-05 11:49:00,112.77,112.79,112.73,112.76,1900.0
2017-12-05 11:50:00,112.8,112.83,112.795,112.795,6197.0
2017-12-05 11:51:00,112.8,112.8,112.77,112.77,700.0
2017-12-05 11:52:00,112.72,112.77,112.72,112.77,1300.0
2017-12-05 11:53:00,112.74600000000001,112.7548,112.72,112.73,1880.0
2017-12-05 11:54:00,112.82,112.82,112.76,112.77,1250.0
2017-12-05 11:55:00,112.72,112.77,112.71,112.77,1200.0
2017-12-05 11:56:00,112.62,112.65,112.6,112.65,1222.0
2017-12-05 11:57:00,112.63,112.63,112.63,112.63,100.0
2017-12-05 11:59:00,112.605,112.61,112.56,112.585,1089.0
2017-12-05 12:02:00,112.47,112.57,112.47,112.57,2900.0
2017-12-05 12:03:00,112.52,112.52,112.52,112.52,200.0
2017-12-05 12:04:00,112.44,112.46,112.44,112.46,500.0
2017-12-05 12:05:00,112.24,112.41,112.24,112.41,1100.0
2017-12-05 12:06:00,112.32,112.32,112.19,112.19,1900.0
2017-12-05 12:07:00,112.27,112.27,112.27,112.27,100.0
2017-12-05 12:08:00,112.3101,112.3101,112.3101,112.3101,325.0
2017-12-05 12:09:00,112.43,112.43,112.43,112.43,100.0
2017-12-05 12:11:00,112.49,112.49,112.49,112.49,100.0
2017-12-05 12:12:00,112.57,112.57,112.57,112.57,200.0
2017-12-05 12:14:00,112.57,112.61,112.5,112.52,3200.0
2017-12-05 12:15:00,112.77,112.795,112.65,112.65,3624.0
2017-12-05 12:16:00,112.725,112.75,112.67,112.75,347.0
2017-12-05 12:17:00,112.6701,112.6701,112.62,112.62,241.0
2017-12-05 12:19:00,112.76,112.78,112.7,112.7,1800.0
2017-12-05 12:20:00,112.76,112.765,112.65,112.71,3057.0
2017-12-05 12:21:00,112.66,112.7,112.66,112.7,1361.0
2017-12-05 12:22:00,112.68,112.68,112.64,112.66,1868.0
2017-12-05 12:23:00,112.76,112.76,112.63,112.63,1904.0
2017-12-05 12:27:00,112.77,112.77,112.77,112.77,100.0
2017-12-05 12:28:00,112.735,112.735,112.735,112.735,100.0
2017-12-05 12:30:00,112.75,112.77,112.75,112.76,2250.0
2017-12-05 12:31:00,112.765,112.8,112.76,112.765,3100.0
2017-12-05 12:32:00,112.78,112.78,112.775,112.775,300.0
2017-12-05 12:33:00,112.4201,112.79,112.4201,112.79,5890.0
2017-12-05 12:35:00,112.58,112.58,112.58,112.58,150.0
2017-12-05 12:36:00,112.64,112.64,112.64,112.64,830.0
2017-12-05 12:37:00,112.67,112.67,112.67,112.67,100.0
2017-12-05 12:38:00,112.61,112.68,112.61,112.68,1300.0
2017-12-05 12:39:00,112.67,112.67,112.63,112.63,1817.0
2017-12-05 12:40:00,112.66,112.66,112.66,112.66,111.0
2017-12-05 12:42:00,112.71,112.74,112.67,112.69,3648.0
2017-12-05 12:43:00,112.7033,112.726,112.7033,112.726,270.0
2017-12-05 12:44:00,112.76,112.78,112.7,112.71,3525.0
2017-12-05 12:45:00,112.76,112.77,112.75,112.77,1200.0
2017-12-05 12:46:00,112.775,112.775,112.775,112.775,200.0
2017-12-05 12:47:00,112.72,112.76,112.71,112.76,1266.0
2017-12-05 12:48:00,112.76,112.76,112.75,112.76,2000.0
2017-12-05 12:49:00,112.75,112.75,112.72,112.74,1088.0
2017-12-05 12:50:00,112.72,112.72,112.72,112.72,147.0
2017-12-05 12:51:00,112.73,112.73,112.73,112.73,200.0
2017-12-05 12:52:00,112.66,112.73,112.65,112.73,6740.0
2017-12-05 12:53:00,112.75,112.77,112.68,112.68,7200.0
2017-12-05 12:54:00,112.7,112.75,112.695,112.75,6300.0
2017-12-05 12:55:00,112.66,112.68,112.65,112.67,2698.0
2017-12-05 12:56:00,112.69,112.69,112.69,112.69,100.0
2017-12-05 12:57:00,112.64,112.79,112.615,112.75,9635.0
2017-12-05 12:58:00,112.44,112.65,112.44,112.65,6351.0
2017-12-05 12:59:00,112.4005,112.44,112.34,112.44,1350.0
2017-12-05 13:00:00,112.5,112.54,112.43,112.43,3320.0
2017-12-05 13:01:00,112.65,112.65,112.48,112.48,9900.0
2017-12-05 13:02:00,112.64,112.65,112.44,112.63,11838.0
2017-12-05 13:03:00,112.58,112.65,112.53,112.615,9363.0
2017-12-05 13:04:00,112.47,112.72,112.46,112.58,20635.0
2017-12-05 13:05:00,112.65,112.65,112.43,112.45,11600.0
2017-12-05 13:07:00,112.72,112.73,112.58,112.58,5737.0
2017-12-05 13:08:00,112.71,112.75,112.645,112.699,2300.0
2017-12-05 13:10:00,112.68,112.68,112.68,112.68,100.0
2017-12-05 13:11:00,112.77,112.77,112.74,112.74,1588.0
2017-12-05 13:12:00,112.775,112.775,112.77,112.77,258.0
2017-12-05 13:13:00,112.75,112.77,112.72,112.74,1451.0
2017-12-05 13:14:00,112.71,112.71,112.71,112.71,400.0
2017-12-05 13:15:00,112.7,112.71,112.68,112.69,1841.0
2017-12-05 13:17:00,112.63,112.67,112.54,112.67,9601.0
2017-12-05 13:18:00,112.6,112.6,112.6,112.6,100.0
2017-12-05 13:20:00,112.55,112.625,112.55,112.62,2384.0
2017-12-05 13:21:00,112.61,112.61,112.56,112.57,1300.0
2017-12-05 13:22:00,112.65,112.65,112.6312,112.6312,675.0
2017-12-05 13:23:00,112.66,112.66,112.65,112.65,200.0
2017-12-05 13:25:00,112.6,112.68,112.6,112.67,2000.0
2017-12-05 13:26:00,112.57,112.61,112.57,112.61,500.0
2017-12-05 13:28:00,112.6071,112.6071,112.6071,112.6071,308.0
2017-12-05 13:29:00,112.51,112.58,112.51,112.57,2674.0
2017-12-05 13:30:00,112.4801,112.4801,112.48,112.48,300.0
2017-12-05 13:31:00,112.48,112.48,112.48,112.48,194.0
2017-12-05 13:32:00,112.43,112.4691,112.43,112.4691,810.0
2017-12-05 13:34:00,112.47,112.51,112.47,112.49,4581.0
2017-12-05 13:35:00,112.5,112.5,112.5,112.5,200.0
2017-12-05 13:36:00,112.5942,112.5942,112.5,112.5,2197.0
2017-12-05 13:37:00,112.61,112.61,112.55,112.56,1450.0
2017-12-05 13:38:00,112.54,112.64,112.54,112.63,2701.0
2017-12-05 13:40:00,112.57,112.57,112.57,112.57,300.0
2017-12-05 13:41:00,112.56,112.56,112.54,112.54,966.0
2017-12-05 13:43:00,112.62,112.62,112.57,112.58,913.0
2017-12-05 13:44:00,112.6,112.6,112.6,112.6,100.0
2017-12-05 13:45:00,112.64,112.64,112.64,112.64,158.0
2017-12-05 13:48:00,112.64,112.68,112.64,112.66,700.0
2017-12-05 13:49:00,112.67,112.7,112.64,112.685,2800.0
2017-12-05 13:50:00,112.705,112.705,112.68,112.68,200.0
2017-12-05 13:51:00,112.75,112.75,112.72,112.72,496.0
2017-12-05 13:52:00,112.77,112.77,112.77,112.77,100.0
2017-12-05 13:53:00,112.805,112.83,112.77,112.78,6700.0
2017-12-05 13:54:00,112.82,112.85,112.78,112.82,2200.0
2017-12-05 13:55:00,112.825,112.825,112.8,112.8,300.0
2017-12-05 13:56:00,112.825,112.825,112.78,112.8,5499.0
2017-12-05 13:57:00,112.76,112.82,112.76,112.82,2200.0
2017-12-05 13:58:00,112.75,112.75,112.75,112.75,300.0
2017-12-05 13:59:00,112.76,112.76,112.76,112.76,100.0
2017-12-05 14:00:00,112.79,112.79,112.74,112.76,2751.0
2017-12-05 14:01:00,112.75,112.76,112.745,112.76,873.0
2017-12-05 14:02:00,112.69,112.73,112.69,112.73,1750.0
2017-12-05 14:03:00,112.65,112.69,112.58,112.69,3115.0
2017-12-05 14:04:00,112.65,112.7,112.64,112.65,2951.0
2017-12-05 14:05:00,112.64,112.65,112.64,112.64,550.0
2017-12-05 14:06:00,112.66,112.66,112.66,112.66,400.0
2017-12-05 14:08:00,112.66,112.66,112.66,112.66,200.0
2017-12-05 14:09:00,112.66,112.67,112.61,112.66,4592.0
2017-12-05 14:11:00,112.57,112.62,112.57,112.62,795.0
2017-12-05 14:13:00,112.58,112.59,112.555,112.555,1600.0
2017-12-05 14:14:00,112.57,112.575,112.55,112.56,1039.0
2017-12-05 14:15:00,112.54,112.5601,112.54,112.55,700.0
2017-12-05 14:16:00,112.54,112.56,112.54,112.55,1099.0
2017-12-05 14:17:00,112.55,112.56,112.55,112.56,711.0
2017-12-05 14:18:00,112.47,112.56,112.47,112.56,2900.0
2017-12-05 14:19:00,112.39,112.42,112.39,112.41,998.0
2017-12-05 14:20:00,112.38,112.38,112.35,112.35,200.0
2017-12-05 14:21:00,112.34,112.41,112.34,112.39,4171.0
2017-12-05 14:22:00,112.22,112.34,112.22,112.34,4900.0
2017-12-05 14:23:00,112.3,112.3,112.21,112.22,2400.0
2017-12-05 14:24:00,112.35,112.38,112.265,112.265,1600.0
2017-12-05 14:25:00,112.43,112.43,112.365,112.39,600.0
2017-12-05 14:26:00,112.46,112.46,112.46,112.46,100.0
2017-12-05 14:27:00,112.51,112.51,112.47,112.47,300.0
2017-12-05 14:28:00,112.4148,112.47,112.41,112.47,3300.0
2017-12-05 14:30:00,112.43,112.43,112.39,112.39,1633.0
2017-12-05 14:31:00,112.39,112.43,112.39,112.41,1100.0
2017-12-05 14:32:00,112.3802,112.41,112.36,112.37,1450.0
2017-12-05 14:33:00,112.3,112.35,112.3,112.34,900.0
2017-12-05 14:34:00,112.3,112.34,112.27,112.29,1526.0
2017-12-05 14:35:00,112.39,112.39,112.31,112.31,1400.0
2017-12-05 14:36:00,112.42,112.42,112.36,112.41,900.0
2017-12-05 14:37:00,112.48,112.48,112.42,112.43,600.0
2017-12-05 14:38:00,112.42,112.485,112.41,112.485,2256.0
2017-12-05 14:39:00,112.47,112.47,112.43,112.45,800.0
2017-12-05 14:40:00,112.57,112.57,112.42,112.47,3573.0
2017-12-05 14:41:00,112.69,112.69,112.57,112.57,600.0
2017-12-05 14:42:00,112.66,112.66,112.66,112.66,100.0
2017-12-05 14:44:00,112.56,112.605,112.55,112.58,5452.0
2017-12-05 14:45:00,112.45,112.535,112.45,112.53,1800.0
2017-12-05 14:46:00,112.4,112.45,112.36,112.45,6348.0
2017-12-05 14:47:00,112.23,112.435,112.23,112.415,2716.0
2017-12-05 14:48:00,112.305,112.52,112.305,112.32,6921.0
2017-12-05 14:50:00,112.31,112.32,112.3,112.32,918.0
2017-12-05 14:51:00,112.35,112.39,112.35,112.35,1100.0
2017-12-05 14:53:00,112.445,112.445,112.39,112.4,3134.0
2017-12-05 14:54:00,112.29,112.445,112.29,112.445,2700.0
2017-12-05 14:55:00,112.415,112.415,112.22,112.24,2197.0
2017-12-05 14:56:00,112.34,112.34,112.33,112.34,1200.0
2017-12-05 14:57:00,112.29,112.29,112.29,112.29,400.0
2017-12-05 14:58:00,112.215,112.285,112.19,112.285,1406.0
2017-12-05 15:01:00,112.19,112.255,112.19,112.23,1201.0
2017-12-05 15:02:00,112.21,112.21,112.18,112.19,908.0
2017-12-05 15:03:00,112.15,112.2,112.13,112.2,1970.0
2017-12-05 15:04:00,112.25,112.3,112.19,112.19,2609.0
2017-12-05 15:05:00,112.23,112.24,112.2,112.24,300.0
2017-12-05 15:06:00,112.2,112.21,112.17,112.21,2700.0
2017-12-05 15:07:00,112.23,112.23,112.21,112.21,700.0
2017-12-05 15:08:00,112.21,112.255,112.17,112.255,2267.0
2017-12-05 15:09:00,112.25,112.28,112.25,112.25,529.0
2017-12-05 15:10:00,112.24,112.32,112.24,112.29,2871.0
2017-12-05 15:11:00,112.2,112.2,112.2,112.2,200.0
2017-12-05 15:12:00,112.1601,112.22,112.1601,112.21,13083.0
2017-12-05 15:13:00,112.09,112.16,112.09,112.16,900.0
2017-12-05 15:14:00,112.12,112.15,112.11,112.11,1400.0
2017-12-05 15:15:00,112.1994,112.1994,112.18,112.18,700.0
2017-12-05 15:16:00,112.12,112.17,112.12,112.17,1988.0
2017-12-05 15:17:00,112.16,112.16,112.13,112.14,1300.0
2017-12-05 15:18:00,112.09,112.14,112.09,112.14,1800.0
2017-12-05 15:19:00,112.1,112.1,112.1,112.1,100.0
2017-12-05 15:20:00,112.125,112.13,112.11,112.11,1300.0
2017-12-05 15:21:00,112.145,112.16,112.14,112.14,500.0
2017-12-05 15:22:00,112.17,112.18,112.12,112.12,800.0
2017-12-05 15:23:00,112.175,112.21,112.17,112.19,1618.0
2017-12-05 15:24:00,112.24,112.24,112.19,112.19,2400.0
2017-12-05 15:25:00,112.23,112.27,112.18,112.245,7168.0
2017-12-05 15:26:00,112.23,112.24,112.2,112.24,2436.0
2017-12-05 15:27:00,112.17,112.25,112.17,112.23,2466.0
2017-12-05 15:28:00,112.2,112.2,112.15,112.16,2000.0
2017-12-05 15:29:00,112.21,112.24,112.19,112.21,3771.0
2017-12-05 15:30:00,112.23,112.25,112.22,112.24,2477.0
2017-12-05 15:31:00,112.13,112.2,112.11,112.2,2150.0
2017-12-05 15:32:00,112.1,112.13,112.1,112.13,1834.0
2017-12-05 15:33:00,112.12,112.12,112.11,112.12,1501.0
2017-12-05 15:34:00,112.21,112.21,112.11,112.12,2583.0
2017-12-05 15:35:00,112.19,112.21,112.175,112.18,2255.0
2017-12-05 15:36:00,112.235,112.24,112.17,112.17,1800.0
2017-12-05 15:37:00,112.18,112.225,112.17,112.22,3366.0
2017-12-05 15:38:00,112.26,112.27,112.18,112.19,7000.0
2017-12-05 15:39:00,112.15,112.285,112.15,112.275,5481.0
2017-12-05 15:40:00,112.17,112.17,112.13,112.13,1187.0
2017-12-05 15:41:00,112.15,112.15,112.11,112.15,1500.0
2017-12-05 15:42:00,112.235,112.235,112.15,112.165,1972.0
2017-12-05 15:43:00,112.22,112.245,112.2,112.235,4917.0
2017-12-05 15:44:00,112.2,112.24,112.2,112.23,2700.0
2017-12-05 15:45:00,112.12,112.19,112.08,112.19,2460.0
2017-12-05 15:46:00,112.12,112.14,112.12,112.13,1100.0
2017-12-05 15:47:00,112.07,112.14,112.07,112.14,5573.0
2017-12-05 15:48:00,112.04,112.07,112.04,112.07,2224.0
2017-12-05 15:49:00,112.07,112.11,112.03,112.06,4570.0
2017-12-05 15:50:00,112.06,112.12,112.06,112.07,3853.0
2017-12-05 15:51:00,112.07,112.11,112.05,112.05,3811.0
2017-12-05 15:52:00,111.98,112.07,111.98,112.055,6287.0
2017-12-05 15:53:00,111.98,111.999,111.94,111.97,6281.0
2017-12-05 15:54:00,112.02,112.02,111.95,111.98,6752.0
2017-12-05 15:55:00,112.09,112.09,112.02,112.02,4044.0
2017-12-05 15:56:00,112.115,112.16,112.09,112.1,2875.0
2017-12-05 15:57:00,112.17,112.17,112.1,112.1,5145.0
2017-12-05 15:58:00,112.15,112.18,112.12,112.16,5890.0
2017-12-05 15:59:00,112.14,112.155,112.09,112.15,7700.0
2017-12-05 16:00:00,112.1,112.19,112.09,112.13,14264.0
2017-12-06 09:30:00,112.07,112.07,112.07,112.07,4824.0
2017-12-06 09:32:00,112.07,112.08,111.78,112.06,3401.0
2017-12-06 09:33:00,112.11,112.11,111.87,111.87,300.0
2017-12-06 09:34:00,112.07,112.16,111.83,112.16,400.0
2017-12-06 09:35:00,112.21,112.25,112.12,112.12,11951.0
2017-12-06 09:36:00,112.9,112.92,112.22,112.385,4010.0
2017-12-06 09:37:00,112.63,112.85,112.2,112.85,2063.0
2017-12-06 09:38:00,112.52,112.52,112.295,112.295,900.0
2017-12-06 09:39:00,112.13,112.53,112.13,112.51,10242.0
2017-12-06 09:40:00,111.91,112.16,111.91,112.16,900.0
2017-12-06 09:41:00,112.05,112.09,111.79,111.8,2793.0
2017-12-06 09:43:00,112.06,112.06,111.81,112.05,1500.0
2017-12-06 09:44:00,111.71,111.94,111.7,111.94,2600.0
2017-12-06 09:45:00,111.73,111.74,111.73,111.74,600.0
2017-12-06 09:46:00,111.89,111.89,111.73,111.815,2700.0
2017-12-06 09:47:00,111.86,111.97,111.8,111.8,2200.0
2017-12-06 09:48:00,111.71,111.955,111.71,111.955,2000.0
2017-12-06 09:49:00,111.59,111.68,111.59,111.67,1200.0
2017-12-06 09:50:00,111.88,111.93,111.61,111.61,3719.0
2017-12-06 09:51:00,112.035,112.04,111.9,111.9,1200.0
2017-12-06 09:52:00,112.05,112.05,112.05,112.05,100.0
2017-12-06 09:53:00,111.76,112.05,111.75,112.05,2368.0
2017-12-06 09:54:00,111.79,111.86,111.75,111.86,1200.0
2017-12-06 09:55:00,111.66,111.7,111.66,111.7,266.0
2017-12-06 09:56:00,111.61,111.66,111.59,111.66,500.0
2017-12-06 09:57:00,111.58,111.61,111.58,111.61,300.0
2017-12-06 09:58:00,111.68,111.73,111.55,111.625,1600.0
2017-12-06 10:00:00,111.55,111.66,111.55,111.66,906.0
2017-12-06 10:01:00,111.32,111.55,111.31,111.49,1900.0
2017-12-06 10:02:00,111.52,111.52,111.32,111.32,1800.0
2017-12-06 10:03:00,111.43,111.51,111.43,111.51,400.0
2017-12-06 10:04:00,111.61,111.61,111.55,111.55,200.0
2017-12-06 10:05:00,111.55,111.55,111.46,111.475,600.0
2017-12-06 10:06:00,111.47,111.53,111.47,111.53,516.0
2017-12-06 10:07:00,111.45,111.51,111.42,111.44,1500.0
2017-12-06 10:08:00,111.56,111.58,111.56,111.58,700.0
2017-12-06 10:11:00,111.43,111.43,111.43,111.43,100.0
2017-12-06 10:13:00,111.68,111.68,111.4901,111.4901,2619.0
2017-12-06 10:14:00,111.61,111.75,111.61,111.715,1700.0
2017-12-06 10:15:00,111.54,111.63,111.54,111.63,1245.0
2017-12-06 10:16:00,111.45,111.49,111.45,111.49,200.0
2017-12-06 10:17:00,111.22,111.38,111.21,111.27,800.0
2017-12-06 10:18:00,111.28,111.37,111.28,111.37,200.0
2017-12-06 10:19:00,111.33,111.39,111.33,111.35,2300.0
2017-12-06 10:20:00,111.43,111.43,111.4,111.41,900.0
2017-12-06 10:22:00,111.65,111.65,111.54,111.55,1446.0
2017-12-06 10:24:00,111.57,111.57,111.57,111.57,100.0
2017-12-06 10:25:00,111.54,111.565,111.51,111.565,1110.0
2017-12-06 10:26:00,111.48,111.5,111.48,111.5,1741.0
2017-12-06 10:27:00,111.37,111.495,111.37,111.47,1200.0
2017-12-06 10:28:00,111.37,111.37,111.37,111.37,100.0
2017-12-06 10:29:00,111.39,111.45,111.39,111.4,800.0
2017-12-06 10:30:00,111.4179,111.4179,111.4179,111.4179,123.0
2017-12-06 10:31:00,111.47,111.51,111.38,111.39,4800.0
2017-12-06 10:32:00,111.46,111.53,111.38,111.51,3028.0
2017-12-06 10:33:00,111.4695,111.58,111.36,111.44,4701.0
2017-12-06 10:34:00,111.6,111.64,111.5,111.5,2600.0
2017-12-06 10:35:00,111.545,111.575,111.46,111.52,2614.0
2017-12-06 10:36:00,111.51,111.52,111.33,111.52,3493.0
2017-12-06 10:37:00,111.44,111.46,111.43,111.46,1100.0
2017-12-06 10:38:00,111.33,111.41,111.32799999999999,111.39,1021.0
2017-12-06 10:39:00,111.39,111.42,111.32,111.39,1100.0
2017-12-06 10:40:00,111.43,111.52,111.4,111.46,852.0
2017-12-06 10:41:00,111.43,111.43,111.36,111.37,1682.0
2017-12-06 10:44:00,111.32,111.45,111.32,111.45,900.0
2017-12-06 10:45:00,111.42,111.45,111.2601,111.2601,1570.0
2017-12-06 10:46:00,111.69,111.69,111.48,111.49,1200.0
2017-12-06 10:47:00,111.62,111.69,111.52,111.69,3982.0
2017-12-06 10:48:00,111.42,111.7,111.42,111.7,2800.0
2017-12-06 10:49:00,111.5,111.64,111.42,111.42,3902.0
2017-12-06 10:50:00,111.52,111.63,111.52,111.55,4096.0
2017-12-06 10:52:00,111.53,111.56,111.53,111.54,706.0
2017-12-06 10:53:00,111.74,111.74,111.51,111.555,2130.0
2017-12-06 10:54:00,111.8,111.8,111.68,111.68,1300.0
2017-12-06 10:55:00,111.67,111.78,111.66,111.73299999999999,4300.0
2017-12-06 10:56:00,111.52,111.76,111.52,111.72,4686.0
2017-12-06 10:57:00,111.74,111.86,111.67,111.67,7419.0
2017-12-06 10:58:00,111.87,111.88,111.74,111.74,2600.0
2017-12-06 10:59:00,111.74,111.77,111.74,111.77,900.0
2017-12-06 11:00:00,111.74,111.79,111.64,111.79,2200.0
2017-12-06 11:01:00,111.79,111.79,111.78,111.789,2688.0
2017-12-06 11:03:00,111.64,111.72,111.62,111.71,1900.0
2017-12-06 11:04:00,111.6,111.6,111.6,111.6,200.0
2017-12-06 11:05:00,111.74,111.79,111.69,111.69,1113.0
2017-12-06 11:06:00,111.61,111.74,111.61,111.74,837.0
2017-12-06 11:08:00,111.55,111.67,111.55,111.63,1620.0
2017-12-06 11:09:00,111.7,111.82,111.54,111.54,2856.0
2017-12-06 11:10:00,111.57,111.7,111.57,111.69,1500.0
2017-12-06 11:12:00,111.65,111.65,111.64,111.64,300.0
2017-12-06 11:13:00,111.645,111.65,111.645,111.65,500.0
2017-12-06 11:14:00,111.59,111.6,111.58,111.6,555.0
2017-12-06 11:15:00,111.595,111.63,111.595,111.63,317.0
2017-12-06 11:16:00,111.79,111.79,111.79,111.79,100.0
2017-12-06 11:17:00,111.77,111.82,111.77,111.79,832.0
2017-12-06 11:18:00,111.73,111.73,111.73,111.73,100.0
2017-12-06 11:19:00,111.73,111.73,111.72,111.73,785.0
2017-12-06 11:20:00,111.85,111.85,111.8,111.8,900.0
2017-12-06 11:21:00,111.85,111.93,111.84,111.85,1351.0
2017-12-06 11:22:00,111.9502,111.98,111.91,111.95,2925.0
2017-12-06 11:23:00,111.79,111.92,111.79,111.92,1800.0
2017-12-06 11:24:00,111.665,111.83,111.66,111.83,1701.0
2017-12-06 11:26:00,111.86,111.86,111.7,111.7,2358.0
2017-12-06 11:29:00,111.6801,111.78,111.6801,111.78,1443.0
2017-12-06 11:30:00,111.76,111.78,111.76,111.76,700.0
2017-12-06 11:31:00,111.76,111.79,111.68,111.78,2487.0
2017-12-06 11:32:00,111.75,111.81,111.75,111.75,3902.0
2017-12-06 11:33:00,111.66,111.73,111.66,111.71,3300.0
2017-12-06 11:34:00,111.75,111.76,111.74,111.74,601.0
2017-12-06 11:35:00,111.69,111.7,111.6,111.7,1911.0
2017-12-06 11:36:00,111.53,111.64,111.52,111.64,1200.0
2017-12-06 11:37:00,111.54,111.54,111.54,111.54,200.0
2017-12-06 11:38:00,111.57,111.62,111.57,111.6,1003.0
2017-12-06 11:39:00,111.53,111.6,111.53,111.55,1400.0
2017-12-06 11:40:00,111.56,111.58,111.46,111.46,1223.0
2017-12-06 11:41:00,111.7,111.74,111.6,111.6,900.0
2017-12-06 11:42:00,111.64,111.69,111.59,111.69,2452.0
2017-12-06 11:43:00,111.57,111.66,111.57,111.66,796.0
2017-12-06 11:44:00,111.68,111.68,111.6,111.62,1500.0
2017-12-06 11:45:00,111.61,111.61,111.61,111.61,400.0
2017-12-06 11:48:00,111.62,111.62,111.54,111.59,2249.0
2017-12-06 11:49:00,111.625,111.63,111.62,111.62,800.0
2017-12-06 11:50:00,111.6,111.63,111.6,111.63,900.0
2017-12-06 11:51:00,111.54,111.54,111.54,111.54,100.0
2017-12-06 11:52:00,111.61,111.65,111.56,111.61,4088.0
2017-12-06 11:53:00,111.59,111.65,111.54,111.63,4001.0
2017-12-06 11:54:00,111.57,111.67,111.53,111.62,6800.0
2017-12-06 11:55:00,111.6737,111.6737,111.49,111.49,1661.0
2017-12-06 11:57:00,111.59,111.62,111.59,111.62,900.0
2017-12-06 11:58:00,111.49,111.6,111.49,111.59,1005.0
2017-12-06 11:59:00,111.53,111.55,111.43,111.48,1906.0
2017-12-06 12:00:00,111.44,111.54,111.36,111.54,3381.0
2017-12-06 12:01:00,111.37,111.49,111.33,111.48,1562.0
2017-12-06 12:02:00,111.41,111.41,111.41,111.41,100.0
2017-12-06 12:03:00,111.34,111.365,111.34,111.36,1059.0
2017-12-06 12:04:00,111.53,111.53,111.365,111.38,1904.0
2017-12-06 12:05:00,111.41,111.5,111.39,111.5,2000.0
2017-12-06 12:07:00,111.41,111.57,111.41,111.45,2400.0
2017-12-06 12:08:00,111.44,111.52,111.4,111.415,1800.0
2017-12-06 12:09:00,111.45,111.45,111.431,111.431,255.0
2017-12-06 12:10:00,111.37,111.52,111.34,111.43,7571.0
2017-12-06 12:11:00,111.45,111.66,111.41,111.41,4702.0
2017-12-06 12:12:00,111.52,111.61,111.52,111.57,2400.0
2017-12-06 12:13:00,111.5,111.54,111.47,111.49,1100.0
2017-12-06 12:14:00,111.57,111.67,111.55,111.55,604.0
2017-12-06 12:15:00,111.575,111.74,111.56,111.7,3370.0
2017-12-06 12:16:00,111.55,111.71,111.54,111.6,2000.0
2017-12-06 12:17:00,111.66,111.66,111.55,111.58,1106.0
2017-12-06 12:19:00,111.595,111.61,111.5,111.61,1925.0
2017-12-06 12:20:00,111.51,111.55,111.51,111.55,400.0
2017-12-06 12:21:00,111.49,111.49,111.49,111.49,100.0
2017-12-06 12:22:00,111.46,111.6,111.44,111.53,2601.0
2017-12-06 12:25:00,111.47,111.51,111.47,111.48,500.0
2017-12-06 12:26:00,111.47,111.47,111.47,111.47,100.0
2017-12-06 12:28:00,111.535,111.535,111.48,111.52,1200.0
2017-12-06 12:29:00,111.47,111.5279,111.4,111.5279,3117.0
2017-12-06 12:30:00,111.45,111.53,111.39,111.52,4188.0
2017-12-06 12:31:00,111.44,111.475,111.38,111.4607,2000.0
2017-12-06 12:32:00,111.52,111.55,111.49,111.49,900.0
2017-12-06 12:33:00,111.54,111.58,111.47,111.525,5811.0
2017-12-06 12:34:00,111.52,111.57,111.52,111.57,1146.0
2017-12-06 12:35:00,111.6,111.6,111.44,111.505,1700.0
2017-12-06 12:36:00,111.57,111.61,111.57,111.6,916.0
2017-12-06 12:37:00,111.6,111.62,111.6,111.6,1046.0
2017-12-06 12:38:00,111.64,111.64,111.64,111.64,100.0
2017-12-06 12:39:00,111.61,111.69,111.51,111.646,3500.0
2017-12-06 12:41:00,111.57,111.68,111.56,111.68,2798.0
2017-12-06 12:42:00,111.68,111.68,111.68,111.68,100.0
2017-12-06 12:43:00,111.73,111.74,111.65,111.65,900.0
2017-12-06 12:44:00,111.58,111.68,111.58,111.68,2600.0
2017-12-06 12:46:00,111.67,111.67,111.61,111.61,200.0
2017-12-06 12:47:00,111.6,111.63,111.6,111.63,600.0
2017-12-06 12:48:00,111.77,111.77,111.62,111.64,1571.0
2017-12-06 12:49:00,111.6,111.75,111.6,111.75,1803.0
2017-12-06 12:50:00,111.72,111.75,111.625,111.63,2004.0
2017-12-06 12:51:00,111.64,111.75,111.58,111.75,4002.0
2017-12-06 12:53:00,111.61,111.69,111.57,111.69,6756.0
2017-12-06 12:54:00,111.68,111.7,111.68,111.7,1204.0
2017-12-06 12:55:00,111.59,111.71,111.57,111.71,2602.0
2017-12-06 12:56:00,111.61,111.68,111.59,111.66,1500.0
2017-12-06 12:57:00,111.67,111.68,111.65,111.68,1000.0
2017-12-06 12:58:00,111.63,111.69,111.59,111.69,2100.0
2017-12-06 12:59:00,111.61,111.67,111.61,111.645,700.0
2017-12-06 13:00:00,111.66,111.71,111.66,111.66,1050.0
2017-12-06 13:02:00,111.68,111.73,111.67,111.73,1304.0
2017-12-06 13:03:00,111.715,111.715,111.64,111.69,2000.0
2017-12-06 13:04:00,111.69,111.71,111.69,111.71,401.0
2017-12-06 13:05:00,111.56,111.7296,111.56,111.7296,1300.0
2017-12-06 13:06:00,111.635,111.67,111.59,111.61,1400.0
2017-12-06 13:08:00,111.57,111.69,111.57,111.67,4619.0
2017-12-06 13:09:00,111.58,111.65,111.58,111.65,700.0
2017-12-06 13:10:00,111.73,111.76,111.66,111.69,1548.0
2017-12-06 13:11:00,111.65,111.7,111.57,111.7,1398.0
2017-12-06 13:12:00,111.6,111.68,111.58,111.625,2600.0
2017-12-06 13:13:00,111.71,111.71,111.67,111.69,3286.0
2017-12-06 13:14:00,111.62,111.67,111.61,111.67,1400.0
2017-12-06 13:16:00,111.77,111.77,111.67,111.67,500.0
2017-12-06 13:17:00,111.74,111.82,111.74,111.815,2100.0
2017-12-06 13:18:00,111.77,111.77,111.72,111.75,1900.0
2017-12-06 13:19:00,111.81,111.88,111.81,111.88,2800.0
2017-12-06 13:20:00,111.82,111.85,111.75,111.84,3802.0
2017-12-06 13:21:00,111.77,111.81,111.73,111.81,2901.0
2017-12-06 13:22:00,111.78,111.85,111.76,111.84,2894.0
2017-12-06 13:23:00,111.77,111.81,111.76,111.81,3163.0
2017-12-06 13:24:00,111.75,111.77,111.73,111.75,900.0
2017-12-06 13:25:00,111.74,111.79,111.73,111.79,1800.0
2017-12-06 13:26:00,111.77,111.8,111.77,111.78,1385.0
2017-12-06 13:27:00,111.73,111.78,111.73,111.78,1352.0
2017-12-06 13:28:00,111.71,111.82,111.71,111.78,2400.0
2017-12-06 13:29:00,111.745,111.78,111.745,111.75,1300.0
2017-12-06 13:30:00,111.78,111.78,111.75,111.77,900.0
2017-12-06 13:31:00,111.76,111.76,111.76,111.76,100.0
2017-12-06 13:34:00,111.83,111.87,111.8,111.8,900.0
2017-12-06 13:35:00,111.82,111.86,111.78,111.86,5060.0
2017-12-06 13:36:00,111.9,111.9,111.79,111.84,2401.0
2017-12-06 13:37:00,111.92,111.92,111.84,111.9,2800.0
2017-12-06 13:38:00,111.86,111.87,111.8,111.87,1394.0
2017-12-06 13:39:00,111.92,111.92,111.83,111.875,600.0
2017-12-06 13:40:00,111.88,111.99,111.88,111.95,2134.0
2017-12-06 13:41:00,111.85,111.96,111.85,111.93,5833.0
2017-12-06 13:42:00,111.905,111.94,111.84,111.84,2780.0
2017-12-06 13:43:00,111.86,111.95,111.86,111.91,2405.0
2017-12-06 13:44:00,111.84,111.91,111.81,111.86,1800.0
2017-12-06 13:45:00,111.96,111.96,111.87,111.87,1000.0
2017-12-06 13:46:00,111.92,111.97,111.9,111.97,1200.0
2017-12-06 13:47:00,111.89,111.94,111.89,111.94,808.0
2017-12-06 13:48:00,111.9,111.95,111.89,111.95,721.0
2017-12-06 13:49:00,111.9,111.9,111.9,111.9,100.0
2017-12-06 13:50:00,111.89,111.9,111.84,111.9,1201.0
2017-12-06 13:52:00,111.83,111.83,111.77,111.82,1961.0
2017-12-06 13:54:00,111.84,111.87,111.81,111.87,300.0
2017-12-06 13:55:00,111.78,111.81,111.78,111.81,401.0
2017-12-06 13:56:00,111.76,111.79,111.76,111.76,700.0
2017-12-06 13:57:00,111.77,111.79,111.77,111.79,600.0
2017-12-06 13:58:00,111.84,111.86,111.8,111.81,1600.0
2017-12-06 13:59:00,111.75,111.82,111.75,111.81,1101.0
2017-12-06 14:01:00,111.73,111.75,111.73,111.75,699.0
2017-12-06 14:03:00,111.81,111.81,111.76,111.76,1107.0
2017-12-06 14:04:00,111.77,111.83,111.77,111.83,400.0
2017-12-06 14:06:00,111.67,111.75,111.67,111.75,800.0
2017-12-06 14:07:00,111.67,111.68,111.67,111.68,300.0
2017-12-06 14:08:00,111.65,111.7,111.65,111.68,1100.0
2017-12-06 14:09:00,111.6562,111.6562,111.6562,111.6562,125.0
2017-12-06 14:10:00,111.75,111.75,111.69,111.69,500.0
2017-12-06 14:11:00,111.69,111.715,111.69,111.715,200.0
2017-12-06 14:12:00,111.68,111.68,111.68,111.68,500.0
2017-12-06 14:13:00,111.73,111.73,111.71,111.71,582.0
2017-12-06 14:14:00,111.72,111.765,111.72,111.74,2350.0
2017-12-06 14:15:00,111.68,111.7,111.68,111.7,200.0
2017-12-06 14:16:00,111.66,111.72,111.66,111.72,200.0
2017-12-06 14:17:00,111.73,111.73,111.68,111.68,950.0
2017-12-06 14:18:00,111.75,111.81,111.75,111.81,200.0
2017-12-06 14:20:00,111.68,111.75,111.68,111.75,2057.0
2017-12-06 14:21:00,111.66,111.66,111.66,111.66,100.0
2017-12-06 14:22:00,111.71,111.71,111.66,111.66,860.0
2017-12-06 14:23:00,111.69,111.73,111.69,111.7,800.0
2017-12-06 14:24:00,111.66,111.66,111.66,111.66,100.0
2017-12-06 14:25:00,111.68,111.71,111.67,111.67,1300.0
2017-12-06 14:26:00,111.65,111.65,111.65,111.65,200.0
2017-12-06 14:27:00,111.69,111.73,111.61,111.62,21803.0
2017-12-06 14:28:00,111.67,111.69,111.67,111.68,700.0
2017-12-06 14:29:00,111.7,111.7,111.7,111.7,100.0
2017-12-06 14:30:00,111.78,111.78,111.66,111.66,2554.0
2017-12-06 14:31:00,111.69,111.74,111.69,111.74,1300.0
2017-12-06 14:32:00,111.71,111.71,111.66,111.66,808.0
2017-12-06 14:34:00,111.61,111.7172,111.61,111.7172,1235.0
2017-12-06 14:35:00,111.69,111.69,111.68,111.68,600.0
2017-12-06 14:36:00,111.67,111.69,111.61,111.69,1672.0
2017-12-06 14:37:00,111.8,111.8,111.69,111.69,803.0
2017-12-06 14:38:00,111.83,111.83,111.77,111.77,200.0
2017-12-06 14:40:00,111.79,111.81,111.75,111.81,1953.0
2017-12-06 14:41:00,111.79,111.8365,111.75,111.75,1150.0
2017-12-06 14:42:00,111.79,111.86,111.79,111.85,476.0
2017-12-06 14:43:00,111.73,111.79,111.73,111.79,1990.0
2017-12-06 14:45:00,111.74,111.77,111.71,111.73,2410.0
2017-12-06 14:50:00,111.73,111.79,111.73,111.79,4457.0
2017-12-06 14:51:00,111.73,111.73,111.73,111.73,100.0
2017-12-06 14:53:00,111.67,111.71,111.67,111.71,400.0
2017-12-06 14:54:00,111.71,111.73,111.7,111.7,1513.0
2017-12-06 14:55:00,111.7002,111.72,111.6999,111.72,465.0
2017-12-06 14:56:00,111.67,111.69,111.67,111.69,400.0
2017-12-06 14:57:00,111.71,111.71,111.685,111.685,400.0
2017-12-06 14:58:00,111.73,111.73,111.73,111.73,100.0
2017-12-06 14:59:00,111.71,111.71,111.71,111.71,100.0
2017-12-06 15:00:00,111.72,111.7311,111.72,111.7311,1000.0
2017-12-06 15:01:00,111.72,111.77,111.71,111.725,2498.0
2017-12-06 15:02:00,111.73,111.735,111.71,111.735,800.0
2017-12-06 15:03:00,111.71,111.73,111.68,111.73,1727.0
2017-12-06 15:04:00,111.69,111.69,111.69,111.69,100.0
2017-12-06 15:05:00,111.71,111.71,111.69,111.69,200.0
2017-12-06 15:06:00,111.7,111.74,111.7,111.7,400.0
2017-12-06 15:07:00,111.81,111.81,111.73,111.73,500.0
2017-12-06 15:08:00,111.75,111.75,111.75,111.75,100.0
2017-12-06 15:09:00,111.79,111.79,111.76,111.76,200.0
2017-12-06 15:10:00,111.77,111.8,111.77,111.8,300.0
2017-12-06 15:11:00,111.74,111.81,111.74,111.8,5236.0
2017-12-06 15:12:00,111.74,111.74,111.72,111.74,300.0
2017-12-06 15:13:00,111.7152,111.72,111.7152,111.72,411.0
2017-12-06 15:14:00,111.68,111.71,111.68,111.7,1764.0
2017-12-06 15:15:00,111.67,111.67,111.67,111.67,100.0
2017-12-06 15:16:00,111.67,111.69,111.665,111.67,2693.0
2017-12-06 15:18:00,111.675,111.675,111.675,111.675,100.0
2017-12-06 15:19:00,111.62,111.67,111.62,111.65,3000.0
2017-12-06 15:20:00,111.53,111.62,111.53,111.62,5200.0
2017-12-06 15:21:00,111.65,111.68,111.53,111.53,8456.0
2017-12-06 15:22:00,111.6,111.64,111.6,111.64,1095.0
2017-12-06 15:23:00,111.57,111.57,111.57,111.57,854.0
2017-12-06 15:24:00,111.58,111.59,111.57,111.57,1564.0
2017-12-06 15:25:00,111.56,111.58,111.55,111.58,900.0
2017-12-06 15:26:00,111.62,111.62,111.56,111.56,2361.0
2017-12-06 15:28:00,111.65,111.7,111.64,111.65,2932.0
2017-12-06 15:29:00,111.675,111.675,111.66,111.66,200.0
2017-12-06 15:30:00,111.63,111.63,111.63,111.63,100.0
2017-12-06 15:31:00,111.68,111.68,111.64,111.64,1800.0
2017-12-06 15:32:00,111.69,111.71,111.685,111.69,2404.0
2017-12-06 15:33:00,111.6,111.6952,111.54,111.6952,9715.0
2017-12-06 15:34:00,111.55,111.59,111.55,111.59,300.0
2017-12-06 15:35:00,111.52,111.55,111.52,111.55,800.0
2017-12-06 15:36:00,111.56,111.56,111.5,111.51,3027.0
2017-12-06 15:37:00,111.545,111.55,111.54,111.55,400.0
2017-12-06 15:38:00,111.59,111.61,111.56,111.57,1250.0
2017-12-06 15:39:00,111.55,111.61,111.55,111.61,5064.0
2017-12-06 15:40:00,111.53,111.59,111.49,111.58,1900.0
2017-12-06 15:41:00,111.56,111.56,111.51,111.52,2937.0
2017-12-06 15:42:00,111.54,111.57,111.52,111.57,803.0
2017-12-06 15:43:00,111.51,111.52,111.5075,111.52,2100.0
2017-12-06 15:44:00,111.5,111.54,111.5,111.51,2600.0
2017-12-06 15:45:00,111.49,111.52,111.47,111.5,6016.0
2017-12-06 15:46:00,111.58,111.58,111.49,111.49,1602.0
2017-12-06 15:47:00,111.58,111.58,111.56,111.56,618.0
2017-12-06 15:48:00,111.57,111.58,111.54,111.58,1815.0
2017-12-06 15:49:00,111.48,111.57,111.48,111.57,2303.0
2017-12-06 15:50:00,111.42,111.49,111.42,111.49,5281.0
2017-12-06 15:51:00,111.4,111.44,111.39,111.39,3660.0
2017-12-06 15:52:00,111.39,111.39,111.36,111.39,2800.0
2017-12-06 15:53:00,111.38,111.4,111.38,111.38,1400.0
2017-12-06 15:54:00,111.46,111.46,111.39,111.4,4550.0
2017-12-06 15:55:00,111.525,111.525,111.45,111.465,4902.0
2017-12-06 15:56:00,111.48,111.55,111.48,111.55,2101.0
2017-12-06 15:57:00,111.44,111.5,111.44,111.49,7531.0
2017-12-06 15:58:00,111.4,111.42,111.38,111.42,6045.0
2017-12-06 15:59:00,111.41,111.45,111.33,111.4,6060.0
2017-12-06 16:00:00,111.42,111.45,111.39,111.435,7634.0
2017-12-07 09:30:00,110.99,110.99,110.99,110.99,3340.0
2017-12-07 09:31:00,111.3,111.3,111.3,111.3,100.0
2017-12-07 09:34:00,111.185,111.2489,111.185,111.2489,400.0
2017-12-07 09:35:00,110.97,111.09,110.88,111.09,2249.0
2017-12-07 09:36:00,110.84,110.89,110.84,110.89,500.0
2017-12-07 09:37:00,110.75,110.995,110.75,110.86,4400.0
2017-12-07 09:38:00,110.85,110.85,110.74,110.83,5165.0
2017-12-07 09:39:00,110.84,110.84,110.79,110.79,300.0
2017-12-07 09:40:00,110.95,110.95,110.815,110.84,4275.0
2017-12-07 09:41:00,110.905,110.95,110.86,110.95,2400.0
2017-12-07 09:42:00,110.79,110.86,110.79,110.86,1100.0
2017-12-07 09:43:00,110.79,110.79,110.79,110.79,100.0
2017-12-07 09:44:00,110.95,110.95,110.94,110.94,200.0
2017-12-07 09:45:00,110.8,110.87,110.79,110.82,1700.0
2017-12-07 09:46:00,110.85,110.94,110.84,110.85,800.0
2017-12-07 09:47:00,110.85,110.96,110.78,110.85,6019.0
2017-12-07 09:48:00,111.0,111.04,110.89,110.95,7114.0
2017-12-07 09:49:00,111.0,111.0,110.94,110.94,1300.0
2017-12-07 09:50:00,110.85,111.0,110.81,111.0,3293.0
2017-12-07 09:51:00,110.9,110.9542,110.9,110.9542,1377.0
2017-12-07 09:52:00,110.86,110.86,110.86,110.86,100.0
2017-12-07 09:54:00,110.975,111.0,110.87,110.87,900.0
2017-12-07 09:55:00,111.0,111.0,110.8874,111.0,6956.0
2017-12-07 09:56:00,110.94,111.02,110.79,110.99,24052.0
2017-12-07 09:57:00,111.0,111.01,110.95,110.95,10370.0
2017-12-07 09:58:00,111.0525,111.07,110.9,111.05,7500.0
2017-12-07 09:59:00,111.0,111.15,110.97,111.05,9229.0
2017-12-07 10:00:00,111.25,111.35,110.95,110.99,54614.0
2017-12-07 10:01:00,111.1401,111.37,111.1401,111.24,16521.0
2017-12-07 10:02:00,111.13,111.15,111.1,111.15,800.0
2017-12-07 10:03:00,111.125,111.15,111.115,111.115,500.0
2017-12-07 10:04:00,110.9495,111.1,110.94,111.1,2500.0
2017-12-07 10:05:00,110.9382,110.945,110.91,110.91,1000.0
2017-12-07 10:06:00,111.16,111.16,110.94,110.94,3082.0
2017-12-07 10:07:00,111.23,111.285,111.22,111.24,4329.0
2017-12-07 10:08:00,111.1,111.2195,111.06,111.2,1700.0
2017-12-07 10:09:00,111.2,111.2,111.08,111.12,4300.0
2017-12-07 10:10:00,111.15,111.2,111.075,111.2,5300.0
2017-12-07 10:11:00,111.21,111.291,111.16,111.23,10281.0
2017-12-07 10:12:00,111.24,111.24,111.12100000000001,111.2,1700.0
2017-12-07 10:13:00,111.05,111.25,111.05,111.22,11407.0
2017-12-07 10:14:00,111.0601,111.08,111.06,111.06,800.0
2017-12-07 10:15:00,111.01,111.15,111.0,111.15,4423.0
2017-12-07 10:16:00,111.09,111.13,111.0,111.0,4506.0
2017-12-07 10:17:00,110.97,111.1,110.97,111.09,2557.0
2017-12-07 10:18:00,111.01,111.09,110.96,110.98,4700.0
2017-12-07 10:19:00,110.96,111.02,110.93,111.0,3800.0
2017-12-07 10:20:00,110.84,110.89,110.84,110.89,500.0
2017-12-07 10:21:00,110.81,110.81,110.75,110.755,900.0
2017-12-07 10:22:00,110.88,110.88,110.88,110.88,100.0
2017-12-07 10:23:00,111.0,111.0,111.0,111.0,267.0
2017-12-07 10:24:00,110.8,110.8,110.8,110.8,100.0
2017-12-07 10:25:00,110.88,110.88,110.87,110.87,1291.0
2017-12-07 10:26:00,110.88,110.88,110.88,110.88,200.0
2017-12-07 10:27:00,110.8,110.86,110.8,110.86,400.0
2017-12-07 10:28:00,110.8,110.82,110.8,110.82,400.0
2017-12-07 10:29:00,110.785,110.785,110.78,110.78,200.0
2017-12-07 10:30:00,110.75,110.75,110.75,110.75,130.0
2017-12-07 10:31:00,110.7,110.7,110.7,110.7,500.0
2017-12-07 10:32:00,110.75,110.75,110.75,110.75,2269.0
2017-12-07 10:33:00,110.69,110.74,110.69,110.74,800.0
2017-12-07 10:34:00,110.66,110.69,110.66,110.69,500.0
2017-12-07 12:02:00,111.57,111.76,111.515,111.76,3597.0
2017-12-07 12:03:00,111.69,111.7204,111.64,111.64,3500.0
2017-12-07 12:04:00,111.59,111.66,111.51,111.64,4407.0
2017-12-07 12:05:00,111.5,111.5247,111.46,111.5247,2166.0
2017-12-07 12:06:00,111.46,111.46,111.41,111.41,900.0
2017-12-07 12:07:00,111.46,111.46,111.46,111.46,100.0
2017-12-07 12:08:00,111.5,111.54,111.445,111.48,2185.0
2017-12-07 12:09:00,111.43,111.52,111.37,111.52,4000.0
2017-12-07 12:10:00,111.399,111.448,111.34,111.41,3346.0
2017-12-07 12:11:00,111.58,111.601,111.39,111.39,6841.0
2017-12-07 12:12:00,111.69,111.83,111.62,111.73,4755.0
2017-12-07 12:13:00,111.75,111.845,111.7,111.7,5972.0
2017-12-07 12:14:00,111.88,111.93,111.76,111.76,4700.0
2017-12-07 12:15:00,111.81,111.8795,111.77,111.87,6422.0
2017-12-07 12:16:00,111.84,112.01,111.8,111.88,3700.0
2017-12-07 12:17:00,111.99,111.99,111.81,111.84,1902.0
2017-12-07 12:18:00,111.96,112.015,111.89,111.95,5865.0
2017-12-07 12:19:00,111.79,111.95,111.79,111.94,3902.0
2017-12-07 12:20:00,111.9,111.92,111.78,111.78,4314.0
2017-12-07 12:21:00,111.85,111.95,111.84,111.91,5150.0
2017-12-07 12:22:00,111.99,112.0,111.84,111.84,4200.0
2017-12-07 12:23:00,111.93,111.98,111.845,111.95,6404.0
2017-12-07 12:24:00,111.94,112.0,111.885,111.885,3500.0
2017-12-07 12:25:00,111.8,111.99,111.78,111.93,8168.0
2017-12-07 12:26:00,111.85,111.88,111.85,111.88,500.0
2017-12-07 12:27:00,111.86,111.865,111.78,111.865,5282.0
2017-12-07 12:28:00,111.85,111.9,111.84,111.84,1673.0
2017-12-07 12:29:00,111.7895,111.84,111.78,111.84,600.0
2017-12-07 12:30:00,111.77,111.83,111.69,111.83,2701.0
2017-12-07 12:31:00,111.74,111.81,111.74,111.78,1100.0
2017-12-07 12:32:00,111.78,111.78,111.72,111.74,2716.0
2017-12-07 12:33:00,111.7,111.8,111.665,111.76,4869.0
2017-12-07 12:34:00,111.705,111.801,111.7,111.78,3611.0
2017-12-07 12:35:00,111.71,111.8,111.69,111.78,2300.0
2017-12-07 12:36:00,111.7105,111.78,111.69,111.69,5300.0
2017-12-07 12:37:00,111.72,111.75,111.72,111.73,3000.0
2017-12-07 12:38:00,111.74,111.77,111.69,111.74,5769.0
2017-12-07 12:39:00,111.71,111.75,111.68,111.74,7163.0
2017-12-07 12:40:00,111.75,111.75,111.62,111.71,2200.0
2017-12-07 12:41:00,111.79,111.845,111.74,111.75,5023.0
2017-12-07 12:42:00,111.79,111.82,111.72,111.82,3379.0
2017-12-07 12:43:00,111.84,111.84,111.79,111.79,1342.0
2017-12-07 12:44:00,111.79,111.9,111.79,111.86,2214.0
2017-12-07 12:45:00,111.9,111.96,111.82,111.82,1439.0
2017-12-07 12:46:00,111.92,111.92,111.88,111.91,3400.0
2017-12-07 12:47:00,111.98,111.98,111.92,111.92,3308.0
2017-12-07 12:48:00,111.96,112.0,111.91,112.0,3100.0
2017-12-07 12:49:00,111.96,112.03,111.95,112.03,1200.0
2017-12-07 12:50:00,111.94,111.975,111.94,111.975,502.0
2017-12-07 12:51:00,111.88,111.95,111.88,111.95,1958.0
2017-12-07 12:52:00,111.915,111.96,111.85,111.85,3607.0
2017-12-07 12:53:00,111.89,111.91,111.84,111.91,2500.0
2017-12-07 12:54:00,111.84,111.87,111.81,111.87,2036.0
2017-12-07 12:55:00,111.86,111.875,111.82,111.82,2100.0
2017-12-07 12:56:00,111.84,111.85,111.84,111.85,201.0
2017-12-07 12:57:00,111.76,111.76,111.76,111.76,100.0
2017-12-07 12:58:00,111.8,111.8,111.79,111.79,201.0
2017-12-07 12:59:00,111.92,111.92,111.83,111.89,1879.0
2017-12-07 13:00:00,111.89,111.945,111.84,111.845,5491.0
2017-12-07 13:01:00,111.98,112.05,111.875,111.875,1495.0
2017-12-07 13:02:00,112.01,112.05,111.915,111.94,3833.0
2017-12-07 13:03:00,111.965,112.05,111.965,112.0,1900.0
2017-12-07 13:04:00,111.92,111.96,111.9,111.96,1114.0
2017-12-07 13:05:00,111.92,111.96,111.92,111.96,1600.0
2017-12-07 13:06:00,111.89,111.94,111.87,111.94,1300.0
2017-12-07 13:07:00,111.95,111.95,111.87,111.87,1100.0
2017-12-08 09:30:00,112.37,112.37,112.36,112.36,3658.0
2017-12-08 09:31:00,112.23,112.2926,112.23,112.2926,400.0
2017-12-08 09:32:00,112.22,112.22,111.98,112.21,1800.0
2017-12-08 09:33:00,112.46,112.49,112.13,112.13,2100.0
2017-12-08 09:34:00,112.67,112.67,112.59,112.59,550.0
2017-12-08 09:35:00,112.69,112.74,112.67,112.73,700.0
2017-12-08 09:36:00,112.33,112.63,112.33,112.63,400.0
2017-12-08 09:37:00,112.38,112.38,112.35,112.36,300.0
2017-12-08 09:38:00,112.32,112.37,112.32,112.37,600.0
2017-12-08 09:40:00,112.09,112.16,112.09,112.12,800.0
2017-12-08 09:41:00,111.885,111.885,111.87,111.885,300.0
2017-12-08 09:42:00,112.1,112.1,111.97,112.07,800.0
2017-12-08 09:44:00,111.93,112.025,111.93,112.025,1100.0
2017-12-08 09:45:00,111.92,111.97,111.92,111.95,1200.0
2017-12-08 09:46:00,111.85,111.89,111.7,111.89,1000.0
2017-12-08 09:48:00,111.8501,111.9428,111.85,111.88,2918.0
2017-12-08 09:49:00,111.64,111.85,111.64,111.85,1493.0
2017-12-08 09:50:00,111.82,111.85,111.725,111.725,1700.0
2017-12-08 09:51:00,111.87,111.87,111.87,111.87,601.0
2017-12-08 09:52:00,111.985,112.04,111.92,111.92,1100.0
2017-12-08 09:53:00,112.19,112.19,112.05,112.05,400.0
2017-12-08 09:54:00,112.23,112.23,112.2,112.21,500.0
2017-12-08 09:55:00,112.17,112.27,112.0901,112.135,7550.0
2017-12-08 09:56:00,112.23,112.31,112.1,112.21,5500.0
2017-12-08 09:57:00,112.26,112.26,112.24,112.24,500.0
2017-12-08 09:58:00,112.3,112.35,112.29,112.32,1300.0
2017-12-08 09:59:00,112.34,112.34,112.34,112.34,100.0
2017-12-08 10:00:00,112.235,112.285,112.19,112.26,1600.0
2017-12-08 10:01:00,112.33,112.33,112.14,112.22,2350.0
2017-12-08 10:02:00,112.17,112.235,112.08,112.17,2000.0
2017-12-08 10:04:00,112.32,112.32,112.08,112.12,6427.0
2017-12-08 10:05:00,112.22,112.33,112.2,112.28,3800.0
2017-12-08 10:06:00,112.24,112.24,112.24,112.24,100.0
2017-12-08 10:07:00,112.26,112.26,112.26,112.26,100.0
2017-12-08 10:08:00,112.27,112.27,112.26,112.26,575.0
2017-12-08 10:09:00,112.33,112.33,112.26,112.31,3300.0
2017-12-08 10:10:00,112.29,112.34,112.265,112.32,1800.0
2017-12-08 10:12:00,112.11,112.34,112.11,112.34,2800.0
2017-12-08 10:13:00,112.02,112.04,112.02,112.04,200.0
2017-12-08 10:14:00,111.975,112.01,111.925,111.96,4800.0
2017-12-08 10:15:00,111.85,111.97,111.79,111.97,4277.0
2017-12-08 10:16:00,111.82,111.82,111.82,111.82,100.0
2017-12-08 10:17:00,111.88,111.91,111.88,111.89,400.0
2017-12-08 10:18:00,111.98,111.98,111.93,111.96,1100.0
2017-12-08 10:19:00,111.79,112.01,111.79,111.98,5604.0
2017-12-08 10:20:00,111.88,111.91,111.85,111.85,1600.0
2017-12-08 10:21:00,111.83,111.915,111.83,111.915,1800.0
2017-12-08 10:24:00,111.94,111.94,111.9,111.905,1200.0
2017-12-08 10:25:00,111.95,112.0,111.95,111.985,1523.0
2017-12-08 10:26:00,111.97,112.0,111.97,111.97,2350.0
2017-12-08 10:27:00,111.76,111.98,111.76,111.98,3300.0
2017-12-08 10:28:00,111.72,111.73,111.72,111.73,500.0
2017-12-08 10:29:00,111.7,111.73,111.7,111.72,2130.0
2017-12-08 10:30:00,111.94,111.94,111.7591,111.7591,1603.0
2017-12-08 10:31:00,111.93,111.99,111.91,111.985,1260.0
2017-12-08 10:32:00,111.82,112.0,111.82,111.96,5127.0
2017-12-08 10:33:00,111.79,111.82,111.75,111.82,1100.0
2017-12-08 10:34:00,111.7601,111.81,111.7601,111.77,1000.0
2017-12-08 10:35:00,111.8,111.8,111.76,111.76,200.0
2017-12-08 10:36:00,111.89,111.89,111.78,111.81,1200.0
2017-12-08 10:37:00,111.97,111.97,111.97,111.97,200.0
2017-12-08 10:38:00,111.99,112.02,111.96,111.97,1500.0
2017-12-08 10:39:00,111.99,111.99,111.99,111.99,200.0
2017-12-08 10:40:00,111.96,112.01,111.96,112.01,400.0
2017-12-08 10:41:00,111.98,112.01,111.9101,112.01,2704.0
2017-12-08 10:42:00,111.89,111.99,111.89,111.98,1816.0
2017-12-08 10:43:00,111.965,111.99,111.895,111.895,2900.0
2017-12-08 10:44:00,111.93,111.99,111.93,111.959,5186.0
2017-12-08 10:45:00,111.89,111.96,111.89,111.96,400.0
2017-12-08 10:46:00,111.88,111.98,111.86,111.91,5320.0
2017-12-08 10:47:00,111.93,111.99,111.93,111.99,704.0
2017-12-08 10:48:00,111.93,111.97,111.89,111.96,3000.0
2017-12-08 10:49:00,111.945,111.945,111.9,111.9,1200.0
2017-12-08 10:50:00,111.91,111.95,111.91,111.9428,967.0
2017-12-08 10:51:00,111.88,111.955,111.88,111.955,1300.0
2017-12-08 10:52:00,111.82,111.87,111.82,111.87,800.0
2017-12-08 10:53:00,111.8405,111.85,111.8405,111.85,300.0
2017-12-08 10:54:00,111.98,111.98,111.82,111.82,1500.0
2017-12-08 10:55:00,111.96,112.01,111.95,111.99,4520.0
2017-12-08 10:56:00,112.0,112.02,111.95,111.985,700.0
2017-12-08 10:57:00,111.91,112.005,111.8701,112.005,1100.0
2017-12-08 10:58:00,111.9,111.9,111.86,111.8845,1400.0
2017-12-08 10:59:00,111.86,112.03,111.84,111.92,3800.0
2017-12-08 11:00:00,111.96,111.98,111.92,111.96,1100.0
2017-12-08 11:01:00,111.94,112.0,111.94,111.96,400.0
2017-12-08 11:02:00,111.95,111.95,111.95,111.95,100.0
2017-12-08 11:03:00,111.89,111.95,111.89,111.92,1000.0
2017-12-08 11:04:00,111.88,111.88,111.88,111.88,300.0
2017-12-08 11:05:00,111.92399999999999,111.92399999999999,111.83,111.83,1500.0
2017-12-08 11:06:00,111.92,111.92,111.92,111.92,100.0
2017-12-08 11:08:00,111.92,111.96,111.89,111.935,5738.0
2017-12-08 11:10:00,111.92,111.92,111.92,111.92,100.0
2017-12-08 11:12:00,111.83,111.935,111.83,111.935,2450.0
2017-12-08 11:13:00,111.88,111.89,111.85,111.88,3418.0
2017-12-08 11:14:00,111.91,111.911,111.8801,111.89,1048.0
2017-12-08 11:15:00,111.78,111.92,111.78,111.92,3400.0
2017-12-08 11:16:00,111.745,111.77,111.74,111.77,812.0
2017-12-08 11:17:00,111.795,111.8,111.745,111.77,2500.0
2017-12-08 11:18:00,111.665,111.765,111.665,111.74,1800.0
2017-12-08 11:19:00,111.72,111.72,111.66,111.66,700.0
2017-12-08 11:20:00,111.755,111.755,111.74,111.74,400.0
2017-12-08 11:21:00,111.8,111.8,111.79,111.79,300.0
2017-12-08 11:22:00,111.72,111.8,111.72,111.79,1124.0
2017-12-08 11:23:00,111.85,111.89,111.76,111.77,1905.0
2017-12-08 11:24:00,111.85,111.85,111.85,111.85,100.0
2017-12-08 11:25:00,111.9,111.91,111.9,111.9,400.0
2017-12-08 11:26:00,111.76,111.885,111.75,111.86,3647.0
2017-12-08 11:27:00,111.7501,111.78,111.745,111.78,1700.0
2017-12-08 11:28:00,111.74,111.78,111.71,111.75,2000.0
2017-12-08 11:30:00,111.775,111.8,111.755,111.755,2900.0
2017-12-08 11:31:00,111.68,111.83,111.67,111.81,2902.0
2017-12-08 11:33:00,111.71,111.71,111.65,111.68,800.0
2017-12-08 11:34:00,111.765,111.8,111.75,111.75,700.0
2017-12-08 11:35:00,111.7,111.765,111.7,111.765,1400.0
2017-12-08 11:37:00,111.6992,111.6992,111.695,111.695,200.0
2017-12-08 11:38:00,111.925,111.95,111.73,111.73,1000.0
2017-12-08 11:39:00,111.95,111.95,111.95,111.95,300.0
2017-12-08 11:40:00,112.05,112.06,111.95,112.01,800.0
2017-12-08 11:41:00,112.06,112.06,112.06,112.06,100.0
2017-12-08 11:42:00,112.15,112.15,112.07,112.1,500.0
2017-12-08 11:43:00,112.22,112.3,112.11,112.12,4809.0
2017-12-08 11:44:00,112.17,112.265,112.17,112.265,3607.0
2017-12-08 11:45:00,112.25,112.25,112.2,112.2,700.0
2017-12-08 11:46:00,112.21,112.24,112.19,112.19,400.0
2017-12-08 11:47:00,112.2001,112.28,112.2001,112.28,1300.0
2017-12-08 11:48:00,112.215,112.215,112.2,112.2,700.0
2017-12-08 11:49:00,112.15,112.2501,112.15,112.24,6992.0
2017-12-08 11:50:00,112.175,112.175,112.175,112.175,200.0
2017-12-08 11:51:00,112.2,112.2,112.1,112.175,6491.0
2017-12-08 11:52:00,112.15,112.2,112.15,112.2,1100.0
2017-12-08 11:53:00,112.16,112.17,112.16,112.17,500.0
2017-12-08 11:54:00,112.2,112.2,112.175,112.175,1552.0
2017-12-08 11:55:00,112.18,112.215,112.18,112.215,1289.0
2017-12-08 11:56:00,112.15,112.16,112.15,112.16,400.0
2017-12-08 11:57:00,112.2,112.2,112.165,112.19,2300.0
2017-12-08 11:58:00,112.09,112.16,112.08,112.16,3100.0
2017-12-08 11:59:00,112.07,112.105,112.0675,112.1,5699.0
2017-12-08 12:00:00,112.04,112.065,112.04,112.065,600.0
2017-12-08 12:02:00,112.07,112.07,112.035,112.06,700.0
2017-12-08 12:03:00,112.065,112.08,112.065,112.07,500.0
2017-12-08 12:04:00,112.1,112.1,112.08,112.08,800.0
2017-12-08 12:05:00,112.04,112.1,112.03,112.09,4170.0
2017-12-08 12:06:00,112.08,112.08,112.05,112.05,700.0
2017-12-08 12:07:00,112.1,112.1,112.1,112.1,100.0
2017-12-08 12:09:00,112.135,112.135,112.1,112.1,2000.0
2017-12-08 12:10:00,112.17,112.17,112.17,112.17,200.0
2017-12-08 12:11:00,112.05,112.17,112.05,112.15,4301.0
2017-12-08 12:12:00,111.99,112.02,111.99,112.02,300.0
2017-12-08 12:14:00,112.02,112.02,111.99,111.99,200.0
2017-12-08 12:15:00,112.1,112.1,112.04,112.04,500.0
2017-12-08 12:16:00,112.22,112.22,112.1,112.1,400.0
2017-12-08 12:17:00,112.15,112.2,112.14,112.2,1900.0
2017-12-08 12:18:00,112.07,112.15,112.0,112.15,1700.0
2017-12-08 12:20:00,112.12,112.12,112.12,112.12,500.0
2017-12-08 12:21:00,112.135,112.135,112.135,112.135,100.0
2017-12-08 12:22:00,112.09,112.135,112.09,112.12,940.0
2017-12-08 12:25:00,112.145,112.15,112.12,112.12,1271.0
2017-12-08 12:26:00,112.15,112.15,112.12,112.15,2300.0
2017-12-08 12:27:00,112.03,112.13,112.03,112.13,800.0
2017-12-08 12:29:00,112.046,112.05,112.04,112.04,450.0
2017-12-08 12:30:00,112.1,112.1495,112.08,112.1,1300.0
2017-12-08 12:31:00,112.1399,112.1399,112.046,112.065,723.0
2017-12-08 12:32:00,112.11,112.11,112.05,112.05,500.0
2017-12-08 12:33:00,112.05,112.12,112.05,112.1,1600.0
2017-12-08 12:34:00,112.05,112.08,112.03,112.03,800.0
2017-12-08 12:36:00,112.0701,112.12,112.0701,112.09,9439.0
2017-12-08 12:37:00,112.045,112.08,112.03,112.08,2191.0
2017-12-08 12:38:00,111.96,112.05,111.96,112.03,3674.0
2017-12-08 12:39:00,111.99,112.035,111.96,111.96,1400.0
2017-12-08 12:40:00,111.99,111.99,111.98,111.98,200.0
2017-12-08 12:41:00,111.99,112.015,111.99,111.99,700.0
2017-12-08 12:43:00,112.0,112.0,112.0,112.0,100.0
2017-12-08 12:44:00,111.9801,112.03,111.9801,112.02,3007.0
2017-12-08 12:45:00,112.0,112.0,111.98,111.98,400.0
2017-12-08 12:47:00,112.015,112.04,112.0,112.0,1300.0
2017-12-08 12:48:00,112.04,112.1,112.03,112.07,1800.0
2017-12-08 12:49:00,112.1,112.1,112.06,112.06,700.0
2017-12-08 12:50:00,112.1,112.1,112.1,112.1,100.0
2017-12-08 12:51:00,112.1,112.1,112.1,112.1,100.0
2017-12-08 12:52:00,112.09,112.1,112.08,112.1,2412.0
2017-12-08 12:53:00,112.07,112.09,112.07,112.09,1153.0
2017-12-08 12:55:00,112.14,112.14,112.09,112.09,747.0
2017-12-08 12:57:00,112.18,112.18,112.18,112.18,200.0
2017-12-08 12:58:00,112.115,112.155,112.115,112.13,900.0
2017-12-08 12:59:00,112.15,112.15,112.15,112.15,100.0
2017-12-08 13:00:00,112.1,112.1,112.1,112.1,100.0
2017-12-08 13:01:00,112.09,112.165,112.09,112.15,6165.0
2017-12-08 13:02:00,112.1318,112.1318,112.11,112.13,959.0
2017-12-08 13:05:00,112.15,112.15,112.12,112.15,2504.0
2017-12-08 13:06:00,112.13,112.15,112.13,112.15,1400.0
2017-12-08 13:07:00,112.09,112.2,112.09,112.17,6726.0
2017-12-08 13:09:00,112.1,112.14,112.09,112.14,1850.0
2017-12-08 13:11:00,112.09,112.18,112.09,112.13,3154.0
2017-12-08 13:14:00,112.13,112.145,112.13,112.145,200.0
2017-12-08 13:15:00,112.1301,112.18,112.13,112.16,1700.0
2017-12-08 13:17:00,112.12,112.12,112.11,112.11,680.0
2017-12-08 13:18:00,112.115,112.115,112.115,112.115,200.0
2017-12-08 13:19:00,112.14,112.14,112.14,112.14,100.0
2017-12-08 13:20:00,112.14,112.14,112.14,112.14,200.0
2017-12-08 13:21:00,112.18,112.18,112.18,112.18,200.0
2017-12-08 13:22:00,112.235,112.2414,112.235,112.2414,250.0
2017-12-08 13:23:00,112.3,112.3,112.21,112.22,1700.0
2017-12-08 13:24:00,112.325,112.325,112.31,112.32,300.0
2017-12-08 13:25:00,112.325,112.325,112.325,112.325,100.0
2017-12-08 13:26:00,112.34,112.34,112.325,112.325,200.0
2017-12-08 13:28:00,112.35,112.35,112.35,112.35,200.0
2017-12-08 13:29:00,112.36,112.36,112.35,112.35,700.0
2017-12-08 13:30:00,112.355,112.355,112.355,112.355,100.0
2017-12-08 13:31:00,112.39,112.39,112.38,112.38,400.0
2017-12-08 13:32:00,112.44,112.44,112.44,112.44,200.0
2017-12-08 13:34:00,112.34,112.415,112.34,112.415,2300.0
2017-12-08 13:35:00,112.33,112.33,112.33,112.33,200.0
2017-12-08 13:36:00,112.3,112.3,112.3,112.3,100.0
2017-12-08 13:37:00,112.3,112.3,112.3,112.3,100.0
2017-12-08 13:38:00,112.29,112.35,112.29,112.34,900.0
2017-12-08 13:39:00,112.33,112.33,112.31,112.31,1200.0
2017-12-08 13:40:00,112.27,112.32,112.27,112.32,2100.0
2017-12-08 13:42:00,112.34,112.34,112.31,112.31,300.0
2017-12-08 13:43:00,112.3,112.335,112.3,112.335,1400.0
2017-12-08 13:45:00,112.33,112.33,112.33,112.33,100.0
2017-12-08 13:46:00,112.33,112.355,112.33,112.34,1200.0
2017-12-08 13:47:00,112.335,112.335,112.335,112.335,100.0
2017-12-08 13:49:00,112.36,112.36,112.36,112.36,100.0
2017-12-08 13:50:00,112.335,112.345,112.3,112.345,1790.0
2017-12-08 13:51:00,112.31,112.31,112.28,112.3,1400.0
2017-12-08 13:52:00,112.32,112.34,112.32,112.34,200.0
2017-12-08 13:53:00,112.3001,112.32,112.3001,112.32,300.0
2017-12-08 13:54:00,112.3,112.32,112.29,112.32,979.0
2017-12-08 13:56:00,112.2,112.29,112.09,112.29,5150.0
2017-12-08 13:58:00,112.23,112.23,112.23,112.23,100.0
2017-12-08 13:59:00,112.23,112.23,112.23,112.23,100.0
2017-12-08 14:00:00,112.28,112.28,112.26,112.26,300.0
2017-12-08 14:01:00,112.24,112.29,112.24,112.29,618.0
2017-12-08 14:02:00,112.25,112.25,112.25,112.25,200.0
2017-12-08 14:03:00,112.24,112.27,112.24,112.26,864.0
2017-12-08 14:04:00,112.28,112.28,112.28,112.28,200.0
2017-12-08 14:05:00,112.33,112.36,112.31,112.31,783.0
2017-12-08 14:06:00,112.33,112.39,112.33,112.39,961.0
2017-12-08 14:07:00,112.31,112.31,112.31,112.31,100.0
2017-12-08 14:08:00,112.24,112.28,112.24,112.28,500.0
2017-12-08 14:09:00,112.23,112.23,112.23,112.23,300.0
2017-12-08 14:10:00,112.24,112.24,112.24,112.24,500.0
2017-12-08 14:11:00,112.17,112.27,112.17,112.25,1318.0
2017-12-08 14:12:00,112.2,112.2,112.17,112.17,300.0
2017-12-08 14:13:00,112.23,112.23,112.17,112.17,900.0
2017-12-08 14:14:00,112.23,112.27,112.23,112.27,800.0
2017-12-08 14:15:00,112.21,112.23,112.21,112.23,200.0
2017-12-08 14:16:00,112.2899,112.2899,112.22,112.25,891.0
2017-12-08 14:18:00,112.22,112.27,112.22,112.25,555.0
2017-12-08 14:19:00,112.18,112.245,112.17,112.22,7300.0
2017-12-08 14:20:00,112.18,112.19,112.18,112.18,400.0
2017-12-08 14:21:00,112.23,112.26,112.23,112.26,300.0
2017-12-08 14:22:00,112.2,112.23,112.2,112.23,700.0
2017-12-08 14:23:00,112.24,112.24,112.22,112.22,600.0
2017-12-08 14:24:00,112.23,112.23,112.23,112.23,200.0
2017-12-08 14:25:00,112.165,112.22,112.16,112.22,1200.0
2017-12-08 14:26:00,112.18,112.19,112.18,112.18,500.0
2017-12-08 14:27:00,112.18,112.2,112.17,112.2,3097.0
2017-12-08 14:28:00,112.04,112.17,112.04,112.17,3350.0
2017-12-08 14:29:00,112.0801,112.12,112.0801,112.09,1300.0
2017-12-08 14:30:00,112.0,112.08,111.99,112.08,993.0
2017-12-08 14:31:00,112.025,112.025,112.025,112.025,100.0
2017-12-08 14:32:00,111.99,112.015,111.97,112.015,3100.0
2017-12-08 14:33:00,111.96,111.96,111.9564,111.9564,450.0
2017-12-08 14:34:00,111.84,111.93,111.84,111.93,2300.0
2017-12-08 14:36:00,111.89,111.89,111.89,111.89,125.0
2017-12-08 14:38:00,111.92,111.93,111.92,111.92,1553.0
2017-12-08 14:39:00,111.91,111.91,111.91,111.91,100.0
2017-12-08 14:40:00,112.0,112.02,111.97,111.97,2168.0
2017-12-08 14:41:00,111.985,111.99,111.97,111.99,1300.0
2017-12-08 14:42:00,111.95,111.985,111.92,111.98,3100.0
2017-12-08 14:43:00,111.94,112.0,111.91,111.96,3900.0
2017-12-08 14:44:00,111.9595,111.96,111.9301,111.96,1000.0
2017-12-08 14:46:00,111.94,111.95,111.93,111.93,300.0
2017-12-08 14:48:00,111.89,111.94,111.89,111.94,200.0
2017-12-08 14:49:00,111.935,111.95,111.925,111.94,785.0
2017-12-08 14:50:00,111.96,111.96,111.96,111.96,200.0
2017-12-08 14:51:00,111.89,111.94,111.89,111.94,1000.0
2017-12-08 14:52:00,111.96,111.96,111.93,111.93,814.0
2017-12-08 14:53:00,111.939,111.939,111.939,111.939,266.0
2017-12-08 14:54:00,111.93,111.945,111.89,111.92,1675.0
2017-12-08 14:57:00,111.92,111.92,111.92,111.92,100.0
2017-12-08 14:58:00,111.86,111.92,111.86,111.9,1700.0
2017-12-08 14:59:00,111.9,111.91,111.87,111.87,1422.0
2017-12-08 15:00:00,111.98,111.98,111.93,111.93,531.0
2017-12-08 15:01:00,111.99,112.01,111.97,111.98,2583.0
2017-12-08 15:02:00,111.965,111.965,111.96,111.96,500.0
2017-12-08 15:03:00,111.99,112.0,111.95,111.95,1800.0
2017-12-08 15:04:00,111.95,111.97,111.92,111.97,1236.0
2017-12-08 15:05:00,111.95,111.95,111.95,111.95,940.0
2017-12-08 15:06:00,111.87,111.94,111.87,111.94,1932.0
2017-12-08 15:07:00,111.89,111.91,111.88,111.88,600.0
2017-12-08 15:08:00,111.91,111.91,111.91,111.91,100.0
2017-12-08 15:09:00,111.9,111.92,111.88,111.92,700.0
2017-12-08 15:10:00,111.8801,111.91,111.88,111.9,2026.0
2017-12-08 15:11:00,111.88,111.88,111.88,111.88,100.0
2017-12-08 15:12:00,111.85,111.885,111.85,111.87,744.0
2017-12-08 15:13:00,111.91,111.91,111.86,111.865,1803.0
2017-12-08 15:14:00,111.92,111.94,111.9,111.9,3106.0
2017-12-08 15:15:00,111.87,111.925,111.85,111.92,2500.0
2017-12-08 15:17:00,111.85,111.85,111.85,111.85,100.0
2017-12-08 15:18:00,111.83,111.865,111.83,111.865,1400.0
2017-12-08 15:19:00,111.8,111.84,111.8,111.83,3090.0
2017-12-08 15:20:00,111.84,111.85,111.83,111.83,1092.0
2017-12-08 15:21:00,111.7999,111.86,111.78,111.85,3352.0
2017-12-08 15:22:00,111.8,111.83,111.77,111.79,2300.0
2017-12-08 15:23:00,111.79,111.84,111.79,111.82,3850.0
2017-12-08 15:24:00,111.8024,111.82,111.78,111.79,1537.0
2017-12-08 15:25:00,111.77,111.82,111.77,111.79,1300.0
2017-12-08 15:26:00,111.795,111.795,111.77,111.78,400.0
2017-12-08 15:27:00,111.74,111.8,111.74,111.78,1900.0
2017-12-08 15:28:00,111.76,111.77,111.74,111.7547,1106.0
2017-12-08 15:29:00,111.74,111.79,111.74,111.78,4832.0
2017-12-08 15:30:00,111.745,111.78,111.74,111.74,3200.0
2017-12-08 15:31:00,111.75,111.785,111.745,111.75,5390.0
2017-12-08 15:32:00,111.83,111.83,111.77,111.77,1655.0
2017-12-08 15:33:00,111.76,111.825,111.76,111.8,2614.0
2017-12-08 15:34:00,111.76,111.79,111.76,111.79,480.0
2017-12-08 15:35:00,111.76,111.78,111.76,111.77,1100.0
2017-12-08 15:36:00,111.73,111.78,111.72,111.77,5700.0
2017-12-08 15:37:00,111.75,111.75,111.74,111.74,1300.0
2017-12-08 15:38:00,111.74,111.74,111.71,111.74,1989.0
2017-12-08 15:39:00,111.76,111.76,111.745,111.745,400.0
2017-12-08 15:40:00,111.67,111.745,111.67,111.74,2800.0
2017-12-08 15:41:00,111.66,111.68,111.61,111.68,5000.0
2017-12-08 15:42:00,111.66,111.68,111.64,111.68,700.0
2017-12-08 15:43:00,111.64,111.67,111.64,111.655,3080.0
2017-12-08 15:44:00,111.66,111.67,111.65,111.65,2448.0
2017-12-08 15:45:00,111.65,111.7,111.64,111.67,5121.0
2017-12-08 15:46:00,111.56,111.64,111.53,111.64,10659.0
2017-12-08 15:47:00,111.57,111.61,111.56,111.56,3300.0
2017-12-08 15:48:00,111.54,111.56,111.47,111.55,7710.0
2017-12-08 15:49:00,111.46,111.535,111.46,111.535,3177.0
2017-12-08 15:50:00,111.56,111.56,111.46,111.46,2356.0
2017-12-08 15:51:00,111.69,111.69,111.6,111.6,4800.0
2017-12-08 15:52:00,111.68,111.69,111.645,111.675,7607.0
2017-12-08 15:53:00,111.67,111.68,111.64,111.64,2300.0
2017-12-08 15:54:00,111.66,111.69,111.66,111.675,3223.0
2017-12-08 15:55:00,111.65,111.7,111.64,111.69,3710.0
2017-12-08 15:56:00,111.64,111.7,111.61,111.66,9385.0
2017-12-08 15:57:00,111.6201,111.64,111.6,111.63,7613.0
2017-12-08 15:58:00,111.64,111.64,111.5601,111.63,8222.0
2017-12-08 15:59:00,111.67,111.69,111.61,111.64,8025.0
2017-12-08 16:00:00,111.75,111.75,111.65,111.67,16010.0
2017-12-11 09:30:00,111.56,111.56,111.56,111.56,3004.0
2017-12-11 09:33:00,111.44,111.63,111.44,111.63,500.0
2017-12-11 09:34:00,111.08,111.805,111.08,111.47,800.0
2017-12-11 09:35:00,111.09,111.09,110.97,111.09,406.0
2017-12-11 09:36:00,110.79,110.79,110.79,110.79,200.0
2017-12-11 09:37:00,111.0,111.06,110.78,110.79,1900.0
2017-12-11 09:38:00,111.09,111.27,110.85,110.95,6023.0
2017-12-11 09:39:00,111.1014,111.1014,111.1,111.1,800.0
2017-12-11 09:42:00,111.07,111.09,111.0,111.08,1890.0
2017-12-11 09:43:00,111.02,111.0984,111.02,111.05,1720.0
2017-12-11 09:44:00,111.02,111.02,111.02,111.02,300.0
2017-12-11 09:45:00,111.06,111.14,110.99,111.065,2673.0
2017-12-11 09:46:00,111.09,111.12,110.99,111.055,400.0
2017-12-11 09:47:00,111.09,111.14,111.07,111.09,4226.0
2017-12-11 09:48:00,111.06,111.06,111.06,111.06,100.0
2017-12-11 09:49:00,110.96,111.03,110.96,111.03,600.0
2017-12-11 09:50:00,111.01,111.02,110.97,111.01,1500.0
2017-12-11 09:51:00,111.01,111.01,110.98,110.99,500.0
2017-12-11 09:52:00,110.94,111.09,110.91,111.07,6060.0
2017-12-11 09:53:00,110.91,111.05,110.91,110.96,7501.0
2017-12-11 09:54:00,110.96,110.97,110.88,110.96,3071.0
2017-12-11 09:55:00,111.0,111.02,110.93,110.93,600.0
2017-12-11 09:57:00,111.08,111.1,111.0,111.0,1400.0
2017-12-11 09:58:00,111.175,111.175,111.065,111.12,1300.0
2017-12-11 09:59:00,111.155,111.24,111.145,111.145,400.0
2017-12-11 10:00:00,111.16,111.26,111.15,111.24,5985.0
2017-12-11 10:01:00,111.2,111.21,111.14,111.18,14784.0
2017-12-11 10:02:00,111.1,111.21,111.02,111.21,6201.0
2017-12-11 10:03:00,111.16,111.16,111.16,111.16,400.0
2017-12-11 10:04:00,111.2,111.21,111.16,111.19,1400.0
2017-12-11 10:05:00,111.17,111.21,111.15,111.19,6351.0
2017-12-11 10:06:00,111.09,111.14,111.08,111.14,900.0
2017-12-11 10:07:00,111.0,111.09,111.0,111.09,700.0
2017-12-11 10:08:00,110.97,111.04,110.97,110.98,4120.0
2017-12-11 10:09:00,111.0,111.0,110.9505,110.96,2069.0
2017-12-11 10:10:00,111.02,111.02,110.985,111.0,2679.0
2017-12-11 10:11:00,110.97,111.02,110.96,111.005,2700.0
2017-12-11 10:13:00,111.0,111.0,110.98,110.98,1300.0
2017-12-11 10:15:00,111.07,111.07,111.03,111.03,600.0
2017-12-11 10:16:00,110.94,111.04,110.94,111.04,2000.0
2017-12-11 10:17:00,110.94,110.94,110.94,110.94,100.0
2017-12-11 10:19:00,110.9,110.9,110.9,110.9,100.0
2017-12-11 10:20:00,110.77,110.89,110.77,110.89,1500.0
2017-12-11 10:21:00,110.83,110.87,110.83,110.83,500.0
2017-12-11 10:22:00,111.0,111.0,110.86,110.86,1500.0
2017-12-11 10:23:00,110.89,110.98,110.78,110.98,1800.0
2017-12-11 10:24:00,110.91,110.91,110.91,110.91,100.0
2017-12-11 10:25:00,110.9285,110.9285,110.88,110.88,553.0
2017-12-11 10:27:00,111.005,111.005,110.97,110.97,3990.0
2017-12-11 10:28:00,111.068,111.068,110.9989,110.9989,3400.0
2017-12-11 10:29:00,110.93,111.07,110.93,111.055,1904.0
2017-12-11 10:30:00,110.9,110.9,110.9,110.9,200.0
2017-12-11 10:31:00,110.83,110.87,110.83,110.87,1300.0
2017-12-11 10:32:00,110.77,110.835,110.77,110.835,500.0
2017-12-11 10:33:00,110.7525,110.81,110.7525,110.81,600.0
2017-12-11 10:34:00,110.72,110.8,110.72,110.8,1750.0
2017-12-11 10:35:00,110.83,110.83,110.72,110.72,608.0
2017-12-11 10:36:00,110.71,110.7625,110.71,110.76,3900.0
2017-12-11 10:38:00,110.76,110.82,110.74,110.82,1000.0
2017-12-11 10:40:00,110.77,110.78,110.72,110.72,800.0
2017-12-11 10:41:00,110.74,110.77,110.73,110.77,1500.0
2017-12-11 10:42:00,110.76,110.76,110.76,110.76,100.0
2017-12-11 10:44:00,110.78,110.8,110.78,110.8,600.0
2017-12-11 10:45:00,110.84,110.84,110.84,110.84,100.0
2017-12-11 10:46:00,110.8841,110.9,110.8841,110.9,200.0
2017-12-11 10:47:00,110.96,110.97,110.9,110.9,1265.0
2017-12-11 10:48:00,110.98,111.0,110.95,110.98,1500.0
2017-12-11 10:49:00,110.95,111.0,110.95,111.0,3200.0
2017-12-11 10:50:00,110.93,110.96,110.93,110.94,3400.0
2017-12-11 10:51:00,110.96,110.98,110.93,110.96,10128.0
2017-12-11 10:52:00,111.03,111.05,110.96,110.9699,10636.0
2017-12-11 10:53:00,111.1,111.105,111.045,111.045,1400.0
2017-12-11 10:54:00,111.086,111.1,111.086,111.1,500.0
2017-12-11 10:56:00,111.095,111.095,111.095,111.095,200.0
2017-12-11 10:57:00,110.83,111.06,110.83,111.06,2811.0
2017-12-11 10:58:00,110.82,110.83,110.82,110.83,400.0
2017-12-11 11:01:00,110.88,110.9,110.87,110.87,921.0
2017-12-11 11:02:00,110.88,110.905,110.87,110.88,3350.0
2017-12-11 11:03:00,110.9,110.9,110.89,110.9,400.0
2017-12-11 11:04:00,110.96,110.96,110.91,110.91,1000.0
2017-12-11 11:05:00,111.0,111.0,110.93,110.965,38175.0
2017-12-11 11:06:00,110.96,111.0302,110.96,111.005,980.0
2017-12-11 11:09:00,111.01,111.02,111.0,111.0,1400.0
2017-12-11 11:10:00,111.1,111.1,110.99,110.99,13598.0
2017-12-11 11:11:00,111.09,111.16,111.09,111.1,6235.0
2017-12-11 11:12:00,111.07,111.07,111.07,111.07,100.0
2017-12-11 11:13:00,110.82,111.085,110.82,111.085,32648.0
2017-12-11 11:14:00,110.91,110.91,110.83,110.84,1300.0
2017-12-11 11:16:00,110.92,110.92,110.92,110.92,100.0
2017-12-11 11:17:00,111.01,111.06,110.94,110.94,7224.0
2017-12-11 11:18:00,110.95,111.01,110.95,111.01,2400.0
2017-12-11 11:19:00,110.94,110.97,110.94,110.94,400.0
2017-12-11 11:20:00,111.01,111.01,110.96,111.0,1500.0
2017-12-11 11:21:00,110.99,110.99,110.96,110.99,500.0
2017-12-11 11:22:00,111.0,111.0,111.0,111.0,100.0
2017-12-11 11:23:00,110.99,111.01,110.96,111.0,4000.0
2017-12-11 11:24:00,111.06,111.06,111.01,111.01,500.0
2017-12-11 11:25:00,111.065,111.1,111.04,111.1,4100.0
2017-12-11 11:26:00,111.04,111.1,111.04,111.08,3200.0
2017-12-11 11:28:00,110.9895,111.0845,110.98,111.08,4300.0
2017-12-11 11:29:00,111.01,111.01,110.96,110.96,2800.0
2017-12-11 11:30:00,111.07,111.095,111.06,111.06,4200.0
2017-12-11 11:31:00,110.99,111.06,110.89,111.06,6524.0
2017-12-11 11:32:00,111.02,111.03,111.01,111.02,2400.0
2017-12-11 11:33:00,111.04,111.07,111.015,111.02,2578.0
2017-12-11 11:34:00,111.02,111.02,110.97,110.97,1400.0
2017-12-11 11:35:00,111.02,111.05,111.02,111.02,1900.0
2017-12-11 11:36:00,111.02,111.02,111.02,111.02,300.0
2017-12-11 11:37:00,111.03,111.075,111.01,111.045,5400.0
2017-12-11 11:39:00,110.99,111.02,110.99,110.99,500.0
2017-12-11 11:41:00,110.95,110.9945,110.93,110.9945,1592.0
2017-12-11 11:42:00,110.935,110.95,110.9,110.9,700.0
2017-12-11 11:43:00,110.89,110.95,110.89,110.94,1760.0
2017-12-11 11:44:00,110.925,110.925,110.925,110.925,100.0
2017-12-11 11:49:00,110.75,110.92,110.75,110.92,3533.0
2017-12-11 11:52:00,110.84,110.84,110.84,110.84,100.0
2017-12-11 11:53:00,110.91,110.91,110.86,110.86,600.0
2017-12-11 11:54:00,110.93,110.93,110.93,110.93,300.0
2017-12-11 11:55:00,110.94,110.95,110.88,110.9,1400.0
2017-12-11 11:56:00,110.96,110.96,110.915,110.915,200.0
2017-12-11 11:58:00,110.91,110.91,110.91,110.91,133.0
2017-12-11 12:00:00,110.93,110.93,110.86,110.9,1761.0
2017-12-11 12:01:00,110.87,110.87,110.87,110.87,100.0
2017-12-11 12:05:00,110.94,110.94,110.93,110.93,300.0
2017-12-11 12:06:00,110.93,110.94,110.89,110.93,1604.0
2017-12-11 12:07:00,110.92,110.935,110.92,110.935,600.0
2017-12-11 12:08:00,110.93,110.94,110.93,110.94,400.0
2017-12-11 12:09:00,110.94,110.95,110.94,110.95,1020.0
2017-12-11 12:11:00,110.95,110.97,110.95,110.965,1500.0
2017-12-11 12:14:00,110.94,110.95,110.94,110.95,700.0
2017-12-11 12:17:00,110.92,110.95,110.92,110.95,1300.0
2017-12-11 12:18:00,110.94,110.94,110.92,110.92,2400.0
2017-12-11 12:20:00,110.98,110.98,110.98,110.98,100.0
2017-12-11 12:21:00,110.985,110.99,110.97,110.99,1900.0
2017-12-11 12:22:00,110.95,110.975,110.95,110.97,2700.0
2017-12-11 12:25:00,110.94,110.95,110.94,110.95,900.0
2017-12-11 12:26:00,110.94,110.94,110.94,110.94,200.0
2017-12-11 12:27:00,110.95,110.95,110.95,110.95,1600.0
2017-12-11 12:28:00,110.9,110.95,110.9,110.93,2340.0
2017-12-11 12:29:00,110.87,110.92,110.87,110.92,6133.0
2017-12-11 12:30:00,110.88,110.88,110.87,110.87,200.0
2017-12-11 12:31:00,110.91,110.92,110.9,110.92,2600.0
2017-12-11 12:32:00,110.83,110.9,110.83,110.9,3913.0
2017-12-11 12:33:00,110.82,110.85,110.82,110.83,1167.0
2017-12-11 12:34:00,110.84,110.84,110.79,110.81,1000.0
2017-12-11 12:35:00,110.79,110.85,110.79,110.84,1700.0
2017-12-11 12:36:00,110.81,110.84,110.79,110.79,600.0
2017-12-11 12:37:00,110.9,110.9,110.9,110.9,200.0
2017-12-11 12:39:00,110.91,110.915,110.87,110.915,700.0
2017-12-11 12:40:00,110.88,110.9,110.88,110.9,1010.0
2017-12-11 12:41:00,110.9,110.9,110.9,110.9,310.0
2017-12-11 12:42:00,110.88,110.93,110.88,110.9,2882.0
2017-12-11 12:43:00,110.88,110.88,110.88,110.88,400.0
2017-12-11 12:44:00,110.87,110.92,110.87,110.9,4062.0
2017-12-11 12:45:00,110.86,110.86,110.85,110.85,300.0
2017-12-11 12:46:00,110.9025,110.92,110.9,110.9,10305.0
2017-12-11 12:47:00,110.91,110.95,110.9,110.9,12640.0
2017-12-11 12:48:00,110.9,110.945,110.9,110.945,8120.0
2017-12-11 12:49:00,110.9,110.92,110.89,110.91,2987.0
2017-12-11 12:51:00,110.89,110.91,110.88,110.88,3840.0
2017-12-11 12:52:00,110.9,110.91,110.89,110.89,1100.0
2017-12-11 12:53:00,110.9,110.905,110.88,110.9,2806.0
2017-12-11 12:54:00,110.9,110.91,110.9,110.9,1900.0
2017-12-11 12:55:00,110.85,110.905,110.83,110.9,3157.0
2017-12-11 12:57:00,110.83,110.8306,110.82,110.8306,1843.0
2017-12-11 12:58:00,110.84,110.84,110.8,110.8,800.0
2017-12-11 12:59:00,110.865,110.89,110.86,110.87,1370.0
2017-12-11 13:00:00,110.89,110.9,110.89,110.89,1600.0
2017-12-11 13:01:00,110.88,110.925,110.88,110.9,4770.0
2017-12-11 13:03:00,110.9,110.9,110.9,110.9,336.0
2017-12-11 13:04:00,110.9,110.91,110.89,110.91,2227.0
2017-12-11 13:05:00,110.88,110.91,110.88,110.91,3972.0
2017-12-11 13:06:00,110.895,110.895,110.89,110.89,400.0
2017-12-11 13:07:00,110.88,110.9,110.88,110.895,800.0
2017-12-11 13:08:00,110.93,110.97,110.9,110.91,8947.0
2017-12-11 13:09:00,110.99,111.0,110.945,110.945,7814.0
2017-12-11 13:10:00,110.95,111.0975,110.95,110.99,13089.0
2017-12-11 13:11:00,110.96,110.99,110.95,110.99,1200.0
2017-12-11 13:12:00,110.9,110.95,110.9,110.95,2300.0
2017-12-11 13:13:00,110.89,110.91,110.885,110.9,2020.0
2017-12-11 13:14:00,110.85,110.9,110.85,110.895,2400.0
2017-12-11 13:15:00,110.8375,110.86,110.81,110.86,4600.0
2017-12-11 13:16:00,110.8,110.9,110.8,110.88,3700.0
2017-12-11 13:17:00,110.79,110.83,110.78,110.8,8711.0
2017-12-11 13:18:00,110.72,110.8199,110.72,110.78,4994.0
2017-12-11 13:19:00,110.84,110.84,110.72,110.75,5420.0
2017-12-11 13:20:00,110.835,110.87,110.82,110.84,2900.0
2017-12-11 13:21:00,110.83,110.83,110.825,110.83,500.0
2017-12-11 13:22:00,110.83,110.85,110.77,110.85,2100.0
2017-12-11 13:23:00,110.8,110.83,110.8,110.83,700.0
2017-12-11 13:24:00,110.81,110.81,110.81,110.81,500.0
2017-12-11 13:25:00,110.74,110.82,110.74,110.815,2100.0
2017-12-11 13:26:00,110.745,110.77,110.72,110.75,3600.0
2017-12-11 13:27:00,110.74,110.755,110.74,110.74,500.0
2017-12-11 13:28:00,110.68,110.75,110.64,110.72,2326.0
2017-12-11 13:29:00,110.68,110.71,110.6712,110.695,2200.0
2017-12-11 13:30:00,110.68,110.72,110.68,110.68,2369.0
2017-12-11 13:31:00,110.7,110.7,110.69,110.7,1159.0
2017-12-11 13:32:00,110.7495,110.7495,110.74,110.74,542.0
2017-12-11 13:33:00,110.9,110.9,110.75,110.75,1700.0
2017-12-11 13:34:00,110.88,110.88,110.8103,110.8103,1900.0
2017-12-11 13:35:00,110.97,110.97,110.855,110.855,1600.0
2017-12-11 13:36:00,110.86,110.96,110.86,110.96,2617.0
2017-12-11 13:37:00,110.8,110.855,110.8,110.855,2000.0
2017-12-11 13:38:00,110.8,110.81,110.79,110.8,900.0
2017-12-11 13:39:00,110.75,110.78,110.75,110.78,980.0
2017-12-11 13:40:00,110.77,110.77,110.75,110.75,300.0
2017-12-11 13:41:00,110.72,110.72,110.72,110.72,100.0
2017-12-11 13:42:00,110.76,110.76,110.73899999999999,110.73899999999999,547.0
2017-12-11 13:43:00,110.78,110.78,110.765,110.765,200.0
2017-12-11 13:44:00,110.8,110.8,110.785,110.8,500.0
2017-12-11 13:45:00,110.8303,110.84,110.82,110.82,2300.0
2017-12-11 13:46:00,110.88,110.88,110.85,110.85,600.0
2017-12-11 13:47:00,110.81,110.8495,110.79,110.84,2700.0
2017-12-11 13:48:00,110.86,110.86,110.81,110.81,600.0
2017-12-11 13:52:00,110.9,110.9,110.89,110.89,200.0
2017-12-11 13:53:00,110.9,110.9,110.9,110.9,300.0
2017-12-11 13:54:00,110.9,110.9,110.9,110.9,200.0
2017-12-11 13:55:00,110.9,110.9,110.9,110.9,700.0
2017-12-11 13:56:00,110.96,110.96,110.9521,110.96,562.0
2017-12-11 13:57:00,110.96,110.97,110.96,110.97,200.0
2017-12-11 13:58:00,110.9,110.95,110.89,110.9495,6043.0
2017-12-11 13:59:00,110.8745,110.895,110.81,110.89,3195.0
2017-12-11 14:00:00,110.87,110.94,110.87,110.87,2218.0
2017-12-11 14:01:00,110.91,110.915,110.865,110.865,2400.0
2017-12-11 14:02:00,110.9205,110.93,110.92,110.92,300.0
2017-12-11 14:03:00,110.81,110.94,110.81,110.92,4200.0
2017-12-11 14:04:00,110.88,110.88,110.84,110.84,2842.0
2017-12-11 14:05:00,110.89,110.89,110.87,110.87,2082.0
2017-12-11 14:06:00,110.88,110.88,110.88,110.88,100.0
2017-12-11 14:07:00,110.90799999999999,110.90799999999999,110.90799999999999,110.90799999999999,167.0
2017-12-11 14:08:00,110.91,110.92,110.89,110.92,1500.0
2017-12-11 14:10:00,110.913,110.93,110.9,110.92,1136.0
2017-12-11 14:12:00,110.87,110.9,110.87,110.9,2600.0
2017-12-11 14:13:00,110.83,110.86,110.82,110.86,1900.0
2017-12-11 14:14:00,110.79,110.85,110.79,110.85,3001.0
2017-12-11 14:15:00,110.75,110.75,110.75,110.75,100.0
2017-12-11 14:16:00,110.75,110.75,110.73,110.73,2600.0
2017-12-11 14:17:00,110.79,110.8,110.71,110.77,3171.0
2017-12-11 14:18:00,110.75,110.77,110.75,110.765,1400.0
2017-12-11 14:19:00,110.75,110.75,110.69,110.72,2200.0
2017-12-11 14:20:00,110.79,110.8,110.78,110.78,1500.0
2017-12-11 14:21:00,110.745,110.79,110.73,110.79,2705.0
2017-12-11 14:22:00,110.715,110.76,110.715,110.73,5104.0
2017-12-11 14:23:00,110.74,110.75,110.65,110.7,6918.0
2017-12-11 14:24:00,110.76,110.8,110.74,110.74,6913.0
2017-12-11 14:25:00,110.6999,110.76,110.69,110.76,2220.0
2017-12-11 14:26:00,110.72,110.75,110.7,110.7,5200.0
2017-12-11 14:27:00,110.74,110.75,110.73,110.73,1894.0
2017-12-11 14:28:00,110.7,110.76,110.66,110.76,1898.0
2017-12-11 14:29:00,110.63,110.69,110.63,110.69,2600.0
2017-12-11 14:30:00,110.57,110.62,110.57,110.62,1072.0
2017-12-11 14:31:00,110.6,110.6,110.6,110.6,200.0
2017-12-11 14:32:00,110.605,110.64,110.58,110.62,4290.0
2017-12-11 14:33:00,110.51,110.59,110.471,110.59,4638.0
2017-12-11 14:34:00,110.57,110.57,110.43,110.52,5583.0
2017-12-11 14:35:00,110.542,110.57,110.5305,110.57,1800.0
2017-12-11 14:36:00,110.55,110.58,110.55,110.55,1100.0
2017-12-11 14:37:00,110.5486,110.5486,110.5201,110.5201,1426.0
2017-12-11 14:38:00,110.555,110.555,110.555,110.555,100.0
2017-12-11 14:39:00,110.565,110.585,110.555,110.5675,6900.0
2017-12-11 14:40:00,110.49,110.6,110.49,110.58,4000.0
2017-12-11 14:41:00,110.51,110.54,110.51,110.52,1993.0
2017-12-11 14:42:00,110.56,110.58,110.5,110.5,4805.0
2017-12-11 14:43:00,110.53,110.545,110.53,110.545,1200.0
2017-12-11 14:45:00,110.48,110.48,110.48,110.48,214.0
2017-12-11 14:46:00,110.49,110.53,110.475,110.475,2835.0
2017-12-11 14:47:00,110.4878,110.4878,110.4878,110.4878,227.0
2017-12-11 14:50:00,110.515,110.515,110.48,110.49,900.0
2017-12-11 14:51:00,110.4795,110.48,110.47,110.47,1256.0
2017-12-11 14:52:00,110.42,110.48,110.42,110.48,3600.0
2017-12-11 14:53:00,110.37,110.43,110.36,110.42,6662.0
2017-12-11 14:54:00,110.34,110.37,110.34,110.37,1700.0
2017-12-11 14:55:00,110.375,110.39,110.35,110.35,2104.0
2017-12-11 14:56:00,110.355,110.41,110.35,110.375,3239.0
2017-12-11 14:57:00,110.4,110.43,110.38,110.38,4243.0
2017-12-11 14:58:00,110.38,110.41,110.38,110.4,1200.0
2017-12-11 14:59:00,110.36,110.4,110.36,110.4,900.0
2017-12-11 15:00:00,110.41,110.45,110.39,110.39,6060.0
2017-12-11 15:01:00,110.4,110.42,110.38,110.4,4200.0
2017-12-11 15:02:00,110.4,110.41,110.38,110.4,1723.0
2017-12-11 15:03:00,110.25,110.39,110.23,110.39,15605.0
2017-12-11 15:04:00,110.34,110.35,110.25,110.25,3815.0
2017-12-11 15:05:00,110.31,110.35,110.3,110.34,4013.0
2017-12-11 15:06:00,110.26,110.34,110.26,110.31,3730.0
2017-12-11 15:07:00,110.25,110.28,110.24,110.26,2300.0
2017-12-11 15:08:00,110.22,110.25,110.22,110.23,900.0
2017-12-11 15:09:00,110.34,110.34,110.235,110.24,3100.0
2017-12-11 15:10:00,110.37,110.39,110.32,110.34,2220.0
2017-12-11 15:11:00,110.3995,110.3995,110.31,110.36,3100.0
2017-12-11 15:12:00,110.49,110.49,110.41,110.41,1200.0
2017-12-11 15:13:00,110.605,110.61,110.5525,110.56,5000.0
2017-12-11 15:14:00,110.66,110.66,110.57,110.6,1450.0
2017-12-11 15:15:00,110.65,110.67,110.64,110.67,300.0
2017-12-11 15:16:00,110.61,110.66,110.61,110.66,1140.0
2017-12-11 15:17:00,110.64,110.66,110.62,110.645,3082.0
2017-12-11 15:18:00,110.61,110.66,110.61,110.62,2820.0
2017-12-11 15:19:00,110.55,110.605,110.52,110.6,2842.0
2017-12-11 15:20:00,110.52,110.52,110.49,110.52,1500.0
2017-12-11 15:21:00,110.48,110.48,110.48,110.48,300.0
2017-12-11 15:22:00,110.5,110.5,110.43,110.47,2747.0
2017-12-11 15:23:00,110.44,110.5,110.44,110.5,700.0
2017-12-11 15:24:00,110.435,110.47,110.435,110.46,1600.0
2017-12-11 15:25:00,110.46,110.46,110.43,110.43,637.0
2017-12-11 15:26:00,110.48,110.48,110.44,110.45,1382.0
2017-12-11 15:27:00,110.48,110.48,110.43,110.44,2000.0
2017-12-11 15:28:00,110.49,110.49,110.475,110.48,500.0
2017-12-11 15:29:00,110.5,110.5,110.48,110.5,1000.0
2017-12-11 15:30:00,110.55,110.55,110.5,110.51,1578.0
2017-12-11 15:31:00,110.61,110.61,110.53,110.53,1800.0
2017-12-11 15:32:00,110.52,110.59,110.52,110.59,4205.0
2017-12-11 15:33:00,110.55,110.56,110.52,110.5242,2429.0
2017-12-11 15:34:00,110.57,110.57,110.54,110.55,2130.0
2017-12-11 15:35:00,110.54,110.58,110.49,110.55,5030.0
2017-12-11 15:36:00,110.46,110.525,110.44,110.49,2800.0
2017-12-11 15:37:00,110.35,110.47,110.28,110.47,12352.0
2017-12-11 15:38:00,110.35,110.3999,110.33,110.35,9635.0
2017-12-11 15:39:00,110.335,110.36,110.33,110.35,1067.0
2017-12-11 15:40:00,110.37,110.37,110.31,110.31,3760.0
2017-12-11 15:41:00,110.365,110.37,110.34,110.35,4529.0
2017-12-11 15:42:00,110.335,110.365,110.335,110.36,3092.0
2017-12-11 15:43:00,110.35,110.35,110.3,110.33,4623.0
2017-12-11 15:44:00,110.35,110.36,110.34,110.35,1443.0
2017-12-11 15:45:00,110.35,110.37,110.32,110.36,17809.0
2017-12-11 15:46:00,110.46,110.46,110.35,110.36,2600.0
2017-12-11 15:47:00,110.5,110.52,110.46,110.46,3800.0
2017-12-11 15:48:00,110.55,110.55,110.51,110.53,2939.0
2017-12-11 15:49:00,110.5,110.595,110.49,110.55,11540.0
2017-12-11 15:50:00,110.51,110.515,110.495,110.5,12146.0
2017-12-11 15:51:00,110.4,110.53,110.4,110.53,18925.0
2017-12-11 15:52:00,110.39,110.43,110.37,110.41,9433.0
2017-12-11 15:53:00,110.42,110.42,110.38,110.41,6217.0
2017-12-11 15:54:00,110.45,110.47,110.4,110.42,4400.0
2017-12-11 15:55:00,110.56,110.59,110.46,110.47,4983.0
2017-12-11 15:56:00,110.56,110.6,110.54,110.59,4218.0
2017-12-11 15:57:00,110.58,110.59,110.55,110.56,13753.0
2017-12-11 15:58:00,110.615,110.64,110.58,110.58,11303.0
2017-12-11 15:59:00,110.67,110.67,110.615,110.63,7295.0
2017-12-11 16:00:00,110.62,110.66,110.57,110.65,17643.0
2017-12-12 09:30:00,110.7,110.7,110.7,110.7,2928.0
2017-12-12 09:31:00,110.75,110.75,110.345,110.4506,2532.0
2017-12-12 09:35:00,110.67299999999999,110.67299999999999,110.67299999999999,110.67299999999999,1000.0
2017-12-12 09:36:00,110.53,110.53,110.53,110.53,100.0
2017-12-12 09:37:00,110.62,110.68,110.62,110.68,300.0
2017-12-12 09:38:00,110.62,110.68,110.62,110.63,1800.0
2017-12-12 09:40:00,110.46,110.77,110.46,110.77,3568.0
2017-12-12 09:41:00,110.56,110.56,110.56,110.56,300.0
2017-12-12 09:42:00,110.5,110.51,110.5,110.51,200.0
2017-12-12 09:43:00,110.36,110.43,110.14,110.43,3185.0
2017-12-12 09:46:00,110.395,110.48,110.3,110.39,500.0
2017-12-12 09:47:00,110.31,110.35,110.31,110.35,400.0
2017-12-12 09:48:00,110.29,110.36,110.22,110.34,2102.0
2017-12-12 09:49:00,110.32,110.335,110.25,110.335,1029.0
2017-12-12 09:50:00,110.35,110.4,110.31,110.34,1575.0
2017-12-12 09:51:00,110.49,110.49,110.415,110.415,200.0
2017-12-12 09:52:00,110.3,110.44,110.3,110.4,1750.0
2017-12-12 09:53:00,110.39,110.39,110.39,110.39,100.0
2017-12-12 09:54:00,110.24,110.35,110.22,110.35,1575.0
2017-12-12 09:55:00,110.31,110.31,110.25,110.25,1725.0
2017-12-12 09:56:00,110.26,110.26,110.14,110.23,1933.0
2017-12-12 09:57:00,110.26,110.26,110.26,110.26,100.0
2017-12-12 09:58:00,110.31,110.32,110.31,110.32,300.0
2017-12-12 09:59:00,110.26,110.3,110.22,110.26,2000.0
2017-12-12 10:00:00,110.26,110.29,110.25,110.28,1100.0
2017-12-12 10:01:00,110.22,110.3,110.18,110.28,1800.0
2017-12-12 10:02:00,110.19,110.23,110.19,110.23,200.0
2017-12-12 10:03:00,110.17,110.27,110.1,110.23,10779.0
2017-12-12 10:04:00,110.2,110.2,110.135,110.14,1100.0
2017-12-12 10:05:00,110.14,110.14,110.14,110.14,700.0
2017-12-12 10:06:00,110.3,110.3,110.16,110.19,2000.0
2017-12-12 10:07:00,110.31,110.32,110.285,110.32,1300.0
2017-12-12 10:08:00,110.35,110.35,110.35,110.35,100.0
2017-12-12 10:09:00,110.49,110.49,110.32,110.32,2500.0
2017-12-12 10:10:00,110.46,110.46,110.4,110.455,1900.0
2017-12-12 10:11:00,110.41,110.4525,110.41,110.435,400.0
2017-12-12 10:12:00,110.5,110.51,110.43,110.43,2909.0
2017-12-12 10:13:00,110.63,110.63,110.5,110.5,800.0
2017-12-12 10:14:00,110.63,110.63,110.54,110.63,400.0
2017-12-12 10:15:00,110.3,110.63,110.3,110.63,4529.0
2017-12-12 10:16:00,110.31,110.41,110.31,110.41,300.0
2017-12-12 10:17:00,110.35,110.35,110.28,110.31,600.0
2017-12-12 10:18:00,110.18,110.31,110.17,110.27,2300.0
2017-12-12 10:19:00,110.22,110.275,110.2,110.2,600.0
2017-12-12 10:20:00,110.24,110.35,110.2,110.32,3034.0
2017-12-12 10:21:00,110.21,110.25,110.21,110.22,650.0
2017-12-12 10:22:00,110.21,110.21,110.19,110.2,700.0
2017-12-12 10:23:00,110.18,110.2,110.18,110.2,600.0
2017-12-12 10:24:00,110.17,110.18,110.17,110.18,300.0
2017-12-12 10:25:00,110.13,110.21,110.13,110.21,634.0
2017-12-12 10:26:00,110.18,110.275,110.13,110.13,1000.0
2017-12-12 10:27:00,110.12,110.21,110.1,110.195,1600.0
2017-12-12 10:28:00,110.15,110.19,110.15,110.16,1600.0
2017-12-12 10:29:00,110.18,110.21,110.14,110.14,3100.0
2017-12-12 10:30:00,110.19,110.25,110.17,110.19,2800.0
2017-12-12 10:31:00,110.19,110.19,110.17,110.18,561.0
2017-12-12 10:32:00,110.16,110.16,110.1,110.13,1836.0
2017-12-12 10:33:00,110.14,110.14,110.14,110.14,300.0
2017-12-12 10:34:00,110.125,110.125,110.125,110.125,200.0
2017-12-12 10:35:00,110.08,110.1195,110.07,110.11,2127.0
2017-12-12 10:36:00,110.05,110.11,110.05,110.08,900.0
2017-12-12 10:37:00,110.03,110.1,110.03,110.08,1950.0
2017-12-12 10:38:00,109.92,110.09,109.92,110.06,3331.0
2017-12-12 10:39:00,109.91,109.93,109.9,109.91,1396.0
2017-12-12 10:40:00,109.86,109.86,109.86,109.86,100.0
2017-12-12 10:42:00,109.84,109.92,109.84,109.885,1800.0
2017-12-12 10:43:00,109.85,109.87,109.85,109.87,400.0
2017-12-12 10:44:00,109.89,109.89,109.84,109.87,1059.0
2017-12-12 10:45:00,109.8856,109.92,109.86,109.89,976.0
2017-12-12 10:46:00,109.89,109.95,109.89,109.9176,500.0
2017-12-12 10:47:00,109.95,109.95,109.9,109.95,400.0
2017-12-12 10:48:00,109.98,109.98,109.915,109.93,3429.0
2017-12-12 10:49:00,109.81,109.9606,109.81,109.9606,3434.0
2017-12-12 10:50:00,109.86,109.86,109.75,109.82,1860.0
2017-12-12 10:51:00,109.9083,109.9083,109.79,109.84,500.0
2017-12-12 10:52:00,109.77,109.84,109.73,109.84,3787.0
2017-12-12 10:53:00,109.77,109.8,109.77,109.8,400.0
2017-12-12 10:54:00,109.68,109.79,109.68,109.79,1850.0
2017-12-12 10:55:00,109.67,109.71,109.63,109.68,3696.0
2017-12-12 10:56:00,109.6948,109.71,109.68,109.68,1030.0
2017-12-12 10:57:00,109.66,109.72,109.66,109.71,2700.0
2017-12-12 10:58:00,109.63,109.66,109.6,109.66,1199.0
2017-12-12 10:59:00,109.63,109.66,109.6,109.65,1073.0
2017-12-12 11:00:00,109.62,109.7,109.6,109.6,1932.0
2017-12-12 11:01:00,109.73,109.73,109.725,109.725,200.0
2017-12-12 11:02:00,109.74,109.74,109.73,109.73,2014.0
2017-12-12 11:03:00,109.68,109.8,109.66,109.8,3142.0
2017-12-12 11:04:00,109.63,109.71,109.63,109.68,2643.0
2017-12-12 11:05:00,109.63,109.63,109.63,109.63,400.0
2017-12-12 11:06:00,109.685,109.69,109.61,109.69,1894.0
2017-12-12 11:07:00,109.56,109.625,109.56,109.6,2400.0
2017-12-12 11:08:00,109.52,109.59,109.52,109.57,7317.0
2017-12-12 11:09:00,109.56,109.56,109.47,109.52,2026.0
2017-12-12 11:10:00,109.64,109.65,109.56,109.56,2152.0
2017-12-12 11:11:00,109.59,109.64,109.59,109.6,300.0
2017-12-12 11:12:00,109.65,109.65,109.61,109.61,1742.0
2017-12-12 11:13:00,109.65,109.69,109.65,109.69,600.0
2017-12-12 11:14:00,109.66,109.68,109.66,109.66,780.0
2017-12-12 11:15:00,109.67,109.67,109.65,109.65,200.0
2017-12-12 11:16:00,109.66,109.67,109.64,109.67,880.0
2017-12-12 11:17:00,109.69,109.69,109.65,109.66,1366.0
2017-12-12 11:18:00,109.71,109.71,109.68,109.71,800.0
2017-12-12 11:19:00,109.7225,109.7225,109.7225,109.7225,200.0
2017-12-12 11:20:00,109.68,109.71,109.68,109.71,1130.0
2017-12-12 11:21:00,109.64,109.71,109.63,109.71,2712.0
2017-12-12 11:22:00,109.63,109.64,109.62,109.63,1800.0
2017-12-12 11:23:00,109.66,109.66,109.66,109.66,100.0
2017-12-12 11:24:00,109.3311,109.63,109.33,109.63,3294.0
2017-12-12 11:25:00,109.39,109.4381,109.36,109.4381,1719.0
2017-12-12 11:26:00,109.65,109.65,109.47,109.47,2163.0
2017-12-12 11:27:00,109.59,109.66,109.59,109.66,434.0
2017-12-12 11:28:00,109.48,109.52,109.48,109.52,300.0
2017-12-12 11:29:00,109.48,109.48,109.48,109.48,200.0
2017-12-12 11:30:00,109.54,109.55,109.52,109.52,1399.0
2017-12-12 11:31:00,109.58,109.58,109.52,109.54,1800.0
2017-12-12 11:32:00,109.44,109.58,109.44,109.57,3145.0
2017-12-12 11:33:00,109.4,109.44,109.39,109.41,700.0
2017-12-12 11:34:00,109.42,109.46,109.36,109.46,826.0
2017-12-12 11:35:00,109.42,109.469,109.39,109.4,1724.0
2017-12-12 11:36:00,109.39,109.48,109.39,109.46,2702.0
2017-12-12 11:37:00,109.31,109.43,109.31,109.415,3800.0
2017-12-12 11:38:00,109.32,109.37,109.31,109.31,2837.0
2017-12-12 11:39:00,109.27,109.34,109.27,109.32,1600.0
2017-12-12 11:40:00,109.33,109.33,109.3,109.3,800.0
2017-12-12 11:41:00,109.41,109.41,109.36,109.36,600.0
2017-12-12 11:42:00,109.4392,109.4392,109.4,109.43,1015.0
2017-12-12 11:43:00,109.61,109.61,109.47,109.47,2850.0
2017-12-12 11:45:00,109.67,109.69,109.61,109.69,332.0
2017-12-12 11:46:00,109.63,109.655,109.63,109.655,400.0
2017-12-12 11:47:00,109.68,109.7,109.67,109.67,1833.0
2017-12-12 11:48:00,109.73,109.73,109.7,109.71,1800.0
2017-12-12 11:49:00,109.81,109.81,109.81,109.81,100.0
2017-12-12 11:50:00,109.69,109.765,109.69,109.765,1300.0
2017-12-12 11:51:00,109.75,109.75,109.75,109.75,100.0
2017-12-12 11:52:00,109.69,109.73,109.67,109.73,1073.0
2017-12-12 11:53:00,109.63,109.67,109.62,109.655,2631.0
2017-12-12 11:54:00,109.52,109.63,109.52,109.63,2508.0
2017-12-12 11:55:00,109.43,109.46,109.43,109.46,200.0
2017-12-12 11:56:00,109.55,109.55,109.47,109.54,1100.0
2017-12-12 11:57:00,109.445,109.56,109.43,109.5375,1617.0
2017-12-12 11:58:00,109.33,109.41,109.33,109.41,700.0
2017-12-12 11:59:00,109.45,109.54,109.36,109.4,9712.0
2017-12-12 12:00:00,109.46,109.54,109.41,109.51,2910.0
2017-12-12 12:01:00,109.71,109.72,109.59,109.6,2500.0
2017-12-12 12:02:00,109.66,109.74,109.6,109.71,3025.0
2017-12-12 12:03:00,109.61,109.64,109.61,109.64,500.0
2017-12-12 12:04:00,109.64,109.65,109.6,109.65,1900.0
2017-12-12 12:05:00,109.64,109.64,109.58,109.62,4019.0
2017-12-12 12:06:00,109.68,109.68,109.61,109.63,1268.0
2017-12-12 12:07:00,109.59,109.69,109.59,109.67,1334.0
2017-12-12 12:08:00,109.67,109.67,109.58,109.58,800.0
2017-12-12 12:09:00,109.65,109.65,109.64,109.64,1670.0
2017-12-12 12:10:00,109.52,109.65,109.52,109.65,2550.0
2017-12-12 12:11:00,109.58,109.61,109.58,109.59,1700.0
2017-12-12 12:12:00,109.58,109.58,109.54,109.54,742.0
2017-12-12 12:13:00,109.5,109.56,109.5,109.54,1382.0
2017-12-12 12:14:00,109.52,109.52,109.52,109.52,200.0
2017-12-12 12:15:00,109.45,109.54,109.45,109.52,5000.0
2017-12-12 12:16:00,109.39,109.44,109.39,109.44,700.0
2017-12-12 12:17:00,109.49,109.49,109.45,109.45,1557.0
2017-12-12 12:18:00,109.43,109.46,109.43,109.46,1050.0
2017-12-12 12:19:00,109.42,109.47,109.4,109.47,2600.0
2017-12-12 12:20:00,109.4,109.42,109.39,109.405,1034.0
2017-12-12 12:21:00,109.39,109.43,109.38,109.43,1500.0
2017-12-12 12:22:00,109.41,109.43,109.38,109.38,3500.0
2017-12-12 12:23:00,109.41,109.43,109.37,109.405,2546.0
2017-12-12 12:24:00,109.41,109.41,109.4,109.41,600.0
2017-12-12 12:25:00,109.37,109.39,109.37,109.38,1100.0
2017-12-12 12:26:00,109.31,109.37,109.28,109.37,4117.0
2017-12-12 12:27:00,109.31,109.31,109.31,109.31,1100.0
2017-12-12 12:28:00,109.3,109.31,109.28,109.29,600.0
2017-12-12 12:29:00,109.21,109.31,109.21,109.3,2693.0
2017-12-12 12:30:00,109.23,109.26,109.19,109.19,500.0
2017-12-12 12:31:00,109.41,109.41,109.23,109.23,2421.0
2017-12-12 12:32:00,109.4,109.41,109.38,109.38,500.0
2017-12-12 12:33:00,109.46,109.49,109.445,109.445,1100.0
2017-12-12 12:34:00,109.44,109.45,109.43,109.45,845.0
2017-12-12 12:35:00,109.44,109.47,109.44,109.47,1200.0
2017-12-12 12:36:00,109.61,109.61,109.46,109.46,1800.0
2017-12-12 12:37:00,109.68,109.68,109.62,109.625,700.0
2017-12-12 12:38:00,109.6384,109.68,109.6384,109.64,741.0
2017-12-12 12:39:00,109.59,109.645,109.59,109.645,1200.0
2017-12-12 12:41:00,109.65,109.65,109.63,109.63,800.0
2017-12-12 12:42:00,109.61,109.69,109.61,109.65,1946.0
2017-12-12 12:43:00,109.56,109.6,109.56,109.6,1200.0
2017-12-12 12:44:00,109.57,109.58,109.56,109.58,600.0
2017-12-12 12:45:00,109.6034,109.6034,109.6034,109.6034,100.0
2017-12-12 12:46:00,109.605,109.63,109.595,109.595,1100.0
2017-12-12 12:47:00,109.58,109.61,109.58,109.61,907.0
2017-12-12 12:49:00,109.65799999999999,109.6603,109.64,109.64,1000.0
2017-12-12 12:51:00,109.715,109.74,109.67,109.69,1375.0
2017-12-12 12:52:00,109.77,109.81,109.715,109.73,2237.0
2017-12-12 12:53:00,109.75,109.7775,109.74,109.7775,1152.0
2017-12-12 12:54:00,110.0,110.0,109.76,109.78,2000.0
2017-12-12 12:55:00,110.035,110.035,110.0,110.0,300.0
2017-12-12 12:56:00,110.1,110.1,110.1,110.1,300.0
2017-12-12 12:57:00,109.85,110.045,109.8225,110.045,13602.0
2017-12-12 12:58:00,109.88,109.92,109.82,109.82,700.0
2017-12-12 12:59:00,109.89,109.9,109.89,109.9,200.0
2017-12-12 13:00:00,109.85,109.89,109.85,109.89,1100.0
2017-12-12 13:01:00,109.9,109.9,109.89,109.89,800.0
2017-12-12 13:02:00,109.89,109.89,109.89,109.89,100.0
2017-12-12 13:03:00,109.87,109.89,109.87,109.88,700.0
2017-12-12 13:04:00,109.94,109.94,109.91,109.91,1000.0
2017-12-12 13:06:00,109.92,109.96,109.88,109.88,600.0
2017-12-12 13:08:00,110.0,110.03,109.96,109.96,1500.0
2017-12-12 13:11:00,110.025,110.06,110.025,110.06,410.0
2017-12-12 13:12:00,110.06,110.06,110.05,110.05,700.0
2017-12-12 13:13:00,109.91,110.09,109.9,110.09,4039.0
2017-12-12 13:14:00,110.0,110.01,109.94,109.95,1100.0
2017-12-12 13:16:00,110.0,110.0,110.0,110.0,100.0
2017-12-12 13:17:00,109.99,109.99,109.99,109.99,495.0
2017-12-12 13:18:00,109.97,109.97,109.94,109.94,300.0
2017-12-12 13:19:00,110.0,110.0,109.97,109.97,600.0
2017-12-12 13:20:00,110.0,110.04,110.0,110.01,700.0
2017-12-12 13:21:00,110.005,110.04,110.005,110.04,300.0
2017-12-12 13:22:00,110.02,110.05,109.98,110.005,10428.0
2017-12-12 13:24:00,110.08,110.08,110.01,110.045,4941.0
2017-12-12 13:25:00,110.07,110.07,110.07,110.07,100.0
2017-12-12 13:26:00,110.09,110.09,110.09,110.09,200.0
2017-12-12 13:27:00,110.09,110.09,110.05,110.05,400.0
2017-12-12 13:28:00,110.09,110.09,110.06,110.08,25900.0
2017-12-12 13:29:00,110.07,110.09,110.07,110.09,1000.0
2017-12-12 13:30:00,109.98,110.07,109.98,110.07,2710.0
2017-12-12 13:31:00,109.81,109.94,109.81,109.94,1550.0
2017-12-12 13:32:00,109.8,109.86,109.8,109.84,10500.0
2017-12-12 13:33:00,109.81,109.84,109.81,109.81,1000.0
2017-12-12 13:34:00,109.7,109.83,109.7,109.8,2000.0
2017-12-12 13:35:00,109.94,109.94,109.7,109.76,4200.0
2017-12-12 13:36:00,109.9205,109.97,109.9205,109.97,500.0
2017-12-12 13:37:00,110.01,110.01,109.94,109.94,1800.0
2017-12-12 13:38:00,109.98,110.08,109.97,110.04,2177.0
2017-12-12 13:39:00,110.02,110.02,109.91,109.93,5295.0
2017-12-12 13:40:00,110.0,110.05,110.0,110.0,703.0
2017-12-12 13:41:00,110.07,110.07,110.06,110.06,800.0
2017-12-12 13:42:00,110.08,110.08,110.01,110.07,621.0
2017-12-12 13:43:00,109.985,110.06,109.98,110.06,1704.0
2017-12-12 13:44:00,110.03,110.04,109.97,110.04,500.0
2017-12-12 13:45:00,110.08,110.08,109.95,109.95,1308.0
2017-12-12 13:46:00,110.0899,110.0899,110.06,110.06,300.0
2017-12-12 13:47:00,110.01,110.08,109.95,110.08,12003.0
2017-12-12 13:48:00,109.985,110.0,109.97,110.0,700.0
2017-12-12 13:49:00,109.9475,109.96,109.9475,109.96,700.0
2017-12-12 13:50:00,109.87,109.94,109.87,109.94,2107.0
2017-12-12 13:51:00,109.85,109.85,109.76,109.79,1200.0
2017-12-12 13:52:00,109.8007,109.8009,109.7917,109.7967,867.0
2017-12-12 13:53:00,109.75,109.75,109.75,109.75,200.0
2017-12-12 13:54:00,109.7204,109.7204,109.7204,109.7204,137.0
2017-12-12 13:55:00,109.76,109.76,109.73,109.76,700.0
2017-12-12 13:56:00,109.74,109.85,109.74,109.765,4800.0
2017-12-12 13:57:00,109.79,109.81,109.76,109.81,11100.0
2017-12-12 13:58:00,109.77,109.89,109.77,109.79,5550.0
2017-12-12 13:59:00,109.755,109.76,109.75,109.76,8800.0
2017-12-12 14:00:00,109.6,109.75,109.495,109.75,6144.0
2017-12-12 14:01:00,109.67,109.75,109.6,109.62,2236.0
2017-12-12 14:02:00,109.71,109.715,109.7,109.71,700.0
2017-12-12 14:03:00,109.74,109.785,109.69,109.72,1700.0
2017-12-12 14:04:00,109.78,109.8,109.735,109.7899,2050.0
2017-12-12 14:05:00,109.81,109.81,109.79,109.79,300.0
2017-12-12 14:06:00,109.82,109.83,109.82,109.83,400.0
2017-12-12 14:07:00,109.82,109.82,109.82,109.82,200.0
2017-12-12 14:08:00,109.83,109.83,109.79,109.81,1187.0
2017-12-12 14:09:00,109.82,109.82,109.82,109.82,200.0
2017-12-12 14:10:00,109.79,109.79,109.79,109.79,100.0
2017-12-12 14:11:00,109.8,109.82,109.8,109.8,500.0
2017-12-12 14:12:00,109.875,109.89,109.82,109.82,7278.0
2017-12-12 14:13:00,109.855,109.88,109.855,109.88,200.0
2017-12-12 14:14:00,109.96,109.96,109.87,109.87,805.0
2017-12-12 14:15:00,109.9,109.9268,109.87,109.9268,1170.0
2017-12-12 14:16:00,109.935,109.935,109.885,109.885,200.0
2017-12-12 14:17:00,109.9,109.9,109.9,109.9,200.0
2017-12-12 14:18:00,110.0,110.0,109.97,109.97,700.0
2017-12-12 14:19:00,110.1,110.1,109.97,109.97,1551.0
2017-12-12 14:20:00,110.06,110.06,110.06,110.06,300.0
2017-12-12 14:22:00,110.11,110.11,110.07,110.07,900.0
2017-12-12 14:23:00,110.1116,110.14,110.11,110.14,307.0
2017-12-12 14:24:00,110.15,110.17,110.1,110.125,5700.0
2017-12-12 14:25:00,110.09,110.11,110.09,110.11,710.0
2017-12-12 14:26:00,110.18,110.18,110.14,110.14,800.0
2017-12-12 14:27:00,110.075,110.115,110.04,110.115,3663.0
2017-12-12 14:28:00,110.1,110.11,110.09,110.09,600.0
2017-12-12 14:29:00,110.11,110.11,110.11,110.11,200.0
2017-12-12 14:30:00,110.16,110.17,110.115,110.115,905.0
2017-12-12 14:32:00,110.15,110.22,110.15,110.19,2700.0
2017-12-12 14:33:00,110.15,110.16,110.13,110.145,2200.0
2017-12-12 14:34:00,110.15,110.15,110.1389,110.1389,400.0
2017-12-12 14:35:00,110.14,110.18,110.11,110.18,1200.0
2017-12-12 14:36:00,110.15,110.15,110.15,110.15,100.0
2017-12-12 14:37:00,110.17,110.17,110.15,110.16,500.0
2017-12-12 14:38:00,110.1175,110.15,110.09,110.14,5900.0
2017-12-12 14:39:00,110.125,110.13,110.1,110.101,700.0
2017-12-12 14:40:00,110.1,110.15,110.1,110.15,1250.0
2017-12-12 14:41:00,110.1,110.14,110.07,110.1,10493.0
2017-12-12 14:42:00,110.3,110.3,110.09,110.09,3486.0
2017-12-12 14:43:00,110.1389,110.23,110.1389,110.23,2327.0
2017-12-12 14:44:00,110.17,110.18,110.12,110.12,600.0
2017-12-12 14:45:00,110.18,110.18,110.15,110.15,400.0
2017-12-12 14:46:00,110.205,110.22,110.19,110.19,9400.0
2017-12-12 14:47:00,110.21,110.23,110.145,110.22,4796.0
2017-12-12 14:50:00,110.22,110.24,110.155,110.17,3200.0
2017-12-12 14:51:00,110.19,110.225,110.19,110.225,1000.0
2017-12-12 14:52:00,110.21,110.25,110.21,110.21,1200.0
2017-12-12 14:53:00,110.27,110.28,110.24,110.24,900.0
2017-12-12 14:54:00,110.34,110.34,110.28,110.31,800.0
2017-12-12 14:55:00,110.36,110.37,110.36,110.36,300.0
2017-12-12 14:56:00,110.38,110.38,110.32,110.32,3000.0
2017-12-12 14:57:00,110.46,110.46,110.39,110.41,1600.0
2017-12-12 14:58:00,110.49,110.5,110.465,110.47,500.0
2017-12-12 14:59:00,110.41,110.49,110.41,110.49,2068.0
2017-12-12 15:00:00,110.45,110.45,110.42,110.42,600.0
2017-12-12 15:01:00,110.44,110.48,110.44,110.48,200.0
2017-12-12 15:03:00,110.37,110.46,110.37,110.46,1284.0
2017-12-12 15:04:00,110.34,110.385,110.34,110.385,600.0
2017-12-12 15:05:00,110.305,110.36,110.3,110.36,1100.0
2017-12-12 15:06:00,110.36,110.36,110.27,110.27,3740.0
2017-12-12 15:07:00,110.39,110.42,110.38,110.39,8102.0
2017-12-12 15:09:00,110.41,110.42,110.39,110.39,300.0
2017-12-12 15:10:00,110.44,110.44,110.4,110.41,2603.0
2017-12-12 15:11:00,110.445,110.445,110.445,110.445,100.0
2017-12-12 15:12:00,110.49,110.49,110.435,110.435,1000.0
2017-12-12 15:13:00,110.475,110.5,110.475,110.48,400.0
2017-12-12 15:14:00,110.48,110.5,110.475,110.5,500.0
2017-12-12 15:15:00,110.47,110.5,110.47,110.48,1780.0
2017-12-12 15:16:00,110.53,110.53,110.46,110.47,3122.0
2017-12-12 15:17:00,110.45,110.525,110.45,110.525,3741.0
2017-12-12 15:18:00,110.46,110.48,110.44,110.47,800.0
2017-12-12 15:19:00,110.4453,110.4565,110.4453,110.4565,1343.0
2017-12-12 15:20:00,110.4,110.44,110.4,110.42,3225.0
2017-12-12 15:21:00,110.38,110.46,110.38,110.44,2175.0
2017-12-12 15:22:00,110.37,110.41,110.37,110.41,200.0
2017-12-12 15:23:00,110.35,110.41,110.32,110.41,2340.0
2017-12-12 15:24:00,110.32,110.33,110.32,110.33,300.0
2017-12-12 15:25:00,110.32,110.355,110.3,110.32,2900.0
2017-12-12 15:26:00,110.4025,110.41,110.34,110.355,3100.0
2017-12-12 15:27:00,110.4,110.42,110.36,110.385,1400.0
2017-12-12 15:28:00,110.4439,110.47399999999999,110.43,110.44,3129.0
2017-12-12 15:29:00,110.49,110.53,110.44,110.44,2713.0
2017-12-12 15:30:00,110.48,110.4985,110.48,110.495,655.0
2017-12-12 15:31:00,110.5,110.5,110.47,110.47,2565.0
2017-12-12 15:32:00,110.47,110.5,110.47,110.5,1400.0
2017-12-12 15:33:00,110.49,110.49,110.47,110.48,600.0
2017-12-12 15:34:00,110.54,110.54,110.47,110.47,3996.0
2017-12-12 15:35:00,110.52,110.52,110.51,110.52,1237.0
2017-12-12 15:36:00,110.54,110.56,110.52,110.52,6500.0
2017-12-12 15:37:00,110.45,110.5544,110.45,110.54,4502.0
2017-12-12 15:38:00,110.42,110.47,110.39,110.45,3500.0
2017-12-12 15:39:00,110.47,110.48,110.42,110.43,2300.0
2017-12-12 15:40:00,110.5,110.505,110.48,110.5,2041.0
2017-12-12 15:41:00,110.44,110.4975,110.44,110.48,3306.0
2017-12-12 15:42:00,110.3,110.43,110.28,110.43,2500.0
2017-12-12 15:43:00,110.42,110.42,110.27,110.29,2900.0
2017-12-12 15:44:00,110.4,110.43,110.39,110.41,800.0
2017-12-12 15:45:00,110.4225,110.44,110.391,110.42,6654.0
2017-12-12 15:46:00,110.35,110.435,110.34,110.43,7629.0
2017-12-12 15:47:00,110.34,110.35,110.32,110.345,2016.0
2017-12-12 15:48:00,110.35,110.36,110.33,110.33,2300.0
2017-12-12 15:49:00,110.36,110.37,110.335,110.36,4300.0
2017-12-12 15:50:00,110.32,110.37,110.3,110.365,8065.0
2017-12-12 15:51:00,110.315,110.34,110.3,110.31,3800.0
2017-12-12 15:52:00,110.29,110.33,110.29,110.315,3997.0
2017-12-12 15:53:00,110.305,110.33,110.29,110.31,2500.0
2017-12-12 15:54:00,110.28,110.305,110.27,110.3,6131.0
2017-12-12 15:55:00,110.27,110.29,110.25,110.29,13385.0
2017-12-12 15:56:00,110.36,110.37,110.26,110.26,6928.0
2017-12-12 15:57:00,110.34,110.36,110.31,110.34,13752.0
2017-12-12 15:58:00,110.3899,110.4,110.33,110.34,15123.0
2017-12-12 15:59:00,110.38,110.4,110.35,110.39,9942.0
2017-12-12 16:00:00,110.31,110.41,110.26,110.38,35663.0
2017-12-13 09:30:00,110.16,110.16,110.16,110.16,4779.0
2017-12-13 09:31:00,110.935,110.99,110.935,110.99,200.0
2017-12-13 09:33:00,110.99,110.99,110.99,110.99,100.0
2017-12-13 09:35:00,110.57,110.87,110.45,110.87,1700.0
2017-12-13 09:36:00,110.41,110.425,110.29,110.425,1500.0
2017-12-13 09:37:00,110.6034,110.67,110.21,110.47,6523.0
2017-12-13 09:38:00,110.475,110.58,110.37,110.54,1800.0
2017-12-13 09:39:00,110.5,110.57,110.351,110.57,900.0
2017-12-13 09:40:00,110.41,110.43,110.4,110.43,1500.0
2017-12-13 09:41:00,110.38,110.505,110.31,110.505,2350.0
2017-12-13 09:42:00,110.31,110.38,110.31,110.38,3256.0
2017-12-13 09:43:00,110.36,110.37,110.29,110.29,1570.0
2017-12-13 09:44:00,110.395,110.405,110.26,110.39,500.0
2017-12-13 09:45:00,110.34,110.4,110.23,110.29,11262.0
2017-12-13 09:46:00,110.5299,110.5299,110.3,110.39,3503.0
2017-12-13 09:47:00,110.38,110.38,110.38,110.38,100.0
2017-12-13 09:48:00,110.56,110.57,110.42,110.42,2900.0
2017-12-13 09:49:00,110.515,110.66,110.5,110.655,2837.0
2017-12-13 09:50:00,110.28,110.52,110.1,110.52,2200.0
2017-12-13 09:51:00,110.1,110.115,110.1,110.115,200.0
2017-12-13 09:52:00,109.99,110.11,109.99,110.1,2600.0
2017-12-13 09:53:00,110.115,110.1767,109.945,109.995,3040.0
2017-12-13 09:54:00,110.18,110.18,110.12,110.12,2700.0
2017-12-13 09:55:00,110.2483,110.26,110.18,110.19,1089.0
2017-12-13 09:56:00,110.2,110.23,110.2,110.23,2000.0
2017-12-13 09:57:00,110.235,110.26,110.22,110.25,600.0
2017-12-13 09:58:00,110.1096,110.25,110.1,110.25,1501.0
2017-12-13 09:59:00,110.17,110.17,110.1175,110.1175,200.0
2017-12-13 10:00:00,110.21,110.24,110.11,110.17,2778.0
2017-12-13 10:01:00,110.25,110.255,110.25,110.255,200.0
2017-12-13 10:02:00,110.39,110.39,110.255,110.255,800.0
2017-12-13 10:03:00,110.29,110.48,110.29,110.44,1900.0
2017-12-13 10:05:00,110.29,110.3,110.27,110.3,1500.0
2017-12-13 10:06:00,110.275,110.275,110.275,110.275,100.0
2017-12-13 10:07:00,110.24,110.28,110.24,110.26,1350.0
2017-12-13 10:08:00,110.29,110.31,110.29,110.29,1165.0
2017-12-13 10:09:00,110.25,110.32,110.24,110.32,2800.0
2017-12-13 10:10:00,110.37,110.375,110.275,110.3,2892.0
2017-12-13 10:11:00,110.33,110.39,110.33,110.34,1600.0
2017-12-13 10:12:00,110.285,110.305,110.27,110.3,1200.0
2017-12-13 10:13:00,110.37,110.37,110.3,110.3,1900.0
2017-12-13 10:14:00,110.52,110.58,110.4,110.4,1000.0
2017-12-13 10:15:00,110.39,110.5445,110.39,110.54,2565.0
2017-12-13 10:16:00,110.42,110.43,110.42,110.42,400.0
2017-12-13 10:17:00,110.37,110.37,110.37,110.37,100.0
2017-12-13 10:18:00,110.42,110.46,110.41,110.41,1551.0
2017-12-13 10:19:00,110.23,110.49,110.23,110.49,1400.0
2017-12-13 10:20:00,110.3495,110.36,110.3,110.3,1500.0
2017-12-13 10:21:00,110.32,110.32,110.32,110.32,100.0
2017-12-13 10:23:00,110.345,110.345,110.32,110.32,300.0
2017-12-13 10:24:00,110.38,110.38,110.38,110.38,400.0
2017-12-13 10:25:00,110.48,110.5,110.4318,110.49,1250.0
2017-12-13 10:26:00,110.5,110.5,110.5,110.5,100.0
2017-12-13 10:27:00,110.67,110.67,110.42,110.42,600.0
2017-12-13 10:28:00,110.7,110.7,110.69,110.69,200.0
2017-12-13 10:29:00,110.72,110.72,110.66,110.7,1800.0
2017-12-13 10:30:00,110.85,110.85,110.67,110.67,2230.0
2017-12-13 10:31:00,110.845,110.88,110.845,110.85,744.0
2017-12-13 10:32:00,110.96,110.96,110.89,110.89,1483.0
2017-12-13 10:33:00,110.9,110.94,110.87,110.88,3882.0
2017-12-13 10:34:00,111.045,111.065,110.95,110.95,3718.0
2017-12-13 10:35:00,111.05,111.05,111.045,111.045,1538.0
2017-12-13 10:36:00,110.96,111.055,110.96,111.05,1992.0
2017-12-13 10:37:00,111.02,111.02,110.95,110.95,729.0
2017-12-13 10:38:00,110.97,110.97,110.97,110.97,2900.0
2017-12-13 10:39:00,110.84,110.97,110.84,110.97,3129.0
2017-12-13 10:40:00,110.801,110.9,110.8,110.9,1800.0
2017-12-13 10:41:00,110.69,110.8,110.69,110.8,500.0
2017-12-13 10:42:00,110.68,110.69,110.68,110.69,200.0
2017-12-13 10:43:00,110.66,110.74,110.66,110.715,900.0
2017-12-13 10:44:00,110.67,110.68,110.63,110.68,400.0
2017-12-13 10:45:00,110.93,110.93,110.67,110.67,3952.0
2017-12-13 10:46:00,110.84,110.915,110.835,110.87,5100.0
2017-12-13 10:47:00,110.84,110.84,110.79,110.84,300.0
2017-12-13 10:48:00,110.63,110.8395,110.63,110.83,2228.0
2017-12-13 10:49:00,110.5675,110.57,110.5675,110.57,200.0
2017-12-13 10:50:00,110.77,110.79,110.63,110.63,3240.0
2017-12-13 10:51:00,110.71,110.71,110.7,110.71,400.0
2017-12-13 10:52:00,110.79,110.79,110.79,110.79,200.0
2017-12-13 10:53:00,110.78,110.8,110.67,110.8,4200.0
2017-12-13 10:54:00,110.68,110.8,110.68,110.78,400.0
2017-12-13 10:55:00,110.76,110.76,110.76,110.76,100.0
2017-12-13 10:56:00,110.72,110.73,110.67,110.68,3595.0
2017-12-13 10:57:00,110.68,110.7376,110.68,110.7376,235.0
2017-12-13 10:58:00,110.81,110.81,110.73,110.73,4006.0
2017-12-13 11:00:00,110.82,110.82,110.77,110.77,400.0
2017-12-13 11:01:00,110.76,110.82,110.76,110.795,1421.0
2017-12-13 11:02:00,110.74,110.81,110.74,110.75,2500.0
2017-12-13 11:03:00,110.6713,110.74,110.67,110.74,4248.0
2017-12-13 11:04:00,110.73,110.77,110.64,110.64,3855.0
2017-12-13 11:05:00,110.67,110.74,110.65,110.7,1732.0
2017-12-13 11:07:00,110.57,110.72,110.57,110.67,2300.0
2017-12-13 11:09:00,110.59,110.59,110.58,110.58,301.0
2017-12-13 11:10:00,110.59,110.61,110.52,110.58,3760.0
2017-12-13 11:11:00,110.55,110.59,110.54,110.58,1680.0
2017-12-13 11:12:00,110.58,110.58,110.58,110.58,100.0
2017-12-13 11:13:00,110.56,110.56,110.55,110.56,4917.0
2017-12-13 11:14:00,110.61,110.61,110.61,110.61,100.0
2017-12-13 11:15:00,110.58,110.58,110.55,110.55,300.0
2017-12-13 11:16:00,110.7,110.7,110.61,110.61,1842.0
2017-12-13 11:17:00,110.7,110.74,110.66,110.67,7250.0
2017-12-13 11:18:00,110.66,110.71,110.65,110.71,2442.0
2017-12-13 11:19:00,110.63,110.64,110.63,110.64,600.0
2017-12-13 11:21:00,110.595,110.635,110.55,110.6,2000.0
2017-12-13 11:22:00,110.595,110.64,110.5857,110.595,2156.0
2017-12-13 11:23:00,110.7,110.7,110.58,110.58,3600.0
2017-12-13 11:24:00,110.74,110.74,110.74,110.74,100.0
2017-12-13 11:25:00,110.89,110.89,110.77,110.77,1000.0
2017-12-13 11:26:00,110.77,110.9,110.76,110.89,1158.0
2017-12-13 11:27:00,110.705,110.78,110.69,110.78,1200.0
2017-12-13 11:28:00,110.78,110.78,110.69,110.69,300.0
2017-12-13 11:29:00,110.7,110.77,110.67,110.77,2900.0
2017-12-13 11:30:00,110.74,110.74,110.72,110.72,600.0
2017-12-13 11:31:00,110.77,110.8,110.725,110.725,1300.0
2017-12-13 11:32:00,110.78,110.78,110.78,110.78,200.0
2017-12-13 11:33:00,110.86,110.86,110.79,110.8,1700.0
2017-12-13 11:34:00,110.9,110.9,110.9,110.9,100.0
2017-12-13 11:35:00,110.98,110.98,110.9,110.9,800.0
2017-12-13 11:36:00,111.02,111.04,110.9688,110.9688,900.0
2017-12-13 11:38:00,110.89,111.02,110.89,111.02,2744.0
2017-12-13 11:39:00,110.8257,110.87,110.75,110.87,2250.0
2017-12-13 11:40:00,110.97,110.97,110.87,110.87,1280.0
2017-12-13 11:41:00,111.02,111.02,110.96,110.96,600.0
2017-12-13 11:42:00,110.995,110.995,110.96,110.96,300.0
2017-12-13 11:43:00,110.96,111.02,110.92,111.02,4107.0
2017-12-13 11:44:00,110.94,110.98,110.94,110.96,2423.0
2017-12-13 11:45:00,110.935,111.01,110.92,110.9659,2540.0
2017-12-13 11:46:00,110.85,110.93,110.85,110.9,1000.0
2017-12-13 11:47:00,111.03,111.03,110.89,110.89,1600.0
2017-12-13 11:48:00,111.115,111.115,111.0,111.0,1000.0
2017-12-13 11:49:00,111.12,111.12,111.12,111.12,100.0
2017-12-13 11:50:00,111.22,111.26,111.14,111.15,3000.0
2017-12-13 11:51:00,111.105,111.22,111.105,111.22,660.0
2017-12-13 11:52:00,110.98,111.13,110.98,111.13,3600.0
2017-12-13 11:53:00,111.01,111.01,110.89,110.96,4473.0
2017-12-13 11:54:00,111.01,111.055,110.94,111.02,2350.0
2017-12-13 11:55:00,111.085,111.085,111.05,111.05,1700.0
2017-12-13 11:56:00,111.27,111.275,111.13,111.13,2436.0
2017-12-13 11:57:00,111.25,111.25,111.175,111.22,2500.0
2017-12-13 11:58:00,111.21,111.25,111.2,111.25,1100.0
2017-12-13 11:59:00,111.22,111.22,111.175,111.21,1276.0
2017-12-13 12:00:00,111.34,111.34,111.23,111.245,1214.0
2017-12-13 12:01:00,111.26,111.26,111.18,111.23,3611.0
2017-12-13 12:02:00,111.29,111.3899,111.27,111.3,1545.0
2017-12-13 12:03:00,111.09,111.24,111.03,111.24,2200.0
2017-12-13 12:04:00,111.04,111.1,111.02,111.04,1600.0
2017-12-13 12:05:00,111.01,111.08,110.99,111.03,2500.0
2017-12-13 12:06:00,110.96,111.05,110.9,111.04,1600.0
2017-12-13 12:07:00,111.05,111.06,110.98,110.99,3100.0
2017-12-13 12:08:00,111.1,111.155,111.08,111.08,1369.0
2017-12-13 12:09:00,111.095,111.095,111.06,111.07,300.0
2017-12-13 12:10:00,110.93,111.07,110.93,111.07,1461.0
2017-12-13 12:11:00,111.13,111.13,110.92,110.97,2576.0
2017-12-13 12:12:00,111.15,111.18,111.15,111.18,538.0
2017-12-13 12:13:00,111.0985,111.11,111.0985,111.11,2615.0
2017-12-13 12:14:00,111.1,111.1,111.1,111.1,200.0
2017-12-13 12:15:00,111.05,111.1,111.05,111.1,500.0
2017-12-13 12:16:00,110.99,111.0501,110.96,111.045,3300.0
2017-12-13 12:17:00,111.11,111.11,111.005,111.005,1900.0
2017-12-13 12:18:00,111.07,111.16,111.07,111.15,4801.0
2017-12-13 12:19:00,111.115,111.13,111.0537,111.0537,2181.0
2017-12-13 12:20:00,111.13,111.13,111.13,111.13,700.0
2017-12-13 12:21:00,111.08,111.15,110.98,111.15,1700.0
2017-12-13 12:22:00,111.07,111.14,111.03,111.13,600.0
2017-12-13 12:23:00,111.14,111.14,111.09,111.09,2900.0
2017-12-13 12:25:00,110.96,111.1,110.96,111.1,1762.0
2017-12-13 12:26:00,111.05,111.05,110.99,111.009,5403.0
2017-12-13 12:27:00,111.14,111.14,111.09,111.09,406.0
2017-12-13 12:28:00,111.16,111.16,111.15,111.15,200.0
2017-12-13 12:29:00,111.21,111.21,111.16,111.16,932.0
2017-12-13 12:30:00,111.41,111.41,111.25,111.25,624.0
2017-12-13 12:31:00,111.33,111.43,111.32,111.4,5878.0
2017-12-13 12:32:00,111.41,111.41,111.35,111.35,700.0
2017-12-13 12:33:00,111.46,111.46,111.46,111.46,1700.0
2017-12-13 12:35:00,111.47,111.49,111.47,111.48,300.0
2017-12-13 12:36:00,111.47,111.52,111.41,111.41,4202.0
2017-12-13 12:38:00,111.49,111.51,111.485,111.51,400.0
2017-12-13 12:39:00,111.43,111.52,111.4196,111.52,3953.0
2017-12-13 12:40:00,111.43,111.43,111.43,111.43,800.0
2017-12-13 12:41:00,111.38,111.48,111.38,111.4,9508.0
2017-12-13 12:42:00,111.39200000000001,111.39200000000001,111.39200000000001,111.39200000000001,100.0
2017-12-13 12:43:00,111.465,111.57,111.42,111.42,4066.0
2017-12-13 12:45:00,111.57,111.58,111.54,111.54,926.0
2017-12-13 12:46:00,111.52,111.61,111.52,111.61,1001.0
2017-12-13 12:49:00,111.48,111.48,111.48,111.48,400.0
2017-12-13 12:50:00,111.51,111.53,111.47,111.48,10736.0
2017-12-13 12:51:00,111.475,111.5,111.45,111.49,1050.0
2017-12-13 12:52:00,111.5125,111.5125,111.48,111.48,1838.0
2017-12-13 12:53:00,111.5,111.54,111.45,111.52,3683.0
2017-12-13 12:54:00,111.52,111.52,111.52,111.52,100.0
2017-12-13 12:55:00,111.51,111.51,111.51,111.51,500.0
2017-12-13 12:56:00,111.54,111.54,111.54,111.54,100.0
2017-12-13 12:58:00,111.54,111.54,111.54,111.54,1863.0
2017-12-13 12:59:00,111.54,111.56,111.53,111.56,2541.0
2017-12-13 13:00:00,111.55,111.55,111.51,111.55,400.0
2017-12-13 13:01:00,111.62,111.62,111.55,111.55,1972.0
2017-12-13 13:02:00,111.56,111.61,111.56,111.57,2859.0
2017-12-13 13:03:00,111.62,111.62,111.54,111.59,2100.0
2017-12-13 13:05:00,111.49,111.56,111.49,111.56,1300.0
2017-12-13 13:06:00,111.45,111.5182,111.45,111.5182,443.0
2017-12-13 13:07:00,111.46,111.52,111.46,111.51,1240.0
2017-12-13 13:08:00,111.49,111.51,111.49,111.51,300.0
2017-12-13 13:09:00,111.43,111.51,111.43,111.51,1202.0
2017-12-13 13:11:00,111.47,111.48,111.45,111.48,300.0
2017-12-13 13:12:00,111.445,111.445,111.445,111.445,500.0
2017-12-13 13:13:00,111.41,111.445,111.38,111.435,6144.0
2017-12-13 13:14:00,111.32,111.38,111.23,111.38,2100.0
2017-12-13 13:15:00,111.295,111.38,111.29,111.38,3201.0
2017-12-13 13:16:00,111.38,111.38,111.27,111.27,2806.0
2017-12-13 13:17:00,111.41,111.41,111.41,111.41,200.0
2017-12-13 13:18:00,111.35,111.41,111.35,111.41,200.0
2017-12-13 13:19:00,111.34,111.41,111.34,111.41,1310.0
2017-12-13 13:20:00,111.34,111.37,111.3,111.35,1301.0
2017-12-13 13:21:00,111.35,111.35,111.35,111.35,100.0
2017-12-13 13:22:00,111.4,111.41,111.366,111.366,981.0
2017-12-13 13:23:00,111.2575,111.41,111.2575,111.4,1400.0
2017-12-13 13:24:00,111.35,111.35,111.275,111.275,768.0
2017-12-13 13:26:00,111.39,111.39,111.39,111.39,200.0
2017-12-13 13:27:00,111.425,111.425,111.39,111.39,1300.0
2017-12-13 13:28:00,111.425,111.425,111.425,111.425,100.0
2017-12-13 13:29:00,111.46,111.46,111.39,111.39,500.0
2017-12-13 13:30:00,111.44,111.44,111.38,111.42,1004.0
2017-12-13 13:31:00,111.31,111.41,111.31,111.41,1200.0
2017-12-13 13:32:00,111.28,111.32,111.22,111.32,700.0
2017-12-13 13:33:00,111.285,111.33,111.285,111.3,1100.0
2017-12-13 13:35:00,111.21,111.33,111.21,111.3,2595.0
2017-12-13 13:36:00,111.23,111.25,111.21,111.25,400.0
2017-12-13 13:37:00,111.29,111.34,111.24,111.25,2496.0
2017-12-13 13:38:00,111.32,111.35,111.19,111.19,1100.0
2017-12-13 13:39:00,111.3483,111.3483,111.3483,111.3483,167.0
2017-12-13 13:40:00,111.4,111.4,111.31,111.34,1500.0
2017-12-13 13:41:00,111.185,111.36,111.185,111.36,2802.0
2017-12-13 13:42:00,111.2,111.2,111.2,111.2,100.0
2017-12-13 13:43:00,111.24,111.25,111.23,111.23,1565.0
2017-12-13 13:44:00,111.28,111.28,111.28,111.28,100.0
2017-12-13 13:45:00,111.325,111.325,111.17,111.3,4100.0
2017-12-13 13:48:00,111.38,111.38,111.38,111.38,400.0
2017-12-13 13:49:00,111.285,111.375,111.19,111.375,4566.0
2017-12-13 13:50:00,111.35,111.35,111.3,111.3,2200.0
2017-12-13 13:51:00,111.32,111.38,111.29,111.38,2262.0
2017-12-13 13:53:00,111.3,111.36,111.28,111.36,907.0
2017-12-13 13:54:00,111.295,111.3,111.27,111.3,2132.0
2017-12-13 13:55:00,111.25,111.265,111.25,111.25,500.0
2017-12-13 13:56:00,111.32,111.32,111.24,111.24,1633.0
2017-12-13 13:57:00,111.34,111.36,111.32,111.32,833.0
2017-12-13 13:58:00,111.36,111.38,111.35,111.35,700.0
2017-12-13 13:59:00,111.3,111.37,111.3,111.37,700.0
2017-12-13 14:00:00,111.35,111.35,111.25,111.25,1346.0
2017-12-13 14:01:00,111.4427,111.47,111.38,111.42,1300.0
2017-12-13 14:02:00,111.22,111.54,111.22,111.41,2900.0
2017-12-13 14:03:00,111.215,111.295,111.215,111.27,800.0
2017-12-13 14:05:00,111.3,111.32,111.2275,111.27,1700.0
2017-12-13 14:06:00,111.25,111.25,111.18,111.22,600.0
2017-12-13 14:07:00,111.37,111.37,111.25,111.25,2670.0
2017-12-13 14:08:00,111.26,111.36,111.26,111.36,1508.0
2017-12-13 14:09:00,111.4,111.4,111.32,111.32,1300.0
2017-12-13 14:10:00,111.3,111.4,111.28,111.4,1951.0
2017-12-13 14:11:00,111.28,111.34,111.25,111.28,1004.0
2017-12-13 14:12:00,111.26,111.27,111.26,111.27,300.0
2017-12-13 14:13:00,111.26,111.34,111.26,111.29,2802.0
2017-12-13 14:14:00,111.265,111.3252,111.19,111.29,1643.0
2017-12-13 14:15:00,111.34,111.35,111.28,111.28,1839.0
2017-12-13 14:16:00,111.41,111.44,111.41,111.44,580.0
2017-12-13 14:17:00,111.4,111.41,111.33,111.41,2372.0
2017-12-13 14:18:00,111.49,111.49,111.41,111.45,2500.0
2017-12-13 14:19:00,111.69,111.69,111.5,111.57,800.0
2017-12-13 14:20:00,111.49,111.64,111.44,111.62,1859.0
2017-12-13 14:21:00,111.37,111.46,111.37,111.43,500.0
2017-12-13 14:22:00,111.5,111.55,111.33,111.33,2132.0
2017-12-13 14:25:00,111.43,111.56,111.31,111.56,3000.0
2017-12-13 14:27:00,111.45,111.45,111.4371,111.4371,300.0
2017-12-13 14:28:00,111.4,111.4446,111.4,111.4446,801.0
2017-12-13 14:30:00,111.45,111.45,111.37,111.42,2288.0
2017-12-13 14:31:00,111.45,111.45,111.4,111.44,703.0
2017-12-13 14:32:00,111.46,111.46,111.4,111.4,1000.0
2017-12-13 14:33:00,111.49,111.49,111.47,111.47,200.0
2017-12-13 14:34:00,111.41,111.44,111.375,111.41,911.0
2017-12-13 14:35:00,111.42,111.47,111.42,111.42,1600.0
2017-12-13 14:36:00,111.395,111.45,111.36,111.45,1640.0
2017-12-13 14:37:00,111.285,111.32,111.26,111.32,784.0
2017-12-13 14:38:00,111.39,111.39,111.32,111.32,2400.0
2017-12-13 14:39:00,111.4073,111.42,111.35,111.395,2222.0
2017-12-13 14:40:00,111.53,111.55,111.42,111.42,2461.0
2017-12-13 14:41:00,111.49,111.52,111.43,111.52,700.0
2017-12-13 14:43:00,111.61,111.61,111.495,111.51,2680.0
2017-12-13 14:44:00,111.46,111.6364,111.46,111.61,4231.0
2017-12-13 14:45:00,111.51,111.51,111.51,111.51,100.0
2017-12-13 14:46:00,111.4,111.54,111.4,111.53,500.0
2017-12-13 14:47:00,111.5,111.5,111.41,111.41,1300.0
2017-12-13 14:48:00,111.46,111.53,111.42,111.48,2109.0
2017-12-13 14:49:00,111.52,111.57,111.46,111.49,1921.0
2017-12-13 14:50:00,111.45,111.45,111.43,111.43,400.0
2017-12-13 14:51:00,111.48,111.5,111.48,111.5,658.0
2017-12-13 14:52:00,111.345,111.43,111.32,111.43,1210.0
2017-12-13 14:53:00,111.45,111.45,111.4,111.45,539.0
2017-12-13 14:54:00,111.49,111.55,111.39,111.45,3221.0
2017-12-13 14:55:00,111.49,111.5,111.44,111.44,519.0
2017-12-13 14:56:00,111.53,111.55,111.5,111.52,960.0
2017-12-13 14:57:00,111.46,111.52,111.44,111.47,2858.0
2017-12-13 14:58:00,111.5,111.5,111.44,111.44,2715.0
2017-12-13 14:59:00,111.45,111.52,111.45,111.49,1902.0
2017-12-13 15:00:00,111.53,111.53,111.43,111.43,1100.0
2017-12-13 15:01:00,111.425,111.59,111.41,111.57,4494.0
2017-12-13 15:02:00,111.57,111.57,111.45,111.45,2806.0
2017-12-13 15:03:00,111.66,111.66,111.61,111.61,1300.0
2017-12-13 15:04:00,111.56,111.67,111.56,111.67,1600.0
2017-12-13 15:05:00,111.56,111.56,111.56,111.56,100.0
2017-12-13 15:06:00,111.52,111.59,111.49,111.56,4245.0
2017-12-13 15:07:00,111.46,111.52,111.41,111.52,2650.0
2017-12-13 15:08:00,111.42,111.45,111.42,111.42,1400.0
2017-12-13 15:09:00,111.44,111.47,111.4,111.46,2078.0
2017-12-13 15:10:00,111.38,111.38,111.38,111.38,100.0
2017-12-13 15:11:00,111.445,111.5,111.405,111.43,3102.0
2017-12-13 15:12:00,111.4,111.47,111.4,111.47,2050.0
2017-12-13 15:13:00,111.43,111.44,111.41,111.44,1400.0
2017-12-13 15:14:00,111.41,111.43,111.4,111.43,3304.0
2017-12-13 15:15:00,111.37,111.385,111.37,111.385,400.0
2017-12-13 15:16:00,111.4,111.41,111.39,111.4,2613.0
2017-12-13 15:17:00,111.43,111.43,111.39,111.39,1600.0
2017-12-13 15:18:00,111.46,111.47,111.43,111.43,1432.0
2017-12-13 15:19:00,111.45,111.46,111.43,111.46,2700.0
2017-12-13 15:20:00,111.47,111.47,111.45,111.46,1301.0
2017-12-13 15:21:00,111.47,111.48,111.45,111.47,1374.0
2017-12-13 15:22:00,111.42,111.45,111.42,111.45,700.0
2017-12-13 15:23:00,111.4,111.44,111.39,111.44,2363.0
2017-12-13 15:25:00,111.39,111.4,111.38,111.39,2440.0
2017-12-13 15:26:00,111.35,111.41,111.35,111.41,901.0
2017-12-13 15:27:00,111.295,111.36,111.295,111.36,1000.0
2017-12-13 15:28:00,111.23,111.31,111.23,111.31,1500.0
2017-12-13 15:29:00,111.27,111.27,111.2,111.2,3250.0
2017-12-13 15:30:00,111.245,111.245,111.245,111.245,300.0
2017-12-13 15:31:00,111.31,111.36,111.26,111.26,3427.0
2017-12-13 15:32:00,111.31,111.32,111.28,111.32,2501.0
2017-12-13 15:33:00,111.31,111.34,111.31,111.34,1193.0
2017-12-13 15:34:00,111.265,111.29,111.25,111.28,2228.0
2017-12-13 15:35:00,111.24,111.27,111.24,111.27,800.0
2017-12-13 15:36:00,111.31,111.31,111.24,111.24,3559.0
2017-12-13 15:37:00,111.35,111.35,111.34,111.34,1000.0
2017-12-13 15:38:00,111.37,111.37,111.35,111.36,600.0
2017-12-13 15:39:00,111.34,111.36,111.33,111.36,2848.0
2017-12-13 15:40:00,111.25,111.34,111.2,111.325,3760.0
2017-12-13 15:41:00,111.2,111.26,111.18,111.25,2448.0
2017-12-13 15:42:00,111.18,111.18,111.09,111.18,5294.0
2017-12-13 15:43:00,111.21,111.2225,111.17,111.2,3478.0
2017-12-13 15:44:00,111.15,111.18,111.15,111.18,1600.0
2017-12-13 15:45:00,111.15,111.17,111.12,111.15,3207.0
2017-12-13 15:46:00,111.08,111.2,111.08,111.16,3160.0
2017-12-13 15:47:00,111.12,111.18,111.1,111.11,3500.0
2017-12-13 15:48:00,111.12,111.18,111.12,111.15,1300.0
2017-12-13 15:49:00,111.05,111.15,111.05,111.12,1900.0
2017-12-13 15:50:00,111.05,111.13,111.03,111.11,2916.0
2017-12-13 15:51:00,111.02,111.06,111.0,111.06,6899.0
2017-12-13 15:52:00,110.95,111.01,110.94,111.0,3000.0
2017-12-13 15:53:00,110.95,110.98,110.93,110.94,3742.0
2017-12-13 15:54:00,110.95,110.99,110.93,110.93,3489.0
2017-12-13 15:55:00,110.97,110.97,110.91,110.93,2200.0
2017-12-13 15:56:00,110.98,111.02,110.92,110.92,5202.0
2017-12-13 15:57:00,110.98,110.99,110.97,110.97,3059.0
2017-12-13 15:58:00,110.9,111.0,110.9,110.98,3947.0
2017-12-13 15:59:00,110.88,110.96,110.88,110.92,7343.0
2017-12-13 16:00:00,110.95,110.97,110.88,110.89,6924.0
2017-12-14 09:30:00,111.01,111.01,111.01,111.01,3016.0
2017-12-14 09:33:00,110.98,110.98,110.98,110.98,500.0
2017-12-14 09:34:00,111.05,111.16,111.05,111.16,400.0
2017-12-14 09:36:00,110.68,111.055,110.68,111.0,5200.0
2017-12-14 09:37:00,110.5,110.73,110.4,110.68,11039.0
2017-12-14 09:38:00,110.51,110.71,110.51,110.71,1500.0
2017-12-14 09:39:00,110.9,110.9,110.5,110.54,5600.0
2017-12-14 09:40:00,110.74,110.74,110.74,110.74,300.0
2017-12-14 09:41:00,110.77,110.82,110.745,110.745,1800.0
2017-12-14 09:42:00,110.8,110.8,110.8,110.8,100.0
2017-12-14 09:43:00,110.78,110.78,110.78,110.78,100.0
2017-12-14 09:44:00,110.55,110.78,110.55,110.78,1000.0
2017-12-14 09:46:00,110.58,110.58,110.58,110.58,100.0
2017-12-14 09:47:00,110.5,110.6,110.5,110.59,6994.0
2017-12-14 09:48:00,110.38,110.54,110.38,110.5,9003.0
2017-12-14 09:49:00,110.4,110.44,110.36,110.42,2500.0
2017-12-14 09:50:00,110.35,110.35,110.35,110.35,100.0
2017-12-14 09:51:00,110.5,110.5,110.38,110.38,2700.0
2017-12-14 09:52:00,110.36,110.5,110.36,110.48,3404.0
2017-12-14 09:53:00,110.34,110.36,110.34,110.35,4788.0
2017-12-14 09:54:00,110.5,110.55,110.39,110.39,7516.0
2017-12-14 09:55:00,110.58,110.58,110.48,110.49,3400.0
2017-12-14 09:56:00,110.695,110.75,110.57,110.57,3106.0
2017-12-14 09:58:00,110.715,110.78,110.7,110.72,1600.0
2017-12-14 09:59:00,110.75,110.82,110.75,110.78,700.0
2017-12-14 10:00:00,110.7,110.75,110.7,110.75,600.0
2017-12-14 10:01:00,110.735,110.78,110.69,110.69,500.0
2017-12-14 10:02:00,110.69,110.7453,110.69,110.7453,1622.0
2017-12-14 10:03:00,110.77,110.79,110.66,110.66,2547.0
2017-12-14 10:04:00,110.785,110.82,110.77,110.77,700.0
2017-12-14 10:05:00,110.76,110.82,110.75,110.785,1300.0
2017-12-14 10:06:00,110.76,110.77,110.72,110.77,400.0
2017-12-14 10:07:00,110.8,110.8,110.72,110.76,2977.0
2017-12-14 10:08:00,110.765,110.79,110.76,110.79,300.0
2017-12-14 10:09:00,110.87,110.87,110.755,110.755,3700.0
2017-12-14 10:10:00,110.91,110.915,110.85,110.85,700.0
2017-12-14 10:11:00,110.86,110.875,110.82,110.87,2900.0
2017-12-14 10:12:00,110.87,110.87,110.85,110.87,600.0
2017-12-14 10:13:00,110.87,110.9,110.86,110.86,1500.0
2017-12-14 10:14:00,110.87,110.87,110.8606,110.8606,608.0
2017-12-14 10:15:00,110.91,110.94,110.87,110.87,1600.0
2017-12-14 10:16:00,110.835,110.93,110.835,110.92,2616.0
2017-12-14 10:17:00,110.815,110.83,110.8,110.83,1659.0
2017-12-14 10:18:00,110.78,110.85,110.78,110.81,3120.0
2017-12-14 10:19:00,110.765,110.785,110.76,110.785,1400.0
2017-12-14 10:20:00,110.87,110.92,110.78,110.78,5400.0
2017-12-14 10:21:00,110.87,110.89,110.845,110.89,1500.0
2017-12-14 10:23:00,110.88,110.95,110.85,110.85,2260.0
2017-12-14 10:24:00,110.84,110.84,110.84,110.84,100.0
2017-12-14 10:25:00,110.9,110.9,110.88,110.88,300.0
2017-12-14 10:26:00,110.84,110.93,110.84,110.9,14060.0
2017-12-14 10:27:00,110.935,110.97,110.8207,110.835,4792.0
2017-12-14 10:28:00,110.89,110.92,110.85,110.92,3700.0
2017-12-14 10:29:00,110.86,110.89,110.84,110.86,5375.0
2017-12-14 10:30:00,110.7,110.9,110.655,110.88,15720.0
2017-12-14 10:31:00,110.775,110.815,110.67,110.67,3040.0
2017-12-14 10:32:00,110.69,110.7,110.69,110.7,1300.0
2017-12-14 10:33:00,110.76,110.815,110.71,110.74,2606.0
2017-12-14 10:34:00,110.71,110.75,110.71,110.75,428.0
2017-12-14 10:35:00,110.72,110.72,110.7,110.7,900.0
2017-12-14 10:36:00,110.73,110.73,110.72,110.72,600.0
2017-12-14 10:37:00,110.73,110.775,110.73,110.775,1200.0
2017-12-14 10:38:00,110.74,110.75,110.73,110.73,600.0
2017-12-14 10:39:00,110.69,110.69,110.69,110.69,200.0
2017-12-14 10:40:00,110.6,110.6,110.6,110.6,100.0
2017-12-14 10:41:00,110.6,110.62,110.6,110.61,500.0
2017-12-14 10:42:00,110.575,110.61,110.53,110.55,2700.0
2017-12-14 10:43:00,110.61,110.61,110.6,110.6,985.0
2017-12-14 10:44:00,110.57,110.59,110.57,110.58,700.0
2017-12-14 10:45:00,110.58,110.58,110.56,110.58,300.0
2017-12-14 10:46:00,110.555,110.59,110.555,110.555,400.0
2017-12-14 10:47:00,110.55,110.56,110.52,110.555,700.0
2017-12-14 10:48:00,110.635,110.65,110.565,110.565,3433.0
2017-12-14 10:49:00,110.6374,110.64,110.62,110.64,1029.0
2017-12-14 10:50:00,110.6,110.62,110.6,110.62,600.0
2017-12-14 10:51:00,110.62,110.62,110.62,110.62,432.0
2017-12-14 10:52:00,110.63,110.66,110.58,110.625,2440.0
2017-12-14 10:53:00,110.64,110.65,110.62,110.65,500.0
2017-12-14 10:54:00,110.71,110.71,110.66,110.66,700.0
2017-12-14 10:55:00,110.74,110.74,110.68,110.68,500.0
2017-12-14 10:56:00,110.8,110.8,110.74,110.74,500.0
2017-12-14 10:57:00,110.8,110.86,110.8,110.84,1650.0
2017-12-14 10:58:00,110.75,110.8072,110.75,110.8072,1240.0
2017-12-14 10:59:00,110.59,110.72,110.56,110.72,2359.0
2017-12-14 11:00:00,110.56,110.58,110.56,110.58,1400.0
2017-12-14 11:01:00,110.5298,110.58,110.525,110.58,1594.0
2017-12-14 11:02:00,110.59,110.59,110.5,110.5,4500.0
2017-12-14 11:03:00,110.53,110.59,110.5,110.58,2812.0
2017-12-14 11:04:00,110.45,110.53,110.45,110.53,1080.0
2017-12-14 11:05:00,110.53,110.53,110.46,110.46,1400.0
2017-12-14 11:06:00,110.58,110.58,110.5,110.5,420.0
2017-12-14 11:07:00,110.55,110.55,110.52,110.54,500.0
2017-12-14 11:09:00,110.66,110.66,110.575,110.575,900.0
2017-12-14 11:10:00,110.68,110.68,110.61,110.66,1300.0
2017-12-14 11:11:00,110.7,110.7,110.61,110.63,823.0
2017-12-14 11:12:00,110.7,110.7,110.7,110.7,100.0
2017-12-14 11:13:00,110.73,110.76,110.68,110.7396,5599.0
2017-12-14 11:14:00,110.7,110.7,110.7,110.7,300.0
2017-12-14 11:15:00,110.7,110.7,110.7,110.7,100.0
2017-12-14 11:16:00,110.66,110.72,110.66,110.72,399.0
2017-12-14 11:17:00,110.44,110.63,110.44,110.63,3871.0
2017-12-14 11:18:00,110.52,110.54,110.46,110.46,2439.0
2017-12-14 11:19:00,110.57,110.57,110.52,110.52,200.0
2017-12-14 11:20:00,110.6,110.6,110.6,110.6,100.0
2017-12-14 11:21:00,110.615,110.62,110.615,110.62,300.0
2017-12-14 11:22:00,110.58,110.7,110.53,110.65,2516.0
2017-12-14 11:23:00,110.61,110.61,110.61,110.61,300.0
2017-12-14 11:24:00,110.7,110.7,110.6245,110.6245,281.0
2017-12-14 11:26:00,110.72,110.72,110.6301,110.66,912.0
2017-12-14 11:27:00,110.72,110.76,110.7,110.73,1800.0
2017-12-14 11:28:00,110.74,110.76,110.7,110.7,1200.0
2017-12-14 11:29:00,110.795,110.81,110.795,110.81,200.0
2017-12-14 11:30:00,110.9,110.9,110.81,110.81,500.0
2017-12-14 11:31:00,110.9,110.92,110.9,110.92,1200.0
2017-12-14 11:32:00,110.74,110.94,110.7,110.91,9400.0
2017-12-14 11:33:00,110.79,110.79,110.73,110.76,1720.0
2017-12-14 11:35:00,110.735,110.735,110.735,110.735,200.0
2017-12-14 11:37:00,110.735,110.735,110.735,110.735,200.0
2017-12-14 11:38:00,110.77,110.77,110.735,110.7699,1575.0
2017-12-14 11:39:00,110.91,110.91,110.77,110.77,2830.0
2017-12-14 11:40:00,110.84,110.85,110.77,110.85,1800.0
2017-12-14 11:41:00,110.84,110.84,110.84,110.84,100.0
2017-12-14 11:42:00,110.88,110.88,110.8205,110.84,1200.0
2017-12-14 11:43:00,110.88,110.94,110.81,110.83,7435.0
2017-12-14 11:44:00,110.9,110.9,110.8,110.87,3400.0
2017-12-14 11:46:00,110.865,110.865,110.82,110.83,1000.0
2017-12-14 11:47:00,110.89,110.89,110.82,110.86,1511.0
2017-12-14 11:48:00,110.88,110.88,110.83,110.84,800.0
2017-12-14 11:49:00,110.85,110.85,110.82,110.82,400.0
2017-12-14 11:50:00,110.835,110.835,110.835,110.835,200.0
2017-12-14 11:51:00,110.79,110.835,110.77,110.82,3715.0
2017-12-14 11:52:00,110.78,110.82,110.78,110.81,600.0
2017-12-14 11:53:00,110.79,110.8,110.77,110.78,4527.0
2017-12-14 11:54:00,110.7425,110.79,110.73,110.79,4100.0
2017-12-14 11:55:00,110.635,110.73,110.635,110.71,2800.0
2017-12-14 11:56:00,110.63,110.65,110.63,110.64,800.0
2017-12-14 11:57:00,110.71,110.71,110.67,110.7,1492.0
2017-12-14 11:58:00,110.71,110.71,110.64,110.71,2157.0
2017-12-14 12:00:00,110.65,110.67,110.65,110.67,400.0
2017-12-14 12:01:00,110.66,110.66,110.62,110.62,300.0
2017-12-14 12:02:00,110.625,110.67,110.625,110.6361,1609.0
2017-12-14 12:03:00,110.63,110.65,110.63,110.63,900.0
2017-12-14 12:05:00,110.63,110.63,110.63,110.63,500.0
2017-12-14 12:06:00,110.61,110.61,110.6,110.6,600.0
2017-12-14 12:07:00,110.54,110.62,110.52,110.6,3600.0
2017-12-14 12:08:00,110.49,110.53,110.49,110.53,600.0
2017-12-14 12:11:00,110.5,110.5,110.5,110.5,100.0
2017-12-14 12:12:00,110.48,110.48,110.44,110.46,2000.0
2017-12-14 12:13:00,110.5,110.5,110.48,110.48,2069.0
2017-12-14 12:14:00,110.5,110.5,110.49,110.49,900.0
2017-12-14 12:15:00,110.42,110.47,110.42,110.47,2300.0
2017-12-14 12:16:00,110.47,110.47,110.47,110.47,100.0
2017-12-14 12:17:00,110.48,110.48,110.455,110.455,1700.0
2017-12-14 12:18:00,110.43,110.48,110.43,110.455,6300.0
2017-12-14 12:19:00,110.48,110.48,110.43,110.44,5680.0
2017-12-14 12:23:00,110.435,110.47,110.435,110.47,740.0
2017-12-14 12:24:00,110.46,110.4754,110.46,110.4754,457.0
2017-12-14 12:26:00,110.54,110.56,110.47,110.48,3101.0
2017-12-14 12:27:00,110.525,110.525,110.5001,110.5001,225.0
2017-12-14 12:29:00,110.52,110.53,110.52,110.52,1000.0
2017-12-14 12:30:00,110.52,110.56,110.52,110.52,3434.0
2017-12-14 12:31:00,110.54,110.54,110.52,110.52,300.0
2017-12-14 12:33:00,110.41,110.49,110.41,110.49,900.0
2017-12-14 12:35:00,110.4,110.4,110.4,110.4,200.0
2017-12-14 12:37:00,110.33,110.38,110.33,110.38,500.0
2017-12-14 12:38:00,110.32,110.32,110.31,110.31,700.0
2017-12-14 12:39:00,110.31,110.34,110.31,110.34,1520.0
2017-12-14 12:40:00,110.31,110.31,110.31,110.31,361.0
2017-12-14 12:41:00,110.35,110.35,110.35,110.35,100.0
2017-12-14 12:42:00,110.33,110.33,110.33,110.33,100.0
2017-12-14 12:46:00,110.34,110.34,110.34,110.34,100.0
2017-12-14 12:47:00,110.38,110.38,110.38,110.38,601.0
2017-12-14 12:48:00,110.39,110.39,110.37,110.38,1916.0
2017-12-14 12:49:00,110.44,110.45,110.4,110.4,4318.0
2017-12-14 12:50:00,110.36,110.45,110.36,110.44,2736.0
2017-12-14 12:51:00,110.33,110.385,110.33,110.36,800.0
2017-12-14 12:53:00,110.155,110.3,110.155,110.3,1383.0
2017-12-14 12:54:00,110.285,110.31,110.16,110.16,1400.0
2017-12-14 12:55:00,110.2,110.2601,110.2,110.2601,1000.0
2017-12-14 12:56:00,110.2342,110.255,110.22,110.22,519.0
2017-12-14 12:57:00,110.2,110.21,110.2,110.21,500.0
2017-12-14 12:58:00,110.2099,110.21,110.2,110.21,1655.0
2017-12-14 12:59:00,110.14,110.19,110.1001,110.1001,500.0
2017-12-14 13:00:00,110.14,110.17,110.14,110.15,1400.0
2017-12-14 13:01:00,110.1,110.13,110.1,110.13,300.0
2017-12-14 13:02:00,110.1101,110.1101,110.11,110.11,300.0
2017-12-14 13:03:00,110.11,110.11,110.11,110.11,100.0
2017-12-14 13:04:00,110.14,110.19,110.14,110.16,3317.0
2017-12-14 13:05:00,110.17,110.18,110.15,110.155,1500.0
2017-12-14 13:08:00,110.12,110.12,110.12,110.12,100.0
2017-12-14 13:10:00,110.13,110.13,110.13,110.13,300.0
2017-12-14 13:11:00,110.15,110.15,110.12,110.13,3843.0
2017-12-14 13:12:00,110.05,110.05,110.05,110.05,101.0
2017-12-14 13:13:00,110.05,110.11,110.05,110.05,1001.0
2017-12-14 13:14:00,110.05,110.05,110.05,110.05,299.0
2017-12-14 13:15:00,110.05,110.05,110.05,110.05,200.0
2017-12-14 13:16:00,110.07,110.09,110.05,110.08,1420.0
2017-12-14 13:17:00,110.02,110.11,110.02,110.07,1400.0
2017-12-14 13:18:00,110.04,110.1,110.04,110.075,1300.0
2017-12-14 13:19:00,110.03,110.03,110.03,110.03,500.0
2017-12-14 13:20:00,110.05,110.07,110.01,110.06,4165.0
2017-12-14 13:21:00,110.05,110.07,110.02,110.05,2500.0
2017-12-14 13:22:00,110.05,110.05,110.05,110.05,200.0
2017-12-14 13:23:00,110.05,110.05,110.05,110.05,300.0
2017-12-14 13:24:00,110.09,110.09,110.07,110.08,800.0
2017-12-14 13:25:00,110.06,110.09,110.06,110.09,500.0
2017-12-14 13:26:00,110.07,110.07,110.07,110.07,325.0
2017-12-14 13:27:00,110.11,110.12,110.09,110.09,2860.0
2017-12-14 13:29:00,110.1,110.15,110.095,110.1,6105.0
2017-12-14 13:30:00,110.11,110.13,110.1,110.1,500.0
2017-12-14 13:31:00,110.2597,110.2597,110.15,110.15,1300.0
2017-12-14 13:32:00,110.2,110.26,110.17,110.21,3780.0
2017-12-14 13:33:00,110.1,110.2,110.1,110.2,700.0
2017-12-14 13:34:00,110.095,110.095,110.095,110.095,100.0
2017-12-14 13:35:00,110.03,110.1,110.03,110.08,2106.0
2017-12-14 13:36:00,110.11,110.11,110.05,110.06,3951.0
2017-12-14 13:37:00,109.94,110.09,109.94,110.055,3013.0
2017-12-14 13:39:00,109.89,109.89,109.89,109.89,100.0
2017-12-14 13:40:00,109.81,109.89,109.77,109.89,3869.0
2017-12-14 13:41:00,109.9,109.905,109.8,109.8,1859.0
2017-12-14 13:42:00,109.87,109.9,109.87,109.9,300.0
2017-12-14 13:43:00,109.87,109.87,109.87,109.87,300.0
2017-12-14 13:44:00,109.85,109.9,109.85,109.87,1010.0
2017-12-14 13:45:00,109.75,109.77,109.74,109.76,1025.0
2017-12-14 13:46:00,109.75,109.81,109.74,109.79,2591.0
2017-12-14 13:47:00,109.75,109.8,109.74,109.8,600.0
2017-12-14 13:48:00,109.78,109.81,109.71,109.74,5500.0
2017-12-14 13:49:00,109.81,109.82,109.75,109.78,1700.0
2017-12-14 13:50:00,109.79,109.82,109.79,109.82,1900.0
2017-12-14 13:51:00,109.84,109.84,109.795,109.795,1700.0
2017-12-14 13:52:00,109.77,109.83,109.77,109.83,10100.0
2017-12-14 13:53:00,109.9,109.905,109.78,109.78,7401.0
2017-12-14 13:54:00,109.855,109.88,109.83,109.88,2600.0
2017-12-14 13:55:00,109.78,109.88,109.78,109.88,4246.0
2017-12-14 13:56:00,109.76,109.79,109.72,109.74,1302.0
2017-12-14 13:57:00,109.84,109.84,109.741,109.741,6154.0
2017-12-14 13:58:00,109.85,109.89,109.825,109.83,5800.0
2017-12-14 13:59:00,109.66,109.85,109.66,109.85,8245.0
2017-12-14 14:00:00,109.72,109.72,109.604,109.635,1100.0
2017-12-14 14:01:00,109.68,109.68,109.65,109.65,1765.0
2017-12-14 14:02:00,109.73,109.74,109.65,109.65,3220.0
2017-12-14 14:03:00,109.65,109.72,109.65,109.72,391.0
2017-12-14 14:04:00,109.56,109.66,109.56,109.66,700.0
2017-12-14 14:05:00,109.7081,109.7081,109.6,109.62,1100.0
2017-12-14 14:06:00,109.74,109.77,109.65,109.68,5044.0
2017-12-14 14:07:00,109.73,109.77,109.73,109.77,447.0
2017-12-14 14:08:00,109.66,109.6864,109.66,109.6864,960.0
2017-12-14 14:09:00,109.71,109.71,109.685,109.71,440.0
2017-12-14 14:11:00,109.66,109.67,109.59,109.67,2471.0
2017-12-14 14:12:00,109.56,109.56,109.56,109.56,300.0
2017-12-14 14:13:00,109.69,109.69,109.55,109.56,1600.0
2017-12-14 14:15:00,109.62,109.63,109.62,109.62,600.0
2017-12-14 14:17:00,109.66,109.67,109.62,109.64,1196.0
2017-12-14 14:18:00,109.7,109.7,109.65,109.65,1300.0
2017-12-14 14:19:00,109.665,109.71,109.65,109.67,2822.0
2017-12-14 14:20:00,109.6,109.7,109.6,109.68,1832.0
2017-12-14 14:21:00,109.59,109.61,109.59,109.6,900.0
2017-12-14 14:22:00,109.57,109.59,109.55,109.57,1742.0
2017-12-14 14:23:00,109.4681,109.58,109.44,109.57,2640.0
2017-12-14 14:24:00,109.48,109.48,109.44,109.44,2499.0
2017-12-14 14:25:00,109.46,109.49,109.46,109.49,700.0
2017-12-14 14:26:00,109.46,109.46,109.42,109.44,661.0
2017-12-14 14:27:00,109.51,109.51,109.42,109.42,1748.0
2017-12-14 14:28:00,109.52,109.56,109.52,109.54,1900.0
2017-12-14 14:29:00,109.49,109.54,109.46,109.54,2900.0
2017-12-14 14:30:00,109.43,109.46,109.43,109.45,1104.0
2017-12-14 14:31:00,109.53,109.53,109.44,109.44,900.0
2017-12-14 14:33:00,109.55,109.55,109.53,109.55,500.0
2017-12-14 14:34:00,109.58,109.58,109.55,109.55,2246.0
2017-12-14 14:35:00,109.56,109.56,109.56,109.56,100.0
2017-12-14 14:36:00,109.52,109.56,109.47,109.56,2600.0
2017-12-14 14:37:00,109.53,109.53,109.53,109.53,300.0
2017-12-14 14:38:00,109.5,109.5,109.5,109.5,200.0
2017-12-14 14:39:00,109.5,109.54,109.5,109.5292,1250.0
2017-12-14 14:40:00,109.49,109.53,109.49,109.53,2490.0
2017-12-14 14:41:00,109.45,109.49,109.45,109.49,500.0
2017-12-14 14:42:00,109.445,109.445,109.44,109.44,800.0
2017-12-14 14:43:00,109.52,109.53,109.37,109.42,3845.0
2017-12-14 14:44:00,109.43,109.48,109.43,109.48,400.0
2017-12-14 14:45:00,109.4788,109.4788,109.43,109.46,1016.0
2017-12-14 14:46:00,109.5,109.5,109.48,109.48,500.0
2017-12-14 14:47:00,109.53,109.53,109.47,109.495,1210.0
2017-12-14 14:48:00,109.5,109.5,109.5,109.5,100.0
2017-12-14 14:49:00,109.51,109.51,109.47,109.5,2160.0
2017-12-14 14:50:00,109.57,109.57,109.52,109.52,400.0
2017-12-14 14:51:00,109.6,109.6,109.6,109.6,200.0
2017-12-14 14:52:00,109.63,109.6313,109.61,109.61,300.0
2017-12-14 14:53:00,109.645,109.68,109.64,109.64,1863.0
2017-12-14 14:54:00,109.68,109.68,109.63,109.63,3640.0
2017-12-14 14:55:00,109.63,109.685,109.61,109.68,12910.0
2017-12-14 14:56:00,109.6,109.6,109.6,109.6,100.0
2017-12-14 14:57:00,109.64,109.66,109.6,109.65,1800.0
2017-12-14 14:58:00,109.63,109.63,109.63,109.63,100.0
2017-12-14 14:59:00,109.59,109.63,109.56,109.63,3809.0
2017-12-14 15:00:00,109.71,109.72,109.6,109.61,2501.0
2017-12-14 15:01:00,109.71,109.74,109.71,109.74,1208.0
2017-12-14 15:02:00,109.77,109.77,109.71,109.71,900.0
2017-12-14 15:03:00,109.76,109.76,109.69,109.75,3810.0
2017-12-14 15:05:00,109.775,109.775,109.73,109.755,2835.0
2017-12-14 15:06:00,109.76,109.79,109.76,109.79,1700.0
2017-12-14 15:07:00,109.74,109.77,109.73,109.76,3000.0
2017-12-14 15:08:00,109.78,109.78,109.74,109.75,1400.0
2017-12-14 15:10:00,109.84,109.86,109.75,109.76,2275.0
2017-12-14 15:11:00,109.88,109.88,109.86,109.86,500.0
2017-12-14 15:12:00,109.96,109.97,109.89,109.89,1221.0
2017-12-14 15:13:00,109.97,109.97,109.94,109.95,2400.0
2017-12-14 15:14:00,109.91,109.97,109.91,109.97,1200.0
2017-12-14 15:15:00,109.91,109.91,109.91,109.91,300.0
2017-12-14 15:16:00,109.945,109.95,109.92,109.92,800.0
2017-12-14 15:17:00,109.92,109.95,109.92,109.95,2300.0
2017-12-14 15:18:00,109.96,109.97,109.92,109.92,2518.0
2017-12-14 15:19:00,109.96,110.03,109.94,109.98,5044.0
2017-12-14 15:20:00,109.96,109.9689,109.96,109.9689,300.0
2017-12-14 15:21:00,109.965,109.98,109.95,109.98,8400.0
2017-12-14 15:22:00,110.025,110.04,109.97,110.0,1327.0
2017-12-14 15:23:00,110.0,110.04,110.0,110.01,3660.0
2017-12-14 15:24:00,109.99,110.04,109.98,110.0,2538.0
2017-12-14 15:25:00,109.96,110.01,109.96,110.01,1820.0
2017-12-14 15:26:00,109.94,109.99,109.932,109.99,2043.0
2017-12-14 15:27:00,109.93,109.93,109.91,109.91,400.0
2017-12-14 15:28:00,110.0,110.0,109.91,109.91,2316.0
2017-12-14 15:29:00,110.0,110.0,109.98,109.98,1489.0
2017-12-14 15:30:00,109.98,110.0,109.965,109.975,900.0
2017-12-14 15:31:00,110.06,110.07,110.0,110.0,1700.0
2017-12-14 15:32:00,110.06,110.07,110.025,110.03,3900.0
2017-12-14 15:33:00,110.11,110.11,110.06,110.07,1800.0
2017-12-14 15:34:00,110.12,110.12,110.095,110.11,2492.0
2017-12-14 15:35:00,110.11,110.11,110.09,110.1,2400.0
2017-12-14 15:36:00,110.12,110.13,110.11,110.12,2237.0
2017-12-14 15:37:00,110.11,110.12,110.09,110.12,3747.0
2017-12-14 15:39:00,110.09,110.11,110.07,110.07,3800.0
2017-12-14 15:40:00,110.04,110.09,110.01,110.09,4328.0
2017-12-14 15:41:00,110.08,110.09,110.04,110.04,2944.0
2017-12-14 15:42:00,109.98,110.08,109.98,110.08,2200.0
2017-12-14 15:43:00,109.96,110.05,109.96,109.98,6200.0
2017-12-14 15:44:00,109.93,110.01,109.91,109.96,5988.0
2017-12-14 15:45:00,109.96,109.96,109.93,109.94,500.0
2017-12-14 15:46:00,109.94,109.97,109.94,109.95,6684.0
2017-12-14 15:47:00,110.11,110.11,109.94,109.95,7824.0
2017-12-14 15:48:00,110.17,110.17,110.11,110.12,8796.0
2017-12-14 15:49:00,110.17,110.19,110.15,110.16,7443.0
2017-12-14 15:50:00,110.09,110.17,110.09,110.16,10114.0
2017-12-14 15:51:00,110.055,110.1,110.04,110.09,5167.0
2017-12-14 15:52:00,109.99,110.06,109.99,110.05,6280.0
2017-12-14 15:53:00,109.96,109.99,109.95,109.99,2210.0
2017-12-14 15:54:00,109.92,109.96,109.89,109.95,6325.0
2017-12-14 15:55:00,109.98,109.98,109.9,109.9,5746.0
2017-12-14 15:56:00,110.01,110.02,109.97,109.98,8450.0
2017-12-14 15:57:00,110.06,110.06,110.01,110.01,13977.0
2017-12-14 15:58:00,110.01,110.07,110.0,110.07,10818.0
2017-12-14 15:59:00,110.0,110.02,109.96,110.015,15548.0
2017-12-14 16:00:00,109.93,110.03,109.87,110.01,35670.0
2017-12-15 09:30:00,110.34,110.34,110.34,110.34,91658.0
2017-12-15 09:31:00,110.59,110.59,110.59,110.59,300.0
2017-12-15 09:33:00,110.49,110.7,110.46,110.47,1400.0
2017-12-15 09:34:00,111.09,111.09,110.51,110.51,1800.0
2017-12-15 09:35:00,110.96,110.96,110.69,110.81,1200.0
2017-12-15 09:36:00,110.795,110.795,110.795,110.795,100.0
2017-12-15 09:37:00,110.59,110.79,110.58,110.65,610.0
2017-12-15 09:38:00,110.58,110.765,110.57,110.68,700.0
2017-12-15 09:39:00,110.52,110.72,110.51,110.72,1818.0
2017-12-15 09:40:00,110.76,110.79,110.57,110.57,1406.0
2017-12-15 09:41:00,110.85,110.85,110.52,110.61,2100.0
2017-12-15 09:42:00,110.71,110.8,110.55,110.67,9213.0
2017-12-15 09:43:00,110.81,110.81,110.715,110.73,800.0
2017-12-15 09:44:00,110.96,110.96,110.71,110.73,1700.0
2017-12-15 09:45:00,110.95,111.02,110.95,111.0,800.0
2017-12-15 09:46:00,111.03,111.03,110.91,110.96,1322.0
2017-12-15 09:47:00,111.11,111.11,111.09,111.09,1400.0
2017-12-15 09:48:00,111.03,111.125,110.93,111.11,1000.0
2017-12-15 09:49:00,111.26,111.26,111.09,111.09,1696.0
2017-12-15 09:50:00,111.19,111.245,111.16,111.22,1502.0
2017-12-15 09:51:00,111.11,111.23,111.11,111.215,2200.0
2017-12-15 09:52:00,111.09,111.12,111.03,111.12,1901.0
2017-12-15 09:53:00,110.9,111.08,110.9,111.03,2000.0
2017-12-15 09:54:00,110.9,110.96,110.87,110.91,5000.0
2017-12-15 09:55:00,110.895,110.895,110.895,110.895,100.0
2017-12-15 09:56:00,110.64,110.865,110.5601,110.865,2450.0
2017-12-15 09:57:00,110.58,110.635,110.58,110.59,1400.0
2017-12-15 09:58:00,110.5,110.67,110.5,110.57,6000.0
2017-12-15 09:59:00,110.44,110.45,110.4,110.4,834.0
2017-12-15 10:00:00,110.48,110.485,110.34,110.46,1762.0
2017-12-15 10:01:00,110.63,110.63,110.48,110.48,1400.0
2017-12-15 10:02:00,110.62,110.62,110.55,110.55,200.0
2017-12-15 10:03:00,110.65,110.69,110.61,110.61,1962.0
2017-12-15 10:04:00,110.58,110.69,110.58,110.67,1648.0
2017-12-15 10:05:00,110.53,110.6055,110.53,110.6055,300.0
2017-12-15 10:06:00,110.31,110.52,110.31,110.51,1600.0
2017-12-15 10:07:00,110.25,110.25,110.25,110.25,100.0
2017-12-15 10:09:00,110.2825,110.295,110.2825,110.295,500.0
2017-12-15 10:10:00,110.2801,110.43,110.25,110.32,5012.0
2017-12-15 10:11:00,110.15,110.27,110.15,110.25,7049.0
2017-12-15 10:12:00,110.18,110.18,110.11,110.18,1094.0
2017-12-15 10:13:00,110.2217,110.24,110.18,110.22,1383.0
2017-12-15 10:15:00,110.3,110.3,110.2,110.21,1433.0
2017-12-15 10:16:00,110.34,110.34,110.29,110.3,700.0
2017-12-15 10:17:00,110.335,110.335,110.3225,110.33,400.0
2017-12-15 10:18:00,110.5668,110.58,110.38,110.38,1698.0
2017-12-15 10:19:00,110.75,110.8,110.63,110.63,5814.0
2017-12-15 10:20:00,110.95,110.95,110.82,110.82,260.0
2017-12-15 10:21:00,111.19,111.19,111.1,111.1,2300.0
2017-12-15 10:23:00,110.88,111.1084,110.88,111.1084,1800.0
2017-12-15 10:25:00,110.83,110.84,110.83,110.84,2492.0
2017-12-15 10:26:00,110.68,110.86,110.68,110.83,6700.0
2017-12-15 10:27:00,110.63,110.7,110.58,110.7,678.0
2017-12-15 10:28:00,110.625,110.625,110.625,110.625,2500.0
2017-12-15 10:29:00,110.595,110.595,110.595,110.595,100.0
2017-12-15 10:30:00,110.5,110.6,110.5,110.6,4360.0
2017-12-15 10:31:00,110.5484,110.5484,110.4701,110.53,1170.0
2017-12-15 10:32:00,110.53,110.56,110.4701,110.515,6694.0
2017-12-15 10:33:00,110.695,110.695,110.57,110.57,3554.0
2017-12-15 10:34:00,110.67,110.72,110.66,110.6925,5473.0
2017-12-15 10:35:00,110.68,110.685,110.66,110.67,1751.0
2017-12-15 10:36:00,110.73,110.735,110.67,110.68,2639.0
2017-12-15 10:37:00,110.66,110.68,110.66,110.68,1000.0
2017-12-15 10:38:00,110.53,110.7,110.5103,110.7,14360.0
2017-12-15 10:39:00,110.65,110.65,110.53,110.53,6984.0
2017-12-15 10:40:00,110.6,110.66,110.6,110.66,300.0
2017-12-15 10:41:00,110.6701,110.73,110.6701,110.675,400.0
2017-12-15 10:42:00,110.81,110.81,110.73,110.73,500.0
2017-12-15 10:43:00,110.81,110.81,110.74,110.75,300.0
2017-12-15 10:44:00,110.96,110.96,110.81,110.81,1243.0
2017-12-15 10:45:00,110.885,110.93,110.8,110.93,1700.0
2017-12-15 10:47:00,110.735,110.82,110.735,110.82,1000.0
2017-12-15 10:48:00,110.73,110.73,110.73,110.73,200.0
2017-12-15 10:49:00,110.725,110.725,110.725,110.725,100.0
2017-12-15 10:50:00,110.71,110.78,110.71,110.78,300.0
2017-12-15 10:51:00,110.69,110.725,110.69,110.725,300.0
2017-12-15 10:52:00,110.715,110.78,110.715,110.78,800.0
2017-12-15 10:53:00,110.71,110.71,110.67,110.67,400.0
2017-12-15 10:54:00,110.71,110.71,110.71,110.71,100.0
2017-12-15 10:55:00,110.72,110.78,110.72,110.75,1500.0
2017-12-15 10:56:00,110.775,110.78,110.74,110.77,3026.0
2017-12-15 10:57:00,110.67,110.735,110.67,110.735,1900.0
2017-12-15 10:58:00,110.665,110.665,110.665,110.665,100.0
2017-12-15 10:59:00,110.62,110.63,110.61,110.61,500.0
2017-12-15 11:00:00,110.555,110.62,110.54,110.58,1000.0
2017-12-15 11:01:00,110.585,110.63,110.58,110.58,2193.0
2017-12-15 11:02:00,110.615,110.63,110.615,110.63,900.0
2017-12-15 11:03:00,110.64,110.64,110.56,110.57,7816.0
2017-12-15 11:04:00,110.55,110.645,110.52,110.645,2100.0
2017-12-15 11:05:00,110.705,110.705,110.63,110.63,6130.0
2017-12-15 11:06:00,110.7,110.72,110.65,110.71,7500.0
2017-12-15 11:07:00,110.62,110.67,110.62,110.67,900.0
2017-12-15 11:08:00,110.63,110.63,110.58,110.61,2900.0
2017-12-15 11:10:00,110.6,110.6,110.48,110.6,6305.0
2017-12-15 11:11:00,110.6,110.6,110.6,110.6,306.0
2017-12-15 11:12:00,110.66,110.66,110.6,110.6,1732.0
2017-12-15 11:13:00,110.655,110.66,110.655,110.66,200.0
2017-12-15 11:14:00,110.7,110.73,110.68,110.68,3506.0
2017-12-15 11:15:00,110.61,110.69,110.57,110.69,1000.0
2017-12-15 11:16:00,110.66,110.72,110.645,110.645,11886.0
2017-12-15 11:17:00,110.63,110.67,110.57,110.65,4098.0
2017-12-15 11:18:00,110.61,110.61,110.61,110.61,200.0
2017-12-15 11:19:00,110.65,110.66,110.65,110.65,3300.0
2017-12-15 11:20:00,110.65,110.67,110.65,110.65,1200.0
2017-12-15 11:21:00,110.71,110.82,110.67,110.67,1800.0
2017-12-15 11:22:00,110.66,110.75,110.66,110.74,2600.0
2017-12-15 11:23:00,110.68,110.68,110.66,110.665,2600.0
2017-12-15 11:24:00,110.7,110.7,110.68,110.69,1700.0
2017-12-15 11:25:00,110.79,110.79,110.65,110.67,10300.0
2017-12-15 11:26:00,110.675,110.745,110.58,110.745,13964.0
2017-12-15 11:27:00,110.7,110.7,110.67,110.67,5678.0
2017-12-15 11:28:00,110.625,110.7,110.6,110.69,15177.0
2017-12-15 11:29:00,110.65,110.7,110.64,110.66,2240.0
2017-12-15 11:30:00,110.67,110.75,110.63,110.68,6053.0
2017-12-15 11:31:00,110.65,110.71,110.62,110.66,12454.0
2017-12-15 11:32:00,110.64,110.71,110.59,110.62,16981.0
2017-12-15 11:33:00,110.65,110.7,110.61,110.68,1960.0
2017-12-15 11:34:00,110.675,110.74,110.65,110.68,7018.0
2017-12-15 11:35:00,110.6,110.645,110.6,110.64,2668.0
2017-12-15 11:36:00,110.5899,110.61,110.53,110.6,5604.0
2017-12-15 11:37:00,110.63,110.655,110.59,110.59,1806.0
2017-12-15 11:38:00,110.65,110.6555,110.65,110.6555,619.0
2017-12-15 11:39:00,110.64,110.65,110.64,110.65,600.0
2017-12-15 11:40:00,110.62,110.645,110.62,110.64,2936.0
2017-12-15 11:41:00,110.58,110.62,110.58,110.6,1300.0
2017-12-15 11:42:00,110.61,110.65,110.6,110.6,2606.0
2017-12-15 11:43:00,110.49,110.605,110.49,110.595,600.0
2017-12-15 11:44:00,110.51,110.56,110.51,110.515,1382.0
2017-12-15 11:45:00,110.6,110.6,110.58,110.58,600.0
2017-12-15 11:46:00,110.56,110.57,110.56,110.57,300.0
2017-12-15 11:48:00,110.52,110.545,110.51,110.52,18800.0
2017-12-15 11:49:00,110.55,110.58,110.55,110.55,3566.0
2017-12-15 11:50:00,110.54,110.56,110.54,110.56,300.0
2017-12-15 11:52:00,110.52,110.53,110.52,110.53,800.0
2017-12-15 11:53:00,110.51,110.54,110.51,110.54,400.0
2017-12-15 11:54:00,110.39,110.56,110.39,110.54,3424.0
2017-12-15 11:57:00,110.35,110.35,110.35,110.35,100.0
2017-12-15 11:59:00,110.3562,110.3562,110.3562,110.3562,160.0
2017-12-15 12:00:00,110.37,110.3882,110.37,110.3882,400.0
2017-12-15 12:02:00,110.29,110.38,110.28,110.37,3900.0
2017-12-15 12:03:00,110.2,110.28,110.17,110.27,6506.0
2017-12-15 12:04:00,110.205,110.23,110.185,110.185,702.0
2017-12-15 12:05:00,110.3,110.3,110.21,110.27,12975.0
2017-12-15 12:06:00,110.64,110.64,110.42,110.43,1900.0
2017-12-15 12:07:00,110.52,110.56,110.5,110.56,1400.0
2017-12-15 12:08:00,110.49,110.54,110.45,110.53,2700.0
2017-12-15 12:09:00,110.51,110.51,110.44,110.47,2500.0
2017-12-15 12:10:00,110.37,110.44,110.36,110.44,1400.0
2017-12-15 12:11:00,110.42,110.43,110.32,110.33,3700.0
2017-12-15 12:12:00,110.3801,110.47,110.38,110.435,6860.0
2017-12-15 12:13:00,110.315,110.45,110.24,110.38,12421.0
2017-12-15 12:14:00,110.385,110.4,110.36,110.36,2700.0
2017-12-15 12:15:00,110.385,110.385,110.385,110.385,400.0
2017-12-15 12:16:00,110.215,110.37,110.16,110.37,4613.0
2017-12-15 12:17:00,110.36,110.37,110.305,110.37,3818.0
2017-12-15 12:18:00,110.48,110.52,110.36,110.385,12723.0
2017-12-15 12:19:00,110.46,110.4899,110.37,110.4899,16424.0
2017-12-15 12:20:00,110.255,110.42,110.17,110.42,19713.0
2017-12-15 12:21:00,110.34,110.34,110.27,110.27,3200.0
2017-12-15 12:22:00,110.2835,110.39,110.275,110.39,4164.0
2017-12-15 12:23:00,110.34,110.4,110.33,110.36,4780.0
2017-12-15 12:24:00,110.31,110.38,110.24,110.31,14260.0
2017-12-15 12:25:00,110.34,110.38,110.25,110.345,28413.0
2017-12-15 12:26:00,110.32,110.38,110.27,110.33,17748.0
2017-12-15 12:27:00,110.36,110.36,110.29,110.35,3300.0
2017-12-15 12:28:00,110.28,110.34,110.28,110.33,1240.0
2017-12-15 12:29:00,110.23,110.3,110.2,110.27,7243.0
2017-12-15 12:30:00,110.095,110.24,110.095,110.2,6098.0
2017-12-15 12:31:00,110.15,110.25,110.09,110.215,17528.0
2017-12-15 12:32:00,110.37,110.475,110.11,110.17,13079.0
2017-12-15 12:33:00,110.375,110.39,110.36,110.36,700.0
2017-12-15 12:34:00,110.34,110.39,110.34,110.39,1100.0
2017-12-15 12:35:00,110.335,110.36,110.335,110.36,600.0
2017-12-15 12:36:00,110.34,110.34,110.34,110.34,300.0
2017-12-15 12:37:00,110.5,110.5,110.28,110.34,5135.0
2017-12-15 12:38:00,110.48,110.48,110.4,110.42,700.0
2017-12-15 12:39:00,110.57,110.57,110.49,110.5,1468.0
2017-12-15 12:40:00,110.59,110.59,110.59,110.59,100.0
2017-12-15 12:41:00,110.6683,110.6683,110.6683,110.6683,300.0
2017-12-15 12:42:00,110.65,110.67,110.65,110.67,200.0
2017-12-15 12:43:00,110.6,110.65,110.6,110.6,706.0
2017-12-15 12:44:00,110.67,110.67,110.61,110.61,200.0
2017-12-15 12:45:00,110.74,110.74,110.6762,110.6762,700.0
2017-12-15 12:46:00,110.68,110.68,110.68,110.68,100.0
2017-12-15 12:47:00,110.76,110.76,110.74,110.74,300.0
2017-12-15 12:48:00,110.78,110.78,110.73,110.73,900.0
2017-12-15 12:49:00,110.7548,110.7548,110.7548,110.7548,383.0
2017-12-15 12:50:00,110.73,110.78,110.71,110.71,500.0
2017-12-15 12:51:00,110.77,110.835,110.77,110.79,1913.0
2017-12-15 12:52:00,110.86,110.86,110.795,110.795,600.0
2017-12-15 12:53:00,110.85,110.89,110.84,110.86,1035.0
2017-12-15 12:54:00,110.8678,110.87,110.8678,110.87,1603.0
2017-12-15 12:55:00,110.8,110.85,110.8,110.85,300.0
2017-12-15 12:56:00,110.82,110.84,110.82,110.83,309.0
2017-12-15 12:57:00,110.82,110.82,110.82,110.82,100.0
2017-12-15 12:58:00,110.86,110.86,110.8362,110.8362,440.0
2017-12-15 12:59:00,110.8,110.8,110.8,110.8,100.0
2017-12-15 13:00:00,110.84,110.9,110.84,110.85,1100.0
2017-12-15 13:01:00,110.89,110.89,110.88,110.88,340.0
2017-12-15 13:03:00,110.89,110.89,110.89,110.89,624.0
2017-12-15 13:04:00,110.89,110.89,110.87,110.87,387.0
2017-12-15 13:05:00,110.74,110.85,110.74,110.85,925.0
2017-12-15 13:06:00,110.79,110.79,110.735,110.7888,828.0
2017-12-15 13:07:00,110.69,110.77,110.69,110.73,2000.0
2017-12-15 13:08:00,110.73,110.73,110.66,110.66,200.0
2017-12-15 13:09:00,110.69,110.69,110.69,110.69,100.0
2017-12-15 13:10:00,110.67,110.67,110.67,110.67,100.0
2017-12-15 13:11:00,110.66,110.66,110.66,110.66,100.0
2017-12-15 13:13:00,110.7199,110.72,110.7199,110.72,210.0
2017-12-15 13:15:00,110.71,110.71,110.65,110.66,900.0
2017-12-15 13:16:00,110.61,110.66,110.54,110.66,2800.0
2017-12-15 13:17:00,110.65,110.65,110.63,110.63,606.0
2017-12-15 13:18:00,110.69,110.69,110.69,110.69,100.0
2017-12-15 13:19:00,110.65,110.69,110.65,110.69,300.0
2017-12-15 13:21:00,110.6264,110.63,110.6264,110.63,300.0
2017-12-15 13:24:00,110.6,110.6,110.6,110.6,952.0
2017-12-15 13:25:00,110.66,110.66,110.61,110.64,1300.0
2017-12-15 13:26:00,110.64,110.64,110.6,110.64,1100.0
2017-12-15 13:28:00,110.62,110.62,110.62,110.62,100.0
2017-12-15 13:29:00,110.65,110.65,110.59,110.62,960.0
2017-12-15 13:30:00,110.63,110.63,110.63,110.63,100.0
2017-12-15 13:32:00,110.69,110.69,110.66,110.66,600.0
2017-12-15 13:33:00,110.73,110.73,110.69,110.69,1400.0
2017-12-15 13:34:00,110.73,110.78,110.73,110.75,1215.0
2017-12-15 13:35:00,110.71,110.71,110.71,110.71,100.0
2017-12-15 13:37:00,110.72,110.72,110.7,110.7,700.0
2017-12-15 13:38:00,110.7,110.7,110.7,110.7,100.0
2017-12-15 13:39:00,110.78,110.78,110.73,110.73,900.0
2017-12-15 13:40:00,110.77,110.81,110.77,110.8,1500.0
2017-12-15 13:41:00,110.78,110.78,110.78,110.78,100.0
2017-12-15 13:42:00,110.79,110.79,110.72,110.75,1700.0
2017-12-15 13:43:00,110.83,110.83,110.79,110.79,1300.0
2017-12-15 13:44:00,110.82,110.83,110.82,110.83,300.0
2017-12-15 13:45:00,110.82,110.82,110.81,110.81,400.0
2017-12-15 13:48:00,110.84,110.84,110.8,110.8,927.0
2017-12-15 13:49:00,110.88,110.88,110.8254,110.8254,550.0
2017-12-15 13:51:00,110.86,110.87,110.86,110.87,500.0
2017-12-15 13:52:00,110.85,110.86,110.85,110.86,400.0
2017-12-15 13:53:00,110.8796,110.8796,110.8796,110.8796,125.0
2017-12-15 13:54:00,110.93,110.93,110.88,110.88,1441.0
2017-12-15 13:55:00,110.88,110.91,110.88,110.91,1453.0
2017-12-15 13:56:00,110.89,110.895,110.87,110.895,800.0
2017-12-15 13:57:00,110.89,110.89,110.88,110.89,482.0
2017-12-15 13:58:00,110.91,110.92,110.91,110.91,661.0
2017-12-15 13:59:00,110.885,110.9,110.88,110.88,1100.0
2017-12-15 14:00:00,110.88,110.885,110.86,110.86,1300.0
2017-12-15 14:01:00,110.91,110.91,110.88,110.88,2500.0
2017-12-15 14:02:00,110.895,110.91,110.885,110.885,1300.0
2017-12-15 14:03:00,110.9,110.9,110.87,110.89,1482.0
2017-12-15 14:05:00,110.905,110.93,110.9,110.9,700.0
2017-12-15 14:06:00,110.88,110.89,110.88,110.88,1100.0
2017-12-15 14:08:00,110.89,110.89,110.89,110.89,100.0
2017-12-15 14:09:00,110.85,110.87,110.85,110.87,2219.0
2017-12-15 14:10:00,110.89,110.89,110.86,110.86,899.0
2017-12-15 14:11:00,110.92,110.92,110.885,110.885,493.0
2017-12-15 14:12:00,110.92,110.95,110.92,110.93,713.0
2017-12-15 14:13:00,110.92,110.92,110.92,110.92,143.0
2017-12-15 14:14:00,110.925,110.925,110.91,110.91,400.0
2017-12-15 14:15:00,110.97,110.97,110.91,110.92,3674.0
2017-12-15 14:16:00,111.02,111.02,110.96,110.96,1482.0
2017-12-15 14:17:00,111.11,111.11,111.03,111.03,1116.0
2017-12-15 14:18:00,111.1,111.17,111.1,111.115,1300.0
2017-12-15 14:19:00,111.105,111.13,111.09,111.09,800.0
2017-12-15 14:20:00,111.09,111.105,111.09,111.09,1400.0
2017-12-15 14:21:00,111.13,111.15,111.12,111.12,1151.0
2017-12-15 14:22:00,111.15,111.17,111.15,111.16,600.0
2017-12-15 14:23:00,111.18,111.18,111.15,111.15,1200.0
2017-12-15 14:24:00,111.17,111.18,111.16,111.16,1089.0
2017-12-15 14:25:00,111.19,111.19,111.14,111.18,1420.0
2017-12-15 14:26:00,111.21,111.21,111.18,111.19,900.0
2017-12-15 14:27:00,111.14,111.14,111.11,111.11,903.0
2017-12-15 14:28:00,111.11,111.16,111.11,111.16,900.0
2017-12-15 14:29:00,111.15,111.16,111.14,111.14,1200.0
2017-12-15 14:30:00,111.15,111.16,111.14,111.16,1900.0
2017-12-15 14:31:00,111.14,111.16,111.14,111.16,490.0
2017-12-15 14:32:00,111.13,111.13,111.13,111.13,162.0
2017-12-15 14:33:00,111.15,111.16,111.13,111.13,500.0
2017-12-15 14:34:00,111.055,111.1,111.04,111.1,990.0
2017-12-15 14:35:00,111.11,111.11,111.05,111.05,1384.0
2017-12-15 14:36:00,111.09,111.09,111.08,111.08,408.0
2017-12-15 14:37:00,111.07,111.09,111.07,111.09,400.0
2017-12-15 14:38:00,111.08,111.08,111.08,111.08,100.0
2017-12-15 14:39:00,111.12,111.14,111.07,111.085,1026.0
2017-12-15 14:40:00,111.11,111.11,111.11,111.11,300.0
2017-12-15 14:41:00,111.09,111.09,111.09,111.09,510.0
2017-12-15 14:42:00,111.09,111.09,111.08,111.08,200.0
2017-12-15 14:43:00,111.13,111.13,111.08,111.08,1961.0
2017-12-15 14:44:00,111.08,111.14,111.08,111.14,1200.0
2017-12-15 14:45:00,111.07,111.07,111.07,111.07,100.0
2017-12-15 14:46:00,111.07,111.08,111.05,111.07,1240.0
2017-12-15 14:47:00,111.07,111.07,111.04,111.07,1196.0
2017-12-15 14:48:00,111.02,111.075,111.02,111.075,700.0
2017-12-15 14:49:00,111.06,111.06,111.06,111.06,458.0
2017-12-15 14:50:00,111.07,111.07,111.07,111.07,200.0
2017-12-15 14:51:00,111.1,111.13,111.1,111.12,600.0
2017-12-15 14:52:00,111.11,111.11,111.11,111.11,100.0
2017-12-15 14:53:00,111.08,111.095,111.08,111.095,200.0
2017-12-15 14:54:00,111.1,111.1,111.0989,111.1,700.0
2017-12-15 14:55:00,111.17,111.209,111.11,111.11,1956.0
2017-12-15 14:56:00,111.1956,111.21,111.18,111.18,2122.0
2017-12-15 14:57:00,111.14,111.19,111.14,111.19,800.0
2017-12-15 14:59:00,111.16,111.16,111.11,111.11,300.0
2017-12-15 15:00:00,111.16,111.16,111.16,111.16,100.0
2017-12-15 15:01:00,111.16,111.16,111.12,111.12,400.0
2017-12-15 15:02:00,111.12,111.13,111.12,111.13,434.0
2017-12-15 15:03:00,111.13,111.14,111.12,111.12,2496.0
2017-12-15 15:04:00,111.15,111.16,111.14,111.14,800.0
2017-12-15 15:05:00,111.15,111.16,111.14,111.14,600.0
2017-12-15 15:06:00,111.11,111.15,111.1,111.13,1160.0
2017-12-15 15:07:00,111.12,111.12,111.12,111.12,275.0
2017-12-15 15:08:00,111.11,111.14,111.11,111.13,687.0
2017-12-15 15:09:00,111.18,111.18,111.14,111.14,1117.0
2017-12-15 15:10:00,111.16,111.18,111.16,111.16,800.0
2017-12-15 15:11:00,111.17,111.17,111.17,111.17,1914.0
2017-12-15 15:12:00,111.15,111.15,111.14,111.15,1200.0
2017-12-15 15:13:00,111.16,111.19,111.15,111.15,1300.0
2017-12-15 15:14:00,111.16,111.18,111.14,111.18,1300.0
2017-12-15 15:15:00,111.13,111.15,111.13,111.1407,400.0
2017-12-15 15:16:00,111.12,111.14,111.1,111.14,2344.0
2017-12-15 15:17:00,111.11,111.11,111.1,111.1,300.0
2017-12-15 15:18:00,111.1,111.15,111.1,111.1,2596.0
2017-12-15 15:19:00,110.99,111.1,110.99,111.09,1100.0
2017-12-15 15:20:00,111.0,111.0152,111.0,111.0152,414.0
2017-12-15 15:21:00,111.03,111.03,111.02,111.02,829.0
2017-12-15 15:22:00,110.99,111.06,110.99,111.035,2418.0
2017-12-15 15:23:00,110.97,110.97,110.97,110.97,103.0
2017-12-15 15:24:00,110.96,110.9675,110.95,110.95,710.0
2017-12-15 15:25:00,110.83,110.94,110.82,110.94,2354.0
2017-12-15 15:26:00,110.88,110.89,110.86,110.86,1876.0
2017-12-15 15:27:00,110.86,110.9,110.86,110.89,1400.0
2017-12-15 15:28:00,110.92,110.92,110.88,110.88,1706.0
2017-12-15 15:29:00,110.93,110.93,110.92,110.92,284.0
2017-12-15 15:30:00,110.87,110.94,110.87,110.93,1400.0
2017-12-15 15:31:00,110.915,110.95,110.9,110.9,3734.0
2017-12-15 15:32:00,110.945,110.945,110.93,110.93,700.0
2017-12-15 15:33:00,110.9454,110.96,110.94,110.95,2417.0
2017-12-15 15:34:00,110.95,110.95,110.91,110.94,2154.0
2017-12-15 15:35:00,110.92,110.95,110.9,110.94,1600.0
2017-12-15 15:36:00,110.89,110.91,110.89,110.9,2074.0
2017-12-15 15:37:00,110.83,110.89,110.82,110.89,3100.0
2017-12-15 15:38:00,110.85,110.855,110.81,110.82,2553.0
2017-12-15 15:39:00,110.85,110.86,110.83,110.85,2075.0
2017-12-15 15:40:00,110.85,110.85,110.84,110.85,1000.0
2017-12-15 15:41:00,110.85,110.87,110.82,110.83,3500.0
2017-12-15 15:42:00,110.84,110.86,110.84,110.855,1774.0
2017-12-15 15:43:00,110.91,110.915,110.82,110.82,4752.0
2017-12-15 15:44:00,110.87,110.9,110.87,110.89,4200.0
2017-12-15 15:45:00,110.98,111.07,110.89,110.89,18736.0
2017-12-15 15:46:00,110.87,110.99,110.87,110.99,15988.0
2017-12-15 15:47:00,110.85,110.92,110.85,110.87,7865.0
2017-12-15 15:48:00,110.89,110.89,110.84,110.85,9576.0
2017-12-15 15:49:00,110.87,110.9,110.8401,110.89,5209.0
2017-12-15 15:50:00,110.98,110.98,110.84,110.88,6995.0
2017-12-15 15:51:00,110.9,110.98,110.86,110.97,5442.0
2017-12-15 15:52:00,110.86,110.93,110.86,110.92,3149.0
2017-12-15 15:53:00,110.89,110.91,110.86,110.86,10334.0
2017-12-15 15:54:00,110.865,110.9,110.86,110.875,7705.0
2017-12-15 15:55:00,110.96,110.96,110.87,110.87,8855.0
2017-12-15 15:56:00,110.8801,110.94,110.8801,110.94,7523.0
2017-12-15 15:57:00,110.88,110.89,110.83,110.89,6121.0
2017-12-15 15:58:00,110.84,110.89,110.84,110.89,6719.0
2017-12-15 15:59:00,110.855,110.87,110.81,110.85,6519.0
2017-12-15 16:00:00,110.95,111.0,110.85,110.86,35655.0
2017-12-18 09:30:00,111.7,111.7,111.7,111.7,5530.0
2017-12-18 09:31:00,111.655,111.78,111.655,111.67,400.0
2017-12-18 09:32:00,111.54,111.55,111.54,111.55,300.0
2017-12-18 09:34:00,111.48,111.55,111.48,111.54,1790.0
2017-12-18 09:35:00,111.48,111.69,111.35,111.54,5093.0
2017-12-18 09:36:00,111.51,111.54,111.445,111.5,1300.0
2017-12-18 09:37:00,111.47,111.47,111.43,111.43,400.0
2017-12-18 09:38:00,111.56,111.56,111.51,111.51,400.0
2017-12-18 09:39:00,111.7,111.7,111.61,111.61,450.0
2017-12-18 09:40:00,111.83,111.83,111.75,111.75,1000.0
2017-12-18 09:41:00,111.79,111.87,111.79,111.84,1770.0
2017-12-18 09:42:00,111.84,111.89,111.76,111.81,1400.0
2017-12-18 09:43:00,111.96,111.96,111.96,111.96,100.0
2017-12-18 09:44:00,111.88,111.905,111.78,111.905,602.0
2017-12-18 09:45:00,111.93,111.93,111.79,111.89,26100.0
2017-12-18 09:46:00,111.8956,111.91,111.78,111.79,2586.0
2017-12-18 09:47:00,111.78,111.9,111.76,111.84,1700.0
2017-12-18 09:48:00,111.69,111.87,111.69,111.71,1763.0
2017-12-18 09:49:00,111.7,111.71,111.59,111.7,3390.0
2017-12-18 09:50:00,111.48,111.6,111.48,111.6,287.0
2017-12-18 09:51:00,111.69,111.81,111.44,111.52,1928.0
2017-12-18 09:52:00,111.615,111.6474,111.615,111.625,300.0
2017-12-18 09:53:00,111.57,111.57,111.485,111.485,620.0
2017-12-18 09:54:00,111.55,111.55,111.55,111.55,100.0
2017-12-18 09:55:00,111.505,111.505,111.463,111.463,550.0
2017-12-18 09:56:00,111.49,111.49,111.4647,111.4647,250.0
2017-12-18 09:57:00,111.44,111.48,111.44,111.48,300.0
2017-12-18 09:58:00,111.675,111.74,111.5,111.5,3995.0
2017-12-18 09:59:00,111.51,111.72,111.17,111.71,5800.0
2017-12-18 10:00:00,111.63,111.69,111.63,111.63,400.0
2017-12-18 10:01:00,111.65,111.78,111.63,111.63,1400.0
2017-12-18 10:02:00,111.56,111.56,111.56,111.56,100.0
2017-12-18 10:03:00,111.62,111.62,111.56,111.61,300.0
2017-12-18 10:04:00,111.685,111.81,111.61,111.61,1500.0
2017-12-18 10:05:00,111.57,111.6,111.57,111.6,800.0
2017-12-18 10:06:00,111.65,111.65,111.45,111.6,2900.0
2017-12-18 10:09:00,111.56,111.62,111.5,111.62,1955.0
2017-12-18 10:10:00,111.66,111.69,111.59,111.61,4113.0
2017-12-18 10:11:00,111.65,111.76,111.605,111.64,1907.0
2017-12-18 10:12:00,111.73,111.73,111.7,111.7,200.0
2017-12-18 10:13:00,111.6472,111.6875,111.6472,111.6875,250.0
2017-12-18 10:16:00,111.58,111.7,111.54,111.7,2966.0
2017-12-18 10:17:00,111.625,111.63,111.58,111.62,1200.0
2017-12-18 10:19:00,111.56,111.67,111.53,111.65,3144.0
2017-12-18 10:20:00,111.5528,111.63,111.52,111.56,1000.0
2017-12-18 10:21:00,111.47,111.475,111.47,111.475,200.0
2017-12-18 10:23:00,111.48,111.52,111.48,111.52,200.0
2017-12-18 10:24:00,111.48,111.5,111.46,111.48,700.0
2017-12-18 10:25:00,111.39,111.455,111.37,111.455,3300.0
2017-12-18 10:26:00,111.35,111.45,111.35,111.37,1300.0
2017-12-18 10:27:00,111.39,111.39,111.35,111.35,1500.0
2017-12-18 10:28:00,111.34,111.4,111.31,111.35,5100.0
2017-12-18 10:29:00,111.24,111.37,111.22,111.31,8029.0
2017-12-18 10:30:00,111.34,111.35,111.18,111.2475,5739.0
2017-12-18 10:31:00,111.25,111.37,111.25,111.355,1529.0
2017-12-18 10:32:00,111.36,111.4,111.23,111.3,3487.0
2017-12-18 10:33:00,111.33,111.33,111.33,111.33,100.0
2017-12-18 10:34:00,111.28,111.28,111.28,111.28,200.0
2017-12-18 10:35:00,111.27,111.41,111.24,111.35,1000.0
2017-12-18 10:36:00,111.21,111.26,111.21,111.26,300.0
2017-12-18 10:37:00,111.26,111.3,111.225,111.26,4150.0
2017-12-18 10:38:00,111.23,111.28,111.22,111.26,1000.0
2017-12-18 10:39:00,111.365,111.37,111.19,111.215,3572.0
2017-12-18 10:40:00,111.27,111.49,111.27,111.34,3100.0
2017-12-18 10:41:00,111.28,111.28,111.26,111.27,1900.0
2017-12-18 10:42:00,111.48,111.54,111.29,111.31,3751.0
2017-12-18 10:43:00,111.51,111.51,111.495,111.495,500.0
2017-12-18 10:44:00,111.47,111.47,111.47,111.47,100.0
2017-12-18 10:45:00,111.5,111.5399,111.45,111.5399,582.0
2017-12-18 10:46:00,111.45,111.5,111.38,111.495,3487.0
2017-12-18 10:47:00,111.45,111.455,111.43,111.45,1438.0
2017-12-18 10:48:00,111.4,111.46,111.4,111.46,500.0
2017-12-18 10:49:00,111.41,111.48,111.41,111.46,9997.0
2017-12-18 10:50:00,111.435,111.435,111.4,111.41,400.0
2017-12-18 10:51:00,111.32,111.41,111.225,111.41,1590.0
2017-12-18 10:52:00,111.33,111.34,111.26,111.26,1054.0
2017-12-18 10:53:00,111.54,111.59,111.34,111.37,3100.0
2017-12-18 10:54:00,111.48,111.54,111.48,111.54,700.0
2017-12-18 10:56:00,111.495,111.54,111.4869,111.495,1752.0
2017-12-18 10:57:00,111.43,111.4625,111.43,111.4625,607.0
2017-12-18 10:58:00,111.4,111.4,111.31,111.4,800.0
2017-12-18 10:59:00,111.52,111.54,111.34,111.34,3007.0
2017-12-18 11:01:00,111.38,111.39,111.31,111.39,1844.0
2017-12-18 11:02:00,111.26,111.28,111.26,111.28,200.0
2017-12-18 11:03:00,111.22,111.23,111.22,111.23,200.0
2017-12-18 11:04:00,111.17,111.17,111.17,111.17,100.0
2017-12-18 11:05:00,111.0804,111.23,111.0804,111.17,1500.0
2017-12-18 11:06:00,111.0,111.03,111.0,111.03,300.0
2017-12-18 11:07:00,110.98,111.095,110.98,111.08,1925.0
2017-12-18 11:08:00,111.05,111.05,111.005,111.02,1450.0
2017-12-18 11:09:00,111.12,111.12,111.03,111.07,2100.0
2017-12-18 11:10:00,110.99,111.1,110.98,111.06,900.0
2017-12-18 11:11:00,110.93,110.97,110.8253,110.97,1400.0
2017-12-18 11:12:00,111.02,111.02,110.92,110.92,1301.0
2017-12-18 11:13:00,110.92,111.0,110.88,110.93,1200.0
2017-12-18 11:14:00,111.07,111.07,110.965,110.98,1550.0
2017-12-18 11:15:00,111.25,111.25,111.105,111.105,1600.0
2017-12-18 11:16:00,111.11,111.23700000000001,111.11,111.16,2005.0
2017-12-18 11:17:00,110.99,111.0,110.99,111.0,300.0
2017-12-18 11:18:00,111.0,111.0,111.0,111.0,200.0
2017-12-18 11:19:00,111.06,111.06,111.06,111.06,200.0
2017-12-18 11:21:00,111.05,111.05,111.04,111.05,1000.0
2017-12-18 11:22:00,111.07,111.07,110.99,111.045,1807.0
2017-12-18 11:23:00,110.99,111.0284,110.94,111.0284,1585.0
2017-12-18 11:24:00,110.85,110.9,110.74,110.9,2053.0
2017-12-18 11:26:00,110.85,110.87,110.85,110.87,300.0
2017-12-18 11:27:00,110.93,110.93,110.83,110.83,1400.0
2017-12-18 11:28:00,110.88,110.88,110.88,110.88,100.0
2017-12-18 11:29:00,110.88,110.88,110.88,110.88,100.0
2017-12-18 11:30:00,110.92,110.95,110.83,110.83,3300.0
2017-12-18 11:31:00,110.9325,110.94,110.86,110.86,1000.0
2017-12-18 11:32:00,111.06,111.145,110.96,110.96,2500.0
2017-12-18 11:33:00,111.0001,111.0001,111.0001,111.0001,170.0
2017-12-18 11:34:00,111.08,111.08,111.05,111.065,500.0
2017-12-18 11:35:00,111.09,111.13,111.09,111.11,300.0
2017-12-18 11:36:00,111.06,111.07,111.04,111.07,800.0
2017-12-18 11:39:00,111.11,111.11,111.11,111.11,200.0
2017-12-18 11:40:00,111.27,111.37,111.12,111.12,6515.0
2017-12-18 11:41:00,111.31,111.31,111.16,111.23,1800.0
2017-12-18 11:42:00,111.34,111.34,111.25,111.25,300.0
2017-12-18 11:43:00,111.36,111.36,111.245,111.245,1300.0
2017-12-18 11:44:00,111.27,111.27,111.26,111.26,200.0
2017-12-18 11:45:00,111.31,111.31,111.22,111.25,400.0
2017-12-18 11:46:00,111.23,111.35,111.23,111.305,1600.0
2017-12-18 11:47:00,111.07,111.245,111.045,111.22,2015.0
2017-12-18 11:49:00,111.07,111.07,111.07,111.07,100.0
2017-12-18 11:50:00,111.08,111.12,111.08,111.12,300.0
2017-12-18 11:51:00,111.11,111.18,111.11,111.15,1999.0
2017-12-18 11:52:00,111.0,111.17,111.0,111.1,3619.0
2017-12-18 11:55:00,111.045,111.045,111.045,111.045,100.0
2017-12-18 11:58:00,110.98,111.0286,110.94,111.01,1322.0
2017-12-18 11:59:00,111.1,111.1,111.03,111.03,2177.0
2017-12-18 12:00:00,110.96,111.04,110.96,111.04,700.0
2017-12-18 12:01:00,110.96,110.96,110.96,110.96,300.0
2017-12-18 12:02:00,110.97,110.97,110.97,110.97,100.0
2017-12-18 12:04:00,110.98,110.98,110.98,110.98,100.0
2017-12-18 12:05:00,111.15,111.15,111.05,111.05,2300.0
2017-12-18 12:06:00,111.06,111.14,111.04,111.14,1977.0
2017-12-18 12:07:00,111.07,111.07,111.07,111.07,100.0
2017-12-18 12:08:00,111.055,111.09899999999999,111.055,111.055,600.0
2017-12-18 12:09:00,111.01,111.03,111.01,111.03,502.0
2017-12-18 12:11:00,111.01,111.04,111.01,111.03,400.0
2017-12-18 12:12:00,110.97,110.97,110.97,110.97,100.0
2017-12-18 12:14:00,111.02,111.02,110.92,110.92,700.0
2017-12-18 12:15:00,111.04,111.04,111.0,111.0,300.0
2017-12-18 12:16:00,111.1,111.1,110.99,111.025,400.0
2017-12-18 12:17:00,111.06,111.06,111.06,111.06,2565.0
2017-12-18 12:18:00,111.03,111.09,111.03,111.09,300.0
2017-12-18 12:19:00,111.05,111.1,111.05,111.1,200.0
2017-12-18 12:20:00,111.07,111.14,111.07,111.095,722.0
2017-12-18 12:21:00,111.07,111.07,111.05,111.05,27240.0
2017-12-18 12:22:00,111.18,111.19,111.1,111.1,3600.0
2017-12-18 12:23:00,111.12,111.2582,111.12,111.2096,1095.0
2017-12-18 12:24:00,111.18,111.18,111.18,111.18,100.0
2017-12-18 12:25:00,111.25,111.25,111.2,111.2,489.0
2017-12-18 12:26:00,111.1999,111.21,111.155,111.21,994.0
2017-12-18 12:28:00,111.12,111.19,111.12,111.19,610.0
2017-12-18 12:30:00,111.1583,111.16,111.15,111.16,500.0
2017-12-18 12:31:00,111.22,111.22,111.16,111.16,400.0
2017-12-18 12:32:00,111.23,111.23,111.23,111.23,100.0
2017-12-18 12:34:00,111.0802,111.12,111.0802,111.12,213.0
2017-12-18 12:35:00,111.09,111.09,111.09,111.09,100.0
2017-12-18 12:37:00,111.22,111.22,111.15,111.15,1600.0
2017-12-18 12:38:00,111.21,111.25,111.19,111.25,907.0
2017-12-18 12:39:00,111.185,111.185,111.185,111.185,300.0
2017-12-18 12:40:00,111.19,111.19,111.19,111.19,100.0
2017-12-18 12:41:00,111.23,111.24,111.205,111.205,5800.0
2017-12-18 12:42:00,111.205,111.21,111.205,111.21,1500.0
2017-12-18 12:43:00,111.28,111.28,111.21,111.21,800.0
2017-12-18 12:44:00,111.25,111.25,111.24,111.24,200.0
2017-12-18 12:45:00,111.28,111.28,111.24,111.24,300.0
2017-12-18 12:46:00,111.29,111.29,111.29,111.29,100.0
2017-12-18 12:47:00,111.225,111.23,111.225,111.23,400.0
2017-12-18 12:48:00,111.255,111.26,111.25,111.26,5008.0
2017-12-18 12:49:00,111.25,111.26,111.24,111.255,3085.0
2017-12-18 12:50:00,111.21,111.255,111.21,111.2525,4900.0
2017-12-18 12:51:00,111.21,111.24,111.21,111.21,2600.0
2017-12-18 12:52:00,111.0705,111.22,111.06,111.22,1800.0
2017-12-18 12:53:00,111.075,111.13,111.065,111.09,1113.0
2017-12-18 12:54:00,111.08,111.08,111.08,111.08,100.0
2017-12-18 12:55:00,111.0904,111.1,111.08,111.08,528.0
2017-12-18 12:56:00,111.11,111.148,111.07,111.1,1300.0
2017-12-18 12:57:00,111.1,111.155,111.09,111.155,1100.0
2017-12-18 12:58:00,111.105,111.15,111.1,111.11,2800.0
2017-12-18 12:59:00,111.11,111.19,111.11,111.14,9336.0
2017-12-18 13:00:00,111.09,111.11,111.06,111.1,1000.0
2017-12-18 13:01:00,111.04,111.04,111.04,111.04,100.0
2017-12-18 13:04:00,111.06,111.06,111.06,111.06,100.0
2017-12-18 13:05:00,111.085,111.1,111.05,111.05,1587.0
2017-12-18 13:06:00,111.11,111.12,111.085,111.085,500.0
2017-12-18 13:07:00,111.08,111.11,111.06,111.08,600.0
2017-12-18 13:09:00,111.095,111.105,111.08,111.08,2795.0
2017-12-18 13:10:00,111.085,111.1,111.085,111.1,300.0
2017-12-18 13:11:00,111.08,111.12,111.07,111.12,900.0
2017-12-18 13:12:00,111.105,111.105,111.105,111.105,200.0
2017-12-18 13:13:00,111.1,111.105,111.1,111.105,200.0
2017-12-18 13:14:00,111.28,111.28,111.12,111.13,3600.0
2017-12-18 13:15:00,111.18,111.23,111.18,111.23,1400.0
2017-12-18 13:16:00,111.125,111.23,111.125,111.21,2115.0
2017-12-18 13:17:00,111.1506,111.1506,111.1506,111.1506,362.0
2017-12-18 13:18:00,111.2,111.28,111.14,111.18,5105.0
2017-12-18 13:19:00,111.175,111.175,111.175,111.175,100.0
2017-12-18 13:20:00,111.255,111.26,111.21,111.21,1100.0
2017-12-18 13:21:00,111.255,111.28,111.25,111.27,400.0
2017-12-18 13:22:00,111.21,111.24,111.2,111.24,800.0
2017-12-18 13:23:00,111.17,111.17,111.17,111.17,100.0
2017-12-18 13:24:00,111.2,111.26,111.2,111.23,2101.0
2017-12-18 13:25:00,111.19,111.19,111.19,111.19,400.0
2017-12-18 13:26:00,111.2276,111.2276,111.2276,111.2276,100.0
2017-12-18 13:27:00,111.21,111.21,111.21,111.21,100.0
2017-12-18 13:28:00,111.22,111.22,111.22,111.22,191.0
2017-12-18 13:29:00,111.2116,111.2116,111.2116,111.2116,414.0
2017-12-18 13:30:00,111.26,111.26,111.26,111.26,200.0
2017-12-18 13:31:00,111.14,111.19,111.14,111.19,200.0
2017-12-18 13:32:00,111.14,111.14,111.14,111.14,344.0
2017-12-18 13:33:00,111.21,111.21,111.1046,111.1046,1945.0
2017-12-18 13:34:00,111.19,111.19,111.12,111.12,400.0
2017-12-18 13:35:00,111.09,111.09,111.09,111.09,100.0
2017-12-18 13:36:00,111.16,111.24,111.16,111.24,500.0
2017-12-18 13:37:00,111.05,111.15,111.05,111.15,650.0
2017-12-18 13:38:00,111.19,111.21,111.14,111.14,1600.0
2017-12-18 13:39:00,111.11,111.11,111.105,111.105,400.0
2017-12-18 13:41:00,111.1,111.1,111.1,111.1,300.0
2017-12-18 13:42:00,111.1,111.1,111.1,111.1,100.0
2017-12-18 13:44:00,111.15,111.15,111.14,111.14,700.0
2017-12-18 13:45:00,111.11,111.17,111.08,111.145,1000.0
2017-12-18 13:46:00,111.1,111.1,111.02,111.02,797.0
2017-12-18 13:47:00,111.03,111.03,111.03,111.03,100.0
2017-12-18 13:48:00,111.125,111.25,111.1,111.1,4552.0
2017-12-18 13:49:00,111.1421,111.1421,111.1421,111.1421,140.0
2017-12-18 13:50:00,111.11,111.11,111.11,111.11,100.0
2017-12-18 13:51:00,111.17,111.17,111.17,111.17,255.0
2017-12-18 13:53:00,111.1,111.1,111.1,111.1,100.0
2017-12-18 13:54:00,111.14,111.16,111.11,111.14,1200.0
2017-12-18 13:55:00,111.06,111.09,111.05,111.09,2200.0
2017-12-18 13:56:00,111.04,111.04,111.04,111.04,100.0
2017-12-18 13:57:00,111.07,111.14,111.07,111.1,1500.0
2017-12-18 13:58:00,111.1,111.1,111.07,111.08,500.0
2017-12-18 13:59:00,111.06,111.06,111.06,111.06,142.0
2017-12-18 14:01:00,111.07,111.12,111.07,111.1,897.0
2017-12-18 14:02:00,111.07,111.08,111.07,111.08,200.0
2017-12-18 14:03:00,111.15,111.15,111.13,111.13,1590.0
2017-12-18 14:04:00,111.08,111.15,111.08,111.15,1200.0
2017-12-18 14:05:00,111.12,111.14,111.12,111.12,500.0
2017-12-18 14:06:00,111.12,111.14,111.09,111.1,700.0
2017-12-18 14:07:00,111.07,111.08,111.025,111.08,1200.0
2017-12-18 14:08:00,111.09,111.09,111.09,111.09,400.0
2017-12-18 14:10:00,111.1,111.1,111.03,111.1,1350.0
2017-12-18 14:11:00,111.05,111.1,111.05,111.09,1900.0
2017-12-18 14:12:00,111.09,111.09,111.09,111.09,550.0
2017-12-18 14:13:00,111.02,111.101,111.02,111.101,813.0
2017-12-18 14:14:00,111.04,111.11,111.04,111.06,3474.0
2017-12-18 14:15:00,111.1002,111.12,111.02,111.02,3347.0
2017-12-18 14:16:00,111.03,111.08,111.03,111.08,300.0
2017-12-18 14:17:00,111.09,111.09,111.08,111.08,628.0
2017-12-18 14:18:00,111.06,111.12,111.06,111.12,300.0
2017-12-18 14:19:00,111.095,111.095,111.0514,111.0514,800.0
2017-12-18 14:20:00,111.11,111.13,111.095,111.095,1711.0
2017-12-18 14:21:00,111.08,111.08,111.08,111.08,100.0
2017-12-18 14:22:00,111.12,111.12,111.11,111.11,539.0
2017-12-18 14:25:00,111.08,111.11,111.08,111.11,400.0
2017-12-18 14:26:00,111.07,111.1,111.07,111.1,1700.0
2017-12-18 14:27:00,111.12,111.14,111.09,111.102,1875.0
2017-12-18 14:28:00,111.154,111.17,111.13,111.14,1700.0
2017-12-18 14:29:00,111.13,111.16,111.13,111.15,2100.0
2017-12-18 14:30:00,111.17,111.18,111.13,111.13,3300.0
2017-12-18 14:31:00,111.15,111.19,111.13,111.18,3093.0
2017-12-18 14:32:00,111.11,111.125,111.11,111.125,300.0
2017-12-18 14:33:00,111.1,111.125,111.09,111.125,800.0
2017-12-18 14:34:00,111.09,111.09,111.09,111.09,507.0
2017-12-18 14:35:00,111.0,111.01,110.99,110.99,400.0
2017-12-18 14:36:00,111.01,111.01,111.01,111.01,100.0
2017-12-18 14:37:00,111.0,111.06,110.97,111.06,2353.0
2017-12-18 14:39:00,110.97,110.97,110.95,110.95,732.0
2017-12-18 14:40:00,111.02,111.02,110.9499,110.98,1406.0
2017-12-18 14:41:00,110.95,111.03,110.95,111.01,1582.0
2017-12-18 14:42:00,110.95,110.96,110.95,110.96,400.0
2017-12-18 14:43:00,110.93,110.96,110.93,110.96,200.0
2017-12-18 14:44:00,110.93,110.97,110.93,110.97,300.0
2017-12-18 14:46:00,110.96,111.01,110.96,110.98,1250.0
2017-12-18 14:47:00,110.96,111.02,110.93,111.02,2400.0
2017-12-18 14:48:00,110.9102,110.92,110.89,110.92,805.0
2017-12-18 14:49:00,110.89,110.9,110.89,110.9,318.0
2017-12-18 14:50:00,110.89,110.92,110.89,110.92,500.0
2017-12-18 14:51:00,110.97,110.97,110.89,110.915,2221.0
2017-12-18 14:52:00,110.88,110.9972,110.88,110.9972,1100.0
2017-12-18 14:53:00,110.9,110.95,110.9,110.95,712.0
2017-12-18 14:54:00,110.96,110.96,110.96,110.96,100.0
2017-12-18 14:56:00,111.04,111.13,111.0,111.0,2177.0
2017-12-18 14:57:00,111.08,111.08,111.07,111.07,400.0
2017-12-18 14:58:00,111.07,111.11,111.03,111.03,3800.0
2017-12-18 14:59:00,111.215,111.26,111.12,111.12,3800.0
2017-12-18 15:00:00,111.1202,111.14,111.07,111.12,1792.0
2017-12-18 15:01:00,111.125,111.125,111.125,111.125,200.0
2017-12-18 15:02:00,111.135,111.135,111.135,111.135,100.0
2017-12-18 15:03:00,111.18,111.2,111.13,111.14,1600.0
2017-12-18 15:04:00,111.15,111.22,111.14,111.2,2800.0
2017-12-18 15:05:00,111.13,111.13,111.13,111.13,100.0
2017-12-18 15:06:00,111.115,111.125,111.1,111.125,546.0
2017-12-18 15:07:00,111.17,111.17,111.115,111.115,1500.0
2017-12-18 15:08:00,111.17,111.18,111.14,111.15,1100.0
2017-12-18 15:09:00,111.14,111.14,111.14,111.14,100.0
2017-12-18 15:10:00,111.2,111.2,111.2,111.2,100.0
2017-12-18 15:11:00,111.11,111.16,111.11,111.16,3724.0
2017-12-18 15:12:00,111.16,111.18,111.12,111.12,950.0
2017-12-18 15:13:00,111.17,111.19,111.17,111.19,544.0
2017-12-18 15:14:00,111.24,111.24,111.2,111.2,670.0
2017-12-18 15:15:00,111.225,111.225,111.22,111.22,800.0
2017-12-18 15:16:00,111.2,111.22,111.2,111.22,1400.0
2017-12-18 15:17:00,111.2,111.21,111.195,111.2,2763.0
2017-12-18 15:18:00,111.19,111.22,111.18,111.22,5031.0
2017-12-18 15:19:00,111.175,111.21,111.16,111.19,3600.0
2017-12-18 15:20:00,111.15,111.1899,111.13,111.1899,2071.0
2017-12-18 15:21:00,111.13,111.14,111.13,111.14,200.0
2017-12-18 15:22:00,111.14,111.14,111.14,111.14,100.0
2017-12-18 15:23:00,111.19,111.19,111.14,111.15,1800.0
2017-12-18 15:24:00,111.13,111.16,111.13,111.16,1952.0
2017-12-18 15:25:00,111.13,111.14,111.13,111.14,300.0
2017-12-18 15:26:00,111.16,111.16,111.14,111.14,2100.0
2017-12-18 15:27:00,111.155,111.16,111.15,111.16,1100.0
2017-12-18 15:28:00,111.14,111.16,111.14,111.16,3651.0
2017-12-18 15:30:00,111.13,111.16,111.13,111.14,3417.0
2017-12-18 15:31:00,111.08,111.15,111.08,111.14,2071.0
2017-12-18 15:32:00,111.07,111.08,111.07,111.07,560.0
2017-12-18 15:33:00,111.13,111.13,111.07,111.07,2743.0
2017-12-18 15:34:00,111.14,111.14,111.11,111.13,1093.0
2017-12-18 15:35:00,111.1,111.15,111.1,111.13,4533.0
2017-12-18 15:36:00,111.08,111.11,111.08,111.1,2210.0
2017-12-18 15:37:00,111.06,111.08,111.0,111.08,4462.0
2017-12-18 15:38:00,111.05,111.07,111.04,111.055,3050.0
2017-12-18 15:39:00,111.05,111.065,111.05,111.06,3467.0
2017-12-18 15:40:00,111.06,111.09,111.05,111.055,4300.0
2017-12-18 15:41:00,111.065,111.075,111.04,111.07,4731.0
2017-12-18 15:42:00,111.04,111.1,111.03,111.05,5311.0
2017-12-18 15:43:00,110.97,111.04,110.97,111.04,4631.0
2017-12-18 15:44:00,110.98,110.98,110.96,110.96,300.0
2017-12-18 15:45:00,111.01,111.02,110.98,110.98,2700.0
2017-12-18 15:46:00,111.03,111.08,111.005,111.01,7777.0
2017-12-18 15:47:00,110.98,111.04,110.98,111.0325,4222.0
2017-12-18 15:48:00,110.97,111.0,110.97,110.98,3071.0
2017-12-18 15:49:00,110.98,111.0,110.95,110.97,3834.0
2017-12-18 15:50:00,111.02,111.04,111.01,111.01,4873.0
2017-12-18 15:51:00,111.02,111.02,110.94,111.02,3400.0
2017-12-18 15:52:00,111.05,111.05,111.01,111.01,1893.0
2017-12-18 15:53:00,111.04,111.06,111.03,111.05,2074.0
2017-12-18 15:54:00,111.055,111.06,111.04,111.04,2750.0
2017-12-18 15:55:00,111.11,111.12,111.07,111.08,5024.0
2017-12-18 15:56:00,111.1,111.12,111.1,111.1,5909.0
2017-12-18 15:57:00,111.01,111.09,110.99,111.09,5880.0
2017-12-18 15:58:00,111.0,111.03,110.95,111.02,9279.0
2017-12-18 15:59:00,111.02,111.02,110.99,111.0,7076.0
2017-12-18 16:00:00,111.06,111.07,111.0,111.02,10081.0
2017-12-19 09:30:00,111.66,111.66,111.66,111.66,4363.0
2017-12-19 09:33:00,111.13,111.16,111.12,111.16,1000.0
2017-12-19 09:34:00,110.7,110.84,110.6,110.835,2839.0
2017-12-19 09:35:00,110.92,110.96,110.77,110.77,1580.0
2017-12-19 09:36:00,110.93,110.94,110.82,110.82,2527.0
2017-12-19 09:38:00,110.86,110.86,110.86,110.86,300.0
2017-12-19 09:39:00,110.84,110.84,110.84,110.84,100.0
2017-12-19 09:40:00,110.92,110.92,110.87,110.87,400.0
2017-12-19 09:41:00,111.11,111.11,110.87,110.87,1200.0
2017-12-19 09:42:00,111.22,111.45,111.145,111.16,2472.0
2017-12-19 09:44:00,111.14,111.15,111.1,111.12,1200.0
2017-12-19 09:45:00,111.17,111.17,111.12,111.13,900.0
2017-12-19 09:46:00,111.15,111.22,111.14,111.22,1059.0
2017-12-19 09:47:00,110.99,111.14,110.98,111.14,2400.0
2017-12-19 09:48:00,110.89,110.98,110.89,110.98,200.0
2017-12-19 09:49:00,110.7,110.78,110.6,110.74,1034.0
2017-12-19 09:51:00,110.79,110.87,110.73,110.73,2100.0
2017-12-19 09:52:00,110.68,110.71,110.68,110.71,504.0
2017-12-19 09:53:00,110.745,110.745,110.72,110.72,200.0
2017-12-19 09:54:00,110.65,110.72,110.65,110.72,1117.0
2017-12-19 09:55:00,110.725,110.725,110.59,110.68,800.0
2017-12-19 09:56:00,110.69,110.69,110.64,110.65,800.0
2017-12-19 09:57:00,110.74,110.76,110.715,110.715,1500.0
2017-12-19 09:59:00,110.85,110.9,110.85,110.9,200.0
2017-12-19 10:00:00,110.91,110.91,110.81,110.91,600.0
2017-12-19 10:01:00,110.845,110.91,110.79,110.85,2518.0
2017-12-19 10:02:00,110.84,110.86,110.84,110.86,1200.0
2017-12-19 10:03:00,110.89,110.89,110.83,110.85,2100.0
2017-12-19 10:04:00,110.89,110.91,110.84,110.87,2600.0
2017-12-19 10:05:00,110.86,110.88,110.86,110.86,400.0
2017-12-19 10:06:00,110.67,110.93,110.64,110.92,5434.0
2017-12-19 10:07:00,110.64,110.67,110.64,110.67,300.0
2017-12-19 10:08:00,110.57,110.7,110.57,110.66,2200.0
2017-12-19 10:09:00,110.55,110.62,110.49,110.57,3724.0
2017-12-19 10:10:00,110.58,110.6,110.53,110.59,3500.0
2017-12-19 10:11:00,110.57,110.61,110.57,110.58,700.0
2017-12-19 10:12:00,110.58,110.61,110.56,110.58,800.0
2017-12-19 10:13:00,110.67,110.67,110.605,110.605,300.0
2017-12-19 10:14:00,110.6,110.69,110.6,110.68,2200.0
2017-12-19 10:15:00,110.64,110.66,110.61,110.61,1400.0
2017-12-19 10:16:00,110.65,110.68,110.61,110.64,2351.0
2017-12-19 10:17:00,110.45,110.62,110.45,110.6,3195.0
2017-12-19 10:18:00,110.39,110.51,110.38,110.48,3263.0
2017-12-19 10:19:00,110.49,110.56,110.425,110.425,2250.0
2017-12-19 10:20:00,110.51,110.51,110.51,110.51,1000.0
2017-12-19 10:22:00,110.56,110.6,110.555,110.58,400.0
2017-12-19 10:23:00,110.48,110.54,110.48,110.53,1800.0
2017-12-19 10:24:00,110.53,110.55,110.53,110.5395,1779.0
2017-12-19 10:25:00,110.62,110.62,110.51,110.58,1709.0
2017-12-19 10:26:00,110.62,110.7,110.6,110.7,609.0
2017-12-19 10:27:00,110.72,110.72,110.58,110.61,3092.0
2017-12-19 10:28:00,110.76,110.76,110.71,110.71,1200.0
2017-12-19 10:29:00,110.66,110.7635,110.56,110.72,5602.0
2017-12-19 10:30:00,110.65,110.6935,110.57,110.57,670.0
2017-12-19 10:31:00,110.5001,110.59,110.48,110.59,4103.0
2017-12-19 10:32:00,110.595,110.595,110.595,110.595,200.0
2017-12-19 10:33:00,110.44,110.63,110.43,110.63,2651.0
2017-12-19 10:34:00,110.59,110.62,110.42,110.42,2953.0
2017-12-19 10:35:00,110.6,110.61,110.5904,110.6,1074.0
2017-12-19 10:36:00,110.64,110.64,110.64,110.64,100.0
2017-12-19 10:37:00,110.37,110.5799,110.37,110.56,3748.0
2017-12-19 10:39:00,110.45,110.45,110.4,110.4,600.0
2017-12-19 10:40:00,110.44,110.46,110.44,110.46,200.0
2017-12-19 10:41:00,110.44,110.52,110.4,110.46,4200.0
2017-12-19 10:42:00,110.43,110.44,110.43,110.44,200.0
2017-12-19 10:44:00,110.545,110.55,110.51,110.55,500.0
2017-12-19 10:45:00,110.645,110.645,110.57,110.57,200.0
2017-12-19 10:46:00,110.62,110.65,110.62,110.64,500.0
2017-12-19 10:47:00,110.745,110.745,110.65,110.65,1400.0
2017-12-19 10:48:00,110.8,110.81,110.71,110.76,3248.0
2017-12-19 10:49:00,110.78,110.78,110.78,110.78,200.0
2017-12-19 10:50:00,110.86,110.86,110.79,110.805,1200.0
2017-12-19 10:51:00,110.825,110.8434,110.81,110.8434,3060.0
2017-12-19 10:52:00,110.86,110.86,110.84,110.84,300.0
2017-12-19 10:53:00,110.9137,110.9137,110.9,110.9,650.0
2017-12-19 10:54:00,110.97,110.97,110.915,110.915,1600.0
2017-12-19 10:55:00,110.97,110.985,110.97,110.985,300.0
2017-12-19 10:56:00,111.025,111.025,111.0,111.0,200.0
2017-12-19 10:57:00,111.05,111.05,111.01,111.03,400.0
2017-12-19 10:58:00,111.06,111.07,111.06,111.06,800.0
2017-12-19 10:59:00,111.1,111.1,111.06,111.06,400.0
2017-12-19 11:00:00,111.11,111.12,111.07,111.1,1600.0
2017-12-19 11:01:00,111.17,111.17,111.1063,111.1063,400.0
2017-12-19 11:02:00,111.2,111.21,111.16,111.16,1600.0
2017-12-19 11:03:00,111.16,111.22,111.16,111.2051,2360.0
2017-12-19 11:05:00,111.19,111.19,111.19,111.19,100.0
2017-12-19 11:06:00,111.22,111.22,111.195,111.2,1300.0
2017-12-19 11:07:00,111.25,111.27,111.22200000000001,111.22200000000001,600.0
2017-12-19 11:08:00,111.3,111.31,111.26,111.3,2900.0
2017-12-19 11:09:00,111.43,111.43,111.31,111.31,1500.0
2017-12-19 11:10:00,111.52,111.52,111.37,111.3704,3000.0
2017-12-19 11:11:00,111.58,111.5875,111.48,111.535,5583.0
2017-12-19 11:12:00,111.57,111.57,111.55,111.55,1000.0
2017-12-19 11:13:00,111.55,111.5525,111.54,111.55,1200.0
2017-12-19 11:14:00,111.6,111.6,111.53,111.54,1442.0
2017-12-19 11:16:00,111.62,111.62,111.62,111.62,100.0
2017-12-19 11:17:00,111.69,111.69,111.62,111.62,338.0
2017-12-19 11:18:00,111.61,111.68,111.6,111.68,2700.0
2017-12-19 11:19:00,111.6,111.64,111.6,111.6,906.0
2017-12-19 11:20:00,111.6,111.6,111.58,111.59,3000.0
2017-12-19 11:21:00,111.56,111.57,111.55,111.57,2400.0
2017-12-19 11:22:00,111.51,111.5725,111.5,111.56,9011.0
2017-12-19 11:23:00,111.495,111.51,111.49,111.49,1644.0
2017-12-19 11:24:00,111.51,111.54,111.47,111.52,1956.0
2017-12-19 11:25:00,111.5,111.52,111.49,111.51,3227.0
2017-12-19 11:26:00,111.5,111.51,111.49,111.49,1200.0
2017-12-19 11:27:00,111.49,111.5,111.49,111.5,400.0
2017-12-19 11:28:00,111.47,111.5,111.47,111.5,200.0
2017-12-19 11:29:00,111.51,111.51,111.47,111.47,4177.0
2017-12-19 11:30:00,111.47,111.53,111.47,111.52,2040.0
2017-12-19 11:32:00,111.47,111.47,111.46,111.46,350.0
2017-12-19 11:33:00,111.5,111.51,111.475,111.51,1700.0
2017-12-19 11:34:00,111.51,111.515,111.48700000000001,111.505,550.0
2017-12-19 11:35:00,111.47,111.51,111.46,111.5,2900.0
2017-12-19 11:36:00,111.48,111.505,111.48,111.49,320.0
2017-12-19 11:37:00,111.48,111.48,111.48,111.48,100.0
2017-12-19 11:38:00,111.49,111.49,111.49,111.49,500.0
2017-12-19 11:39:00,111.51,111.51,111.51,111.51,100.0
2017-12-19 11:40:00,111.5,111.51,111.5,111.51,300.0
2017-12-19 11:41:00,111.5,111.53,111.5,111.51,1800.0
2017-12-19 11:42:00,111.49,111.53,111.47,111.53,3095.0
2017-12-19 11:43:00,111.48,111.48,111.48,111.48,100.0
2017-12-19 11:44:00,111.47,111.48,111.46,111.47,1200.0
2017-12-19 11:45:00,111.4625,111.4625,111.4625,111.4625,100.0
2017-12-19 11:46:00,111.48,111.48,111.46,111.46,200.0
2017-12-19 11:49:00,111.5,111.55,111.48,111.51,3705.0
2017-12-19 11:50:00,111.5,111.5,111.48,111.5,901.0
2017-12-19 11:51:00,111.49,111.49,111.48,111.49,500.0
2017-12-19 11:52:00,111.54,111.54,111.5,111.51,1400.0
2017-12-19 11:53:00,111.54,111.54,111.52,111.52,200.0
2017-12-19 11:54:00,111.5275,111.56,111.52,111.54,2800.0
2017-12-19 11:55:00,111.545,111.55,111.52,111.535,1190.0
2017-12-19 11:56:00,111.51,111.545,111.51,111.53,2300.0
2017-12-19 11:57:00,111.48,111.51,111.48,111.51,1100.0
2017-12-19 11:58:00,111.49,111.51,111.49,111.49,1450.0
2017-12-19 11:59:00,111.46,111.47,111.44,111.47,1676.0
2017-12-19 12:00:00,111.495,111.495,111.495,111.495,100.0
2017-12-19 12:01:00,111.49,111.49,111.46,111.46,800.0
2017-12-19 12:02:00,111.47,111.47,111.47,111.47,700.0
2017-12-19 12:03:00,111.41,111.47,111.41,111.47,1800.0
2017-12-19 12:04:00,111.45,111.46,111.43,111.43,712.0
2017-12-19 12:05:00,111.49,111.49,111.49,111.49,100.0
2017-12-19 12:06:00,111.51,111.55,111.47,111.5,1200.0
2017-12-19 12:07:00,111.55,111.55,111.5,111.5,300.0
2017-12-19 12:08:00,111.5,111.53,111.5,111.53,1200.0
2017-12-19 12:10:00,111.44,111.53,111.44,111.53,1400.0
2017-12-19 12:11:00,111.46,111.46,111.46,111.46,100.0
2017-12-19 12:12:00,111.465,111.49,111.465,111.49,200.0
2017-12-19 12:13:00,111.52,111.53,111.5,111.5,730.0
2017-12-19 12:14:00,111.5,111.53,111.5,111.53,500.0
2017-12-19 12:15:00,111.54,111.54,111.5,111.515,800.0
2017-12-19 12:16:00,111.54,111.54,111.54,111.54,100.0
2017-12-19 12:17:00,111.5,111.54,111.49,111.515,4324.0
2017-12-19 12:18:00,111.5,111.505,111.5,111.505,200.0
2017-12-19 12:19:00,111.51,111.53,111.5,111.505,9750.0
2017-12-19 12:20:00,111.61,111.62,111.51,111.52,7084.0
2017-12-19 12:21:00,111.65,111.65,111.61,111.64,1917.0
2017-12-19 12:22:00,111.62,111.62,111.62,111.62,100.0
2017-12-19 12:23:00,111.7,111.7,111.65,111.65,405.0
2017-12-19 12:24:00,111.66,111.73,111.66,111.73,1426.0
2017-12-19 12:25:00,111.56,111.66,111.53,111.65,5900.0
2017-12-19 12:26:00,111.57,111.59,111.57,111.57,600.0
2017-12-19 12:27:00,111.63,111.63,111.6,111.61,300.0
2017-12-19 12:28:00,111.64,111.64,111.64,111.64,200.0
2017-12-19 12:29:00,111.67,111.6905,111.67,111.6905,505.0
2017-12-19 12:30:00,111.64,111.64,111.61,111.64,1100.0
2017-12-19 12:31:00,111.62,111.64,111.62,111.62,2112.0
2017-12-19 12:32:00,111.62,111.62,111.6,111.6,978.0
2017-12-19 12:33:00,111.6,111.6,111.6,111.6,100.0
2017-12-19 12:34:00,111.57,111.6,111.57,111.6,700.0
2017-12-19 12:35:00,111.515,111.515,111.51,111.51,1300.0
2017-12-19 12:36:00,111.53,111.58,111.53,111.56,3224.0
2017-12-19 12:37:00,111.56,111.56,111.53,111.53,200.0
2017-12-19 12:39:00,111.51,111.56,111.51,111.545,3210.0
2017-12-19 12:40:00,111.47,111.51,111.47,111.51,1200.0
2017-12-19 12:41:00,111.48,111.48,111.48,111.48,270.0
2017-12-19 12:42:00,111.36,111.46,111.36,111.46,800.0
2017-12-19 12:43:00,111.55,111.55,111.37,111.37,1100.0
2017-12-19 12:44:00,111.49,111.5,111.48,111.5,410.0
2017-12-19 12:45:00,111.51,111.51,111.5,111.5,500.0
2017-12-19 12:46:00,111.5,111.5,111.49,111.5,601.0
2017-12-19 12:47:00,111.49,111.5,111.47,111.47,1300.0
2017-12-19 12:48:00,111.49,111.5,111.49,111.5,1200.0
2017-12-19 12:49:00,111.5,111.5,111.5,111.5,1009.0
2017-12-19 12:50:00,111.5,111.5,111.5,111.5,200.0
2017-12-19 12:51:00,111.49,111.5,111.47,111.48,2300.0
2017-12-19 12:52:00,111.5,111.5,111.48,111.5,1942.0
2017-12-19 12:53:00,111.57,111.57,111.49,111.5,2700.0
2017-12-19 12:55:00,111.69,111.69,111.61,111.61,500.0
2017-12-19 12:56:00,111.65,111.69,111.64,111.69,1901.0
2017-12-19 12:57:00,111.685,111.685,111.65,111.66,816.0
2017-12-19 13:02:00,111.74,111.74,111.74,111.74,100.0
2017-12-19 13:03:00,111.77,111.79,111.76,111.76,4800.0
2017-12-19 13:04:00,111.82,111.82,111.82,111.82,200.0
2017-12-19 13:05:00,111.89,111.89,111.89,111.89,300.0
2017-12-19 13:06:00,111.85,111.92,111.85,111.895,2510.0
2017-12-19 13:07:00,111.82,111.85,111.82,111.85,800.0
2017-12-19 13:08:00,111.79,111.82,111.79,111.82,1000.0
2017-12-19 13:09:00,111.84,111.84,111.795,111.82,700.0
2017-12-19 13:11:00,111.8371,111.8371,111.8371,111.8371,133.0
2017-12-19 13:15:00,111.84,111.87,111.84,111.87,200.0
2017-12-19 13:16:00,111.87,111.87,111.84,111.87,486.0
2017-12-19 13:17:00,111.91,111.97,111.91,111.94,3500.0
2017-12-19 13:18:00,111.91,111.91,111.91,111.91,100.0
2017-12-19 13:19:00,111.92,111.95,111.92,111.94,500.0
2017-12-19 13:20:00,111.96,111.96,111.95,111.95,200.0
2017-12-19 13:21:00,111.88,111.93,111.88,111.93,800.0
2017-12-19 13:22:00,111.86,111.86,111.86,111.86,500.0
2017-12-19 13:23:00,111.88,111.88,111.88,111.88,100.0
2017-12-19 13:24:00,111.845,111.8641,111.845,111.8641,600.0
2017-12-19 13:25:00,111.88,111.88,111.88,111.88,100.0
2017-12-19 13:26:00,111.88,111.88,111.88,111.88,300.0
2017-12-19 13:27:00,111.86,111.88,111.86,111.88,300.0
2017-12-19 13:28:00,111.87,111.91,111.87,111.91,200.0
2017-12-19 13:29:00,111.77,111.87,111.77,111.87,4400.0
2017-12-19 13:30:00,111.75,111.75,111.75,111.75,200.0
2017-12-19 13:31:00,111.72,111.82,111.72,111.77,2018.0
2017-12-19 13:32:00,111.7563,111.76,111.74,111.74,620.0
2017-12-19 13:33:00,111.76,111.78,111.76,111.76,400.0
2017-12-19 13:35:00,111.855,111.855,111.855,111.855,109.0
2017-12-19 13:36:00,111.85,111.855,111.79,111.84,2184.0
2017-12-19 13:37:00,111.87,111.91,111.84,111.88,4550.0
2017-12-19 13:38:00,111.97,111.97,111.93,111.93,300.0
2017-12-19 13:39:00,111.94,111.9677,111.92,111.9677,2800.0
2017-12-19 13:41:00,111.85,111.8733,111.85,111.8733,300.0
2017-12-19 13:43:00,111.8,111.86,111.8,111.81,728.0
2017-12-19 13:44:00,111.82,111.82,111.795,111.82,900.0
2017-12-19 13:45:00,111.85,111.91,111.85,111.91,400.0
2017-12-19 13:47:00,111.9,111.9,111.9,111.9,200.0
2017-12-19 13:48:00,111.85,111.91,111.85,111.9,2700.0
2017-12-19 13:49:00,111.91,111.91,111.91,111.91,100.0
2017-12-19 13:50:00,111.91,111.91,111.86,111.86,600.0
2017-12-19 13:51:00,111.94,111.94,111.9399,111.9399,275.0
2017-12-19 13:52:00,111.98,111.98,111.96,111.96,200.0
2017-12-19 13:53:00,111.94,111.99,111.94,111.98,1265.0
2017-12-19 13:54:00,111.94,111.94,111.94,111.94,300.0
2017-12-19 13:55:00,112.06,112.06,111.99,111.99,3032.0
2017-12-19 13:56:00,112.09,112.09,112.09,112.09,100.0
2017-12-19 13:57:00,112.12,112.12,112.08,112.11,500.0
2017-12-19 13:58:00,112.14,112.14,112.1,112.1,1500.0
2017-12-19 13:59:00,112.04,112.16,112.04,112.15,4100.0
2017-12-19 14:00:00,111.87,112.04,111.87,112.04,2800.0
2017-12-19 14:01:00,111.86,111.91,111.86,111.91,1904.0
2017-12-19 14:02:00,111.86,111.86,111.83,111.83,1413.0
2017-12-19 14:03:00,111.855,111.855,111.855,111.855,300.0
2017-12-19 14:04:00,112.01,112.025,111.865,111.88,4924.0
2017-12-19 14:05:00,112.0207,112.08,111.97,111.98,7900.0
2017-12-19 14:06:00,112.13,112.1393,112.01,112.02,3700.0
2017-12-19 14:07:00,112.07,112.14,112.07,112.14,600.0
2017-12-19 14:08:00,112.14,112.14,112.08,112.08,500.0
2017-12-19 14:09:00,112.09,112.18,112.09,112.18,500.0
2017-12-19 14:10:00,112.1,112.13,112.07,112.07,3500.0
2017-12-19 14:11:00,112.1495,112.15,112.13,112.13,700.0
2017-12-19 14:12:00,112.19,112.21,112.15,112.15,4327.0
2017-12-19 14:13:00,112.16,112.23,112.16,112.23,3919.0
2017-12-19 14:14:00,112.22,112.22,112.16,112.16,1600.0
2017-12-19 14:15:00,112.18,112.24,112.17,112.21,800.0
2017-12-19 14:17:00,112.04,112.14,112.04,112.14,2481.0
2017-12-19 14:18:00,112.1,112.1,112.02,112.02,1000.0
2017-12-19 14:19:00,112.15,112.15,112.12,112.12,600.0
2017-12-19 14:21:00,112.1553,112.16,112.15,112.15,300.0
2017-12-19 14:22:00,112.175,112.2,112.175,112.2,200.0
2017-12-19 14:23:00,112.2,112.2,112.2,112.2,300.0
2017-12-19 14:25:00,112.32,112.32,112.25,112.25,1150.0
2017-12-19 14:26:00,112.23,112.28,112.23,112.28,2800.0
2017-12-19 14:27:00,112.25,112.3,112.23,112.24,800.0
2017-12-19 14:28:00,112.33,112.33,112.29,112.29,289.0
2017-12-19 14:29:00,112.25,112.33,112.25,112.33,716.0
2017-12-19 14:30:00,112.25,112.31,112.25,112.28,350.0
2017-12-19 14:31:00,112.28,112.3,112.26,112.26,370.0
2017-12-19 14:32:00,112.3112,112.32,112.265,112.28,1200.0
2017-12-19 14:33:00,112.3,112.33,112.29,112.33,2545.0
2017-12-19 14:34:00,112.26,112.28,112.25,112.28,1800.0
2017-12-19 14:35:00,112.245,112.25,112.245,112.25,750.0
2017-12-19 14:36:00,112.24,112.24,112.2,112.22,2300.0
2017-12-19 14:38:00,112.27,112.29,112.27,112.27,800.0
2017-12-19 14:39:00,112.33,112.33,112.3,112.3,400.0
2017-12-19 14:40:00,112.31,112.35,112.31,112.35,1951.0
2017-12-19 14:41:00,112.32,112.32,112.32,112.32,100.0
2017-12-19 14:42:00,112.31,112.32,112.31,112.31,1000.0
2017-12-19 14:43:00,112.28,112.305,112.28,112.305,600.0
2017-12-19 14:44:00,112.35,112.35,112.285,112.3,2126.0
2017-12-19 14:45:00,112.31,112.37,112.31,112.35,1000.0
2017-12-19 14:46:00,112.29,112.32,112.29,112.32,600.0
2017-12-19 14:47:00,112.31,112.31,112.27,112.27,300.0
2017-12-19 14:48:00,112.29,112.32,112.28,112.32,1341.0
2017-12-19 14:49:00,112.4,112.4,112.31,112.31,1100.0
2017-12-19 14:50:00,112.38,112.38,112.35,112.38,1305.0
2017-12-19 14:51:00,112.44,112.44,112.4,112.4,606.0
2017-12-19 14:52:00,112.43,112.44,112.43,112.44,200.0
2017-12-19 14:53:00,112.43,112.44,112.38,112.44,400.0
2017-12-19 14:54:00,112.47,112.47,112.41,112.42,1273.0
2017-12-19 14:55:00,112.33,112.5,112.28,112.5,5096.0
2017-12-19 14:56:00,112.195,112.285,112.15,112.285,3370.0
2017-12-19 14:57:00,112.245,112.245,112.19,112.2136,1900.0
2017-12-19 14:58:00,112.295,112.295,112.25,112.28,2300.0
2017-12-19 14:59:00,112.3,112.3,112.28,112.28,500.0
2017-12-19 15:00:00,112.2948,112.305,112.27,112.3,2819.0
2017-12-19 15:01:00,112.17,112.275,112.17,112.27,2202.0
2017-12-19 15:02:00,112.17,112.19,112.17,112.18,484.0
2017-12-19 15:03:00,112.24,112.24,112.16,112.18,800.0
2017-12-19 15:04:00,112.2,112.215,112.19,112.2,517.0
2017-12-19 15:05:00,112.12,112.18,112.12,112.18,500.0
2017-12-19 15:06:00,112.14,112.14,112.09,112.1,996.0
2017-12-19 15:08:00,112.15,112.15,112.105,112.105,200.0
2017-12-19 15:09:00,112.14,112.15,112.13,112.15,300.0
2017-12-19 15:10:00,112.08,112.14,112.08,112.14,2300.0
2017-12-19 15:11:00,112.04,112.08,112.02,112.08,6100.0
2017-12-19 15:12:00,112.02,112.06,112.0,112.06,2600.0
2017-12-19 15:13:00,111.92,112.02,111.92,112.0,4200.0
2017-12-19 15:14:00,111.95,111.95,111.935,111.935,1023.0
2017-12-19 15:15:00,111.96,111.96,111.93,111.94,4941.0
2017-12-19 15:16:00,111.92,111.96,111.92,111.96,1079.0
2017-12-19 15:17:00,111.93,111.95,111.93,111.93,1300.0
2017-12-19 15:18:00,111.89,111.93,111.89,111.93,3422.0
2017-12-19 15:19:00,111.92,111.92,111.9,111.9,2000.0
2017-12-19 15:20:00,111.925,111.925,111.89,111.91,4220.0
2017-12-19 15:21:00,111.95,111.95,111.95,111.95,300.0
2017-12-19 15:22:00,111.95,112.02,111.94,111.99,5677.0
2017-12-19 15:23:00,111.96,111.96,111.96,111.96,300.0
2017-12-19 15:24:00,112.0,112.0,112.0,112.0,200.0
2017-12-19 15:25:00,111.95,111.98,111.95,111.96,1000.0
2017-12-19 15:26:00,112.0,112.0,111.96,111.96,2086.0
2017-12-19 15:27:00,111.98,111.99,111.98,111.99,600.0
2017-12-19 15:28:00,111.995,112.0,111.98,111.99,4300.0
2017-12-19 15:29:00,112.0,112.0,111.99,111.99,600.0
2017-12-19 15:30:00,111.99,112.0,111.99,111.99,2343.0
2017-12-19 15:31:00,111.95,112.0,111.92,112.0,6067.0
2017-12-19 15:32:00,111.93,111.95,111.93,111.945,1000.0
2017-12-19 15:33:00,111.95,111.95,111.935,111.935,1025.0
2017-12-19 15:34:00,111.96,111.96,111.95,111.95,1300.0
2017-12-19 15:35:00,112.0,112.0,111.97,111.97,700.0
2017-12-19 15:36:00,111.99,112.01,111.99,111.99,1500.0
2017-12-19 15:37:00,112.03,112.03,111.99,111.99,1300.0
2017-12-19 15:38:00,112.03,112.03,112.02,112.03,900.0
2017-12-19 15:39:00,112.03,112.04,112.02,112.03,3395.0
2017-12-19 15:40:00,112.09,112.11,112.03,112.03,2497.0
2017-12-19 15:41:00,112.12,112.12,112.105,112.105,500.0
2017-12-19 15:42:00,112.11,112.12,112.1,112.1,4650.0
2017-12-19 15:43:00,112.105,112.11,112.1,112.105,3717.0
2017-12-19 15:44:00,112.06,112.1,112.05,112.1,3684.0
2017-12-19 15:45:00,112.03,112.09,112.03,112.06,14248.0
2017-12-19 15:46:00,112.01,112.03,111.99,112.03,1900.0
2017-12-19 15:47:00,111.95,112.01,111.9406,112.0,3716.0
2017-12-19 15:48:00,111.95,111.98,111.95,111.98,2825.0
2017-12-19 15:49:00,111.96,111.96,111.94,111.95,1200.0
2017-12-19 15:50:00,111.99,111.99,111.94,111.94,3119.0
2017-12-19 15:51:00,112.025,112.03,111.99,111.99,2200.0
2017-12-19 15:52:00,112.025,112.04,112.0,112.01,2627.0
2017-12-19 15:53:00,112.05,112.06,112.02,112.025,4399.0
2017-12-19 15:54:00,112.065,112.07,112.055,112.055,1400.0
2017-12-19 15:55:00,112.155,112.16,112.06,112.06,6813.0
2017-12-19 15:56:00,112.15,112.19,112.14,112.14,4400.0
2017-12-19 15:57:00,112.17,112.17,112.14,112.16,7022.0
2017-12-19 15:58:00,112.23,112.25,112.165,112.165,8920.0
2017-12-19 15:59:00,112.28,112.28,112.24,112.24,6121.0
2017-12-19 16:00:00,112.1,112.28,112.05,112.28,14361.0
2017-12-20 09:30:00,112.63,112.63,112.63,112.63,5067.0
2017-12-20 09:31:00,112.77,112.77,112.77,112.77,100.0
2017-12-20 09:35:00,112.35,112.47,112.35,112.42,1200.0
2017-12-20 09:36:00,112.49,112.5,112.49,112.49,600.0
2017-12-20 09:37:00,112.43,112.58,112.43,112.58,800.0
2017-12-20 09:40:00,112.4,112.45,112.31,112.45,1215.0
2017-12-20 09:41:00,112.0347,112.32,112.02,112.18,2400.0
2017-12-20 09:42:00,112.12,112.15,112.1,112.1,400.0
2017-12-20 09:44:00,112.15,112.15,112.14,112.14,1200.0
2017-12-20 09:45:00,112.0965,112.0965,112.0965,112.0965,100.0
2017-12-20 09:46:00,112.21,112.21,112.05,112.15,1800.0
2017-12-20 09:47:00,112.48,112.48,112.19,112.19,1674.0
2017-12-20 09:48:00,112.54,112.54,112.36,112.36,700.0
2017-12-20 09:49:00,112.36,112.44,112.33,112.44,1758.0
2017-12-20 09:50:00,112.3733,112.41,112.35,112.35,1112.0
2017-12-20 09:51:00,112.55,112.55,112.55,112.55,100.0
2017-12-20 09:52:00,112.33,112.41,112.33,112.41,600.0
2017-12-20 09:53:00,112.22,112.22,112.22,112.22,100.0
2017-12-20 09:54:00,112.2107,112.2107,112.2107,112.2107,135.0
2017-12-20 09:56:00,112.18,112.245,112.18,112.245,300.0
2017-12-20 10:00:00,112.33,112.33,112.18,112.22,1200.0
2017-12-20 10:01:00,112.53,112.71,112.44,112.71,400.0
2017-12-20 10:04:00,112.45,112.57,112.45,112.57,3412.0
2017-12-20 10:05:00,112.34,112.51,112.34,112.48,1800.0
2017-12-20 10:06:00,112.08,112.33,112.08,112.33,400.0
2017-12-20 10:07:00,112.34,112.34,112.22,112.22,1500.0
2017-12-20 10:08:00,112.12,112.22,112.12,112.2,1400.0
2017-12-20 10:09:00,112.2,112.28,112.19,112.19,1200.0
2017-12-20 10:10:00,112.185,112.2785,112.15,112.2,1900.0
2017-12-20 10:11:00,112.14,112.185,112.14,112.185,200.0
2017-12-20 10:12:00,112.13,112.13,112.13,112.13,100.0
2017-12-20 10:15:00,112.15,112.16,112.07,112.12,2706.0
2017-12-20 10:16:00,112.0,112.07,112.0,112.07,640.0
2017-12-20 10:17:00,112.08,112.1388,112.02,112.05,3000.0
2017-12-20 10:18:00,111.89,112.03,111.89,112.03,1300.0
2017-12-20 10:19:00,111.55,111.92,111.55,111.89,6331.0
2017-12-20 10:20:00,111.63,111.75,111.55,111.55,2781.0
2017-12-20 10:21:00,111.8161,111.93,111.7,111.75,1800.0
2017-12-20 10:22:00,111.78,111.78,111.78,111.78,100.0
2017-12-20 10:23:00,111.81,111.81,111.8,111.8,200.0
2017-12-20 10:24:00,111.8,111.8,111.8,111.8,100.0
2017-12-20 10:25:00,111.8445,111.8445,111.74,111.74,303.0
2017-12-20 10:26:00,111.62,111.6972,111.62,111.6972,1000.0
2017-12-20 10:28:00,111.65,111.71,111.58,111.62,946.0
2017-12-20 10:29:00,111.58,111.65,111.58,111.65,311.0
2017-12-20 10:30:00,111.63,111.65,111.58,111.59,8700.0
2017-12-20 10:31:00,111.56,111.69,111.53,111.69,4664.0
2017-12-20 10:32:00,111.54,111.61,111.52,111.61,800.0
2017-12-20 10:33:00,111.53,111.53,111.5,111.5,337.0
2017-12-20 10:36:00,111.51,111.51,111.51,111.51,100.0
2017-12-20 10:37:00,111.51,111.51,111.51,111.51,100.0
2017-12-20 10:38:00,111.49,111.55,111.49,111.55,1488.0
2017-12-20 10:39:00,111.47,111.47,111.47,111.47,400.0
2017-12-20 10:40:00,111.44,111.53,111.44,111.49,2203.0
2017-12-20 10:42:00,111.41,111.46,111.41,111.46,400.0
2017-12-20 10:43:00,111.37,111.52,111.37,111.48,1022.0
2017-12-20 10:44:00,111.38,111.38,111.36,111.36,400.0
2017-12-20 10:45:00,111.24,111.4,111.24,111.355,2800.0
2017-12-20 10:47:00,111.24,111.33,111.22,111.22,3641.0
2017-12-20 10:48:00,111.43,111.43,111.2301,111.2301,2700.0
2017-12-20 10:49:00,111.43,111.5,111.43,111.45,11635.0
2017-12-20 10:50:00,111.44,111.44,111.42,111.42,539.0
2017-12-20 10:51:00,111.51,111.51,111.42,111.44,2900.0
2017-12-20 10:52:00,111.39,111.52,111.39,111.52,3301.0
2017-12-20 10:53:00,111.37,111.37,111.37,111.37,100.0
2017-12-20 10:54:00,111.3264,111.36,111.306,111.36,850.0
2017-12-20 10:55:00,111.47,111.47,111.3297,111.3297,2010.0
2017-12-20 10:56:00,111.53,111.58,111.51,111.51,600.0
2017-12-20 10:57:00,111.62,111.62,111.62,111.62,100.0
2017-12-20 10:58:00,111.66,111.66,111.66,111.66,100.0
2017-12-20 10:59:00,111.71,111.71,111.71,111.71,100.0
2017-12-20 11:00:00,111.58,111.65,111.57,111.65,5197.0
2017-12-20 11:01:00,111.656,111.656,111.58,111.61,2715.0
2017-12-20 11:02:00,111.7,111.7,111.61,111.65,1593.0
2017-12-20 11:04:00,111.72,111.725,111.68,111.69,2000.0
2017-12-20 11:05:00,111.71,111.75,111.71,111.72,800.0
2017-12-20 11:06:00,111.79,111.79,111.71,111.78,2002.0
2017-12-20 11:07:00,111.74,111.81,111.74,111.81,800.0
2017-12-20 11:10:00,111.8,111.85,111.8,111.82,1500.0
2017-12-20 11:11:00,111.89,111.89,111.86,111.86,500.0
2017-12-20 11:12:00,111.95,111.95,111.87,111.9,3549.0
2017-12-20 11:13:00,111.95,111.95,111.91,111.92,1056.0
2017-12-20 11:14:00,111.76,111.93,111.75,111.93,1557.0
2017-12-20 11:15:00,111.72,111.79,111.695,111.76,2300.0
2017-12-20 11:17:00,111.61,111.72,111.61,111.72,1439.0
2017-12-20 11:18:00,111.71,111.71,111.68,111.68,1300.0
2017-12-20 11:19:00,111.5,111.69,111.4999,111.69,1892.0
2017-12-20 11:20:00,111.5,111.55,111.5,111.54,1200.0
2017-12-20 11:21:00,111.55,111.56,111.55,111.56,200.0
2017-12-20 11:23:00,111.75,111.77,111.51,111.51,3109.0
2017-12-20 11:24:00,111.77,111.78,111.57,111.77,2400.0
2017-12-20 11:25:00,111.74,111.77,111.6563,111.76,647.0
2017-12-20 11:27:00,111.68,111.72,111.64,111.69,1935.0
2017-12-20 11:29:00,111.59,111.69,111.59,111.69,340.0
2017-12-20 11:30:00,111.75,111.75,111.64,111.66,2029.0
2017-12-20 11:33:00,111.66,111.7,111.66,111.7,767.0
2017-12-20 11:35:00,111.74,111.74,111.71,111.72,300.0
2017-12-20 11:36:00,111.81,111.81,111.77,111.77,700.0
2017-12-20 11:37:00,111.97,111.97,111.85,111.85,7600.0
2017-12-20 11:38:00,112.11,112.11,111.97,111.97,1600.0
2017-12-20 11:39:00,112.23,112.26,112.07,112.115,4331.0
2017-12-20 11:40:00,112.28,112.28,112.21,112.24,2000.0
2017-12-20 11:41:00,112.14,112.23,112.1,112.22,1158.0
2017-12-20 11:42:00,112.12,112.12,112.12,112.12,200.0
2017-12-20 11:43:00,112.08,112.2,112.08,112.2,300.0
2017-12-20 11:44:00,112.16,112.16,112.15,112.15,600.0
2017-12-20 11:46:00,112.025,112.13,112.01,112.13,800.0
2017-12-20 11:48:00,112.07,112.07,112.02,112.02,900.0
2017-12-20 11:49:00,112.08,112.08,112.08,112.08,500.0
2017-12-20 11:50:00,112.0447,112.0447,112.0447,112.0447,150.0
2017-12-20 11:51:00,111.995,112.0,111.99,112.0,300.0
2017-12-20 11:53:00,112.06,112.06,111.96,111.985,2213.0
2017-12-20 11:54:00,112.15,112.15,112.1,112.1,220.0
2017-12-20 11:55:00,112.035,112.04,112.035,112.04,500.0
2017-12-20 11:56:00,111.99,111.99,111.99,111.99,100.0
2017-12-20 11:58:00,111.88,112.0,111.88,112.0,1700.0
2017-12-20 11:59:00,111.84,111.84,111.84,111.84,200.0
2017-12-20 12:01:00,111.96,112.0,111.9,111.9,2263.0
2017-12-20 12:02:00,111.98,111.98,111.97,111.98,400.0
2017-12-20 12:04:00,111.86,111.96,111.83,111.96,1414.0
2017-12-20 12:05:00,111.8301,111.8301,111.8301,111.8301,121.0
2017-12-20 12:08:00,111.88,111.88,111.88,111.88,500.0
2017-12-20 12:09:00,111.94,112.045,111.94,112.045,2808.0
2017-12-20 12:11:00,111.98,112.04,111.95,111.95,400.0
2017-12-20 12:14:00,112.11,112.12,112.11,112.12,500.0
2017-12-20 12:15:00,112.2,112.2,112.2,112.2,100.0
2017-12-20 12:17:00,112.08,112.15,112.08,112.13,1034.0
2017-12-20 12:18:00,112.075,112.075,112.075,112.075,100.0
2017-12-20 12:19:00,112.05,112.15,112.05,112.1,1535.0
2017-12-20 12:21:00,112.03,112.16,112.03,112.1,1100.0
2017-12-20 12:22:00,111.94,111.94,111.94,111.94,100.0
2017-12-20 12:23:00,112.0916,112.0916,111.985,112.03,635.0
2017-12-20 12:24:00,112.01,112.06,112.01,112.06,413.0
2017-12-20 12:26:00,112.01,112.05,112.01,112.05,300.0
2017-12-20 12:27:00,111.92,112.01,111.92,112.01,556.0
2017-12-20 12:28:00,111.98,111.98,111.92,111.97,1100.0
2017-12-20 12:30:00,112.03,112.03,111.97,111.97,300.0
2017-12-20 12:31:00,112.05,112.1,112.05,112.1,715.0
2017-12-20 12:32:00,112.01,112.01,112.01,112.01,100.0
2017-12-20 12:33:00,112.07,112.07,112.07,112.07,200.0
2017-12-20 12:34:00,112.04,112.125,111.99,112.1,1400.0
2017-12-20 12:35:00,112.0,112.0,112.0,112.0,100.0
2017-12-20 12:37:00,112.0543,112.07,112.0,112.02,950.0
2017-12-20 12:38:00,111.93,112.03,111.93,112.03,700.0
2017-12-20 12:39:00,111.93,111.93,111.895,111.895,200.0
2017-12-20 12:41:00,111.87,111.87,111.87,111.87,100.0
2017-12-20 12:43:00,111.83,111.87,111.83,111.87,700.0
2017-12-20 12:44:00,111.91,111.91,111.8,111.84,1247.0
2017-12-20 12:49:00,111.99,112.02,111.93,111.93,1599.0
2017-12-20 12:50:00,111.96,111.97,111.96,111.96,700.0
2017-12-20 12:51:00,111.95,112.03,111.95,112.0,600.0
2017-12-20 12:54:00,111.95,111.95,111.95,111.95,100.0
2017-12-20 12:55:00,111.92,111.92,111.9072,111.9072,400.0
2017-12-20 12:56:00,111.86,111.88,111.86,111.88,700.0
2017-12-20 12:57:00,111.85,111.86,111.85,111.86,200.0
2017-12-20 12:58:00,111.87,111.9,111.87,111.875,700.0
2017-12-20 13:00:00,111.805,111.82,111.77,111.82,506.0
2017-12-20 13:01:00,111.82,111.84,111.82,111.84,400.0
2017-12-20 13:03:00,111.855,111.9,111.855,111.9,400.0
2017-12-20 13:04:00,111.9,111.9,111.86,111.86,1000.0
2017-12-20 13:06:00,111.95,111.95,111.95,111.95,224.0
2017-12-20 13:07:00,111.935,111.935,111.935,111.935,200.0
2017-12-20 13:08:00,111.895,111.93,111.895,111.93,300.0
2017-12-20 13:10:00,111.93,111.93,111.93,111.93,100.0
2017-12-20 13:12:00,111.91,111.92,111.91,111.92,919.0
2017-12-20 13:13:00,111.94,111.94,111.94,111.94,500.0
2017-12-20 13:14:00,111.93,111.97,111.93,111.97,400.0
2017-12-20 13:15:00,111.935,111.935,111.935,111.935,100.0
2017-12-20 13:17:00,111.98,111.98,111.98,111.98,100.0
2017-12-20 13:20:00,112.0,112.0,111.96,111.97,1100.0
2017-12-20 13:21:00,111.98,112.015,111.98,112.015,519.0
2017-12-20 13:22:00,112.06,112.06,111.995,111.995,220.0
2017-12-20 13:23:00,112.1,112.1,112.045,112.045,900.0
2017-12-20 13:24:00,112.14,112.14,112.07,112.115,2603.0
2017-12-20 13:25:00,112.2,112.2,112.1205,112.1205,400.0
2017-12-20 13:26:00,112.27,112.27,112.24,112.24,200.0
2017-12-20 13:28:00,112.2,112.28,112.19,112.28,2000.0
2017-12-20 13:29:00,112.22,112.23,112.22,112.22,300.0
2017-12-20 13:30:00,112.17,112.2038,112.17,112.2038,848.0
2017-12-20 13:32:00,112.135,112.135,112.135,112.135,100.0
2017-12-20 13:33:00,112.11,112.11,112.11,112.11,400.0
2017-12-20 13:34:00,112.095,112.095,112.095,112.095,400.0
2017-12-20 13:35:00,112.08,112.11,112.07,112.1,2300.0
2017-12-20 13:36:00,112.055,112.08,112.05,112.06,1000.0
2017-12-20 13:37:00,112.015,112.04,112.015,112.04,200.0
2017-12-20 13:39:00,112.01,112.02,111.97,112.02,1400.0
2017-12-20 13:40:00,112.02,112.02,111.9878,111.9878,633.0
2017-12-20 13:41:00,112.04,112.04,112.04,112.04,100.0
2017-12-20 13:42:00,112.02,112.02,111.98,111.9821,730.0
2017-12-20 13:43:00,111.98,111.98,111.96,111.98,500.0
2017-12-20 13:45:00,111.96,111.99,111.96,111.99,730.0
2017-12-20 13:47:00,111.91,111.92,111.91,111.92,300.0
2017-12-20 13:48:00,111.9,111.9,111.9,111.9,400.0
2017-12-20 13:49:00,111.91,111.92,111.89,111.89,300.0
2017-12-20 13:50:00,111.8901,111.8901,111.8901,111.8901,100.0
2017-12-20 13:51:00,111.8201,111.91,111.8201,111.89,1400.0
2017-12-20 13:52:00,111.78,111.82,111.78,111.82,700.0
2017-12-20 13:53:00,111.77,111.79,111.73,111.79,1125.0
2017-12-20 13:54:00,111.76,111.7772,111.76,111.7601,600.0
2017-12-20 13:55:00,111.71,111.78,111.71,111.75,816.0
2017-12-20 13:56:00,111.6975,111.7,111.6975,111.7,300.0
2017-12-20 13:57:00,111.63,111.7,111.61,111.67,1010.0
2017-12-20 13:58:00,111.65,111.65,111.64,111.64,200.0
2017-12-20 13:59:00,111.67,111.67,111.67,111.67,100.0
2017-12-20 14:00:00,111.68,111.71,111.645,111.65,2465.0
2017-12-20 14:01:00,111.68,111.68,111.6501,111.66,562.0
2017-12-20 14:02:00,111.67,111.67,111.67,111.67,100.0
2017-12-20 14:03:00,111.66,111.66,111.66,111.66,200.0
2017-12-20 14:04:00,111.6001,111.62,111.6001,111.62,200.0
2017-12-20 14:05:00,111.64,111.64,111.5856,111.5856,1011.0
2017-12-20 14:06:00,111.65,111.66,111.65,111.66,200.0
2017-12-20 14:07:00,111.6301,111.64,111.6301,111.64,400.0
2017-12-20 14:08:00,111.65,111.65,111.65,111.65,300.0
2017-12-20 14:09:00,111.68,111.69,111.68,111.69,300.0
2017-12-20 14:10:00,111.67,111.713,111.67,111.713,500.0
2017-12-20 14:11:00,111.67,111.67,111.66,111.67,400.0
2017-12-20 14:12:00,111.68,111.68,111.68,111.68,400.0
2017-12-20 14:13:00,111.68,111.68,111.68,111.68,100.0
2017-12-20 14:14:00,111.66,111.68,111.66,111.675,3100.0
2017-12-20 14:15:00,111.6885,111.6885,111.66,111.66,1003.0
2017-12-20 14:16:00,111.58,111.67,111.58,111.67,3283.0
2017-12-20 14:17:00,111.605,111.605,111.605,111.605,100.0
2017-12-20 14:18:00,111.51,111.58,111.5,111.58,700.0
2017-12-20 14:19:00,111.54,111.55,111.505,111.52,2400.0
2017-12-20 14:20:00,111.56,111.56,111.56,111.56,100.0
2017-12-20 14:21:00,111.56,111.59,111.535,111.57,1100.0
2017-12-20 14:22:00,111.605,111.605,111.56,111.56,200.0
2017-12-20 14:24:00,111.61,111.61,111.61,111.61,100.0
2017-12-20 14:25:00,111.55,111.58,111.55,111.58,632.0
2017-12-20 14:26:00,111.58,111.62,111.575,111.6,1500.0
2017-12-20 14:27:00,111.5,111.55,111.5,111.55,700.0
2017-12-20 14:28:00,111.455,111.46,111.45,111.46,500.0
2017-12-20 14:29:00,111.53,111.53,111.52,111.52,600.0
2017-12-20 14:30:00,111.48,111.53,111.48,111.53,1006.0
2017-12-20 14:31:00,111.39,111.5,111.38,111.5,4209.0
2017-12-20 14:32:00,111.375,111.43,111.34,111.42,3500.0
2017-12-20 14:33:00,111.35,111.35,111.35,111.35,100.0
2017-12-20 14:35:00,111.41,111.41,111.38,111.38,2115.0
2017-12-20 14:36:00,111.3997,111.41,111.3997,111.4,1256.0
2017-12-20 14:37:00,111.39,111.41,111.39,111.41,5414.0
2017-12-20 14:38:00,111.395,111.41,111.36,111.4,9128.0
2017-12-20 14:39:00,111.4,111.41,111.39,111.39,9357.0
2017-12-20 14:40:00,111.38,111.4,111.38,111.4,3709.0
2017-12-20 14:41:00,111.37,111.37,111.32,111.35,700.0
2017-12-20 14:42:00,111.32,111.375,111.28,111.375,4629.0
2017-12-20 14:43:00,111.29,111.34,111.28,111.33,3200.0
2017-12-20 14:44:00,111.3,111.31,111.3,111.31,800.0
2017-12-20 14:45:00,111.28,111.325,111.28,111.3,2063.0
2017-12-20 14:46:00,111.25,111.28,111.25,111.28,300.0
2017-12-20 14:47:00,111.31,111.31,111.29,111.31,1761.0
2017-12-20 14:48:00,111.33,111.33,111.31,111.31,600.0
2017-12-20 14:49:00,111.31,111.33,111.31,111.33,200.0
2017-12-20 14:50:00,111.345,111.355,111.31,111.31,2300.0
2017-12-20 14:51:00,111.4,111.4,111.36,111.36,1176.0
2017-12-20 14:52:00,111.39,111.39,111.39,111.39,400.0
2017-12-20 14:53:00,111.36,111.36,111.36,111.36,100.0
2017-12-20 14:54:00,111.32,111.34,111.29,111.34,804.0
2017-12-20 14:55:00,111.25,111.31,111.25,111.31,580.0
2017-12-20 14:56:00,111.2928,111.33,111.28,111.33,914.0
2017-12-20 14:57:00,111.28,111.28,111.28,111.28,100.0
2017-12-20 14:58:00,111.26,111.29,111.26,111.29,400.0
2017-12-20 14:59:00,111.31,111.32,111.24,111.24,1800.0
2017-12-20 15:00:00,111.31,111.32,111.31,111.32,591.0
2017-12-20 15:01:00,111.31,111.32,111.31,111.32,200.0
2017-12-20 15:02:00,111.27,111.28,111.27,111.28,861.0
2017-12-20 15:03:00,111.305,111.305,111.26,111.26,400.0
2017-12-20 15:04:00,111.35,111.35,111.31,111.31,1962.0
2017-12-20 15:05:00,111.31,111.33,111.3,111.3,400.0
2017-12-20 15:06:00,111.38,111.38,111.355,111.37,600.0
2017-12-20 15:07:00,111.39,111.4,111.39,111.4,2129.0
2017-12-20 15:08:00,111.3804,111.39,111.37,111.38,1300.0
2017-12-20 15:09:00,111.405,111.405,111.4,111.4,300.0
2017-12-20 15:11:00,111.41,111.41,111.38,111.38,300.0
2017-12-20 15:12:00,111.38,111.38,111.38,111.38,1017.0
2017-12-20 15:13:00,111.35,111.37,111.35,111.37,900.0
2017-12-20 15:14:00,111.33,111.33,111.33,111.33,300.0
2017-12-20 15:15:00,111.38,111.38,111.34,111.34,2100.0
2017-12-20 15:16:00,111.34,111.38,111.33,111.38,1956.0
2017-12-20 15:17:00,111.31,111.31,111.31,111.31,100.0
2017-12-20 15:18:00,111.355,111.355,111.335,111.335,500.0
2017-12-20 15:19:00,111.3616,111.3616,111.33,111.335,754.0
2017-12-20 15:20:00,111.34,111.38,111.34,111.38,1239.0
2017-12-20 15:21:00,111.38,111.385,111.365,111.37,1300.0
2017-12-20 15:22:00,111.35,111.37,111.35,111.37,1216.0
2017-12-20 15:23:00,111.19,111.34,111.19,111.34,4234.0
2017-12-20 15:25:00,111.16,111.22,111.16,111.205,2417.0
2017-12-20 15:26:00,111.17,111.2,111.17,111.17,2000.0
2017-12-20 15:27:00,111.11,111.17,111.09,111.17,2610.0
2017-12-20 15:28:00,111.135,111.135,111.11,111.12,713.0
2017-12-20 15:29:00,111.11,111.14,111.11,111.13,1799.0
2017-12-20 15:30:00,111.12,111.15,111.105,111.105,1315.0
2017-12-20 15:31:00,111.08,111.14,111.08,111.14,1372.0
2017-12-20 15:32:00,111.12,111.12,111.085,111.085,1300.0
2017-12-20 15:33:00,111.13,111.13,111.09,111.11,2603.0
2017-12-20 15:34:00,111.135,111.135,111.135,111.135,300.0
2017-12-20 15:35:00,111.145,111.1495,111.13,111.1495,3910.0
2017-12-20 15:36:00,111.1,111.14,111.06,111.14,4601.0
2017-12-20 15:37:00,111.08,111.13,111.08,111.13,800.0
2017-12-20 15:38:00,111.08,111.08,111.06,111.075,1492.0
2017-12-20 15:39:00,111.1325,111.1325,111.075,111.075,1100.0
2017-12-20 15:40:00,111.115,111.115,111.115,111.115,100.0
2017-12-20 15:41:00,111.13,111.14,111.12,111.125,3227.0
2017-12-20 15:42:00,111.13,111.13,111.13,111.13,800.0
2017-12-20 15:43:00,111.13,111.14,111.12,111.14,400.0
2017-12-20 15:44:00,111.115,111.13,111.1,111.125,2905.0
2017-12-20 15:45:00,111.07,111.115,111.07,111.115,1864.0
2017-12-20 15:46:00,111.05,111.065,111.03,111.065,2524.0
2017-12-20 15:47:00,111.055,111.07,111.04,111.05,1400.0
2017-12-20 15:48:00,111.04,111.06,111.04,111.055,2438.0
2017-12-20 15:49:00,111.0,111.06,111.0,111.05,5321.0
2017-12-20 15:50:00,110.89,111.0033,110.89,111.0,4151.0
2017-12-20 15:51:00,110.89,110.9,110.87,110.89,6843.0
2017-12-20 15:52:00,110.87,110.91,110.87,110.9,4838.0
2017-12-20 15:53:00,110.885,110.9,110.87,110.9,2109.0
2017-12-20 15:54:00,110.89,110.9,110.87,110.885,2408.0
2017-12-20 15:55:00,110.84,110.88,110.83,110.88,4348.0
2017-12-20 15:56:00,110.73,110.84,110.73,110.84,16610.0
2017-12-20 15:57:00,110.73,110.75,110.72,110.73,8657.0
2017-12-20 15:58:00,110.72,110.73,110.7,110.73,10506.0
2017-12-20 15:59:00,110.72,110.73,110.695,110.72,7279.0
2017-12-20 16:00:00,110.7,110.74,110.68,110.71,23569.0
2017-12-21 09:30:00,111.02,111.02,111.02,111.02,2834.0
2017-12-21 09:32:00,110.79,111.0767,110.79,111.0,1578.0
2017-12-21 09:33:00,110.77,110.77,110.69,110.69,1228.0
2017-12-21 09:35:00,110.7,110.7883,110.7,110.7883,1350.0
2017-12-21 09:36:00,110.27,110.765,110.27,110.76,1919.0
2017-12-21 09:38:00,110.0,110.13,110.0,110.13,2027.0
2017-12-21 09:39:00,110.08,110.08,109.92,109.92,3488.0
2017-12-21 09:40:00,110.15,110.15,110.08,110.12,1299.0
2017-12-21 09:41:00,110.2,110.26,110.15,110.15,1537.0
2017-12-21 09:42:00,110.2,110.245,110.2,110.245,300.0
2017-12-21 09:43:00,110.21,110.27,110.14,110.23,1650.0
2017-12-21 09:44:00,110.025,110.14,110.025,110.14,903.0
2017-12-21 09:45:00,109.72,110.06,109.72,110.06,2115.0
2017-12-21 09:46:00,109.84,110.0,109.84,109.85,1863.0
2017-12-21 09:47:00,109.51,109.81,109.51,109.78,2107.0
2017-12-21 09:48:00,109.53,109.54,109.51,109.54,400.0
2017-12-21 09:49:00,109.38,109.571,109.38,109.53,5210.0
2017-12-21 09:50:00,109.34,109.44,109.3,109.355,7034.0
2017-12-21 09:51:00,109.29,109.41,109.24,109.35,3732.0
2017-12-21 09:52:00,109.05,109.45,109.05,109.29,9543.0
2017-12-21 09:53:00,109.01,109.2,109.01,109.07,5900.0
2017-12-21 09:54:00,108.81,109.0,108.8,109.0,3858.0
2017-12-21 09:55:00,108.79,108.88,108.73,108.818,5200.0
2017-12-21 09:56:00,108.87,109.022,108.76,108.76,5105.0
2017-12-21 09:57:00,108.79,108.91,108.79,108.88,2377.0
2017-12-21 09:59:00,108.64,108.83,108.58,108.75,4519.0
2017-12-21 10:00:00,108.51,108.69,108.51,108.625,3661.0
2017-12-21 10:01:00,108.545,108.6442,108.48,108.6442,4122.0
2017-12-21 10:02:00,108.52,108.57,108.48,108.51,5302.0
2017-12-21 10:03:00,108.54,108.62,108.47,108.47,5360.0
2017-12-21 10:04:00,108.525,108.53,108.46,108.53,2368.0
2017-12-21 10:05:00,108.455,108.5,108.39,108.479,3600.0
2017-12-21 10:06:00,108.49,108.51,108.475,108.48,1809.0
2017-12-21 10:07:00,108.54,108.54,108.475,108.475,4322.0
2017-12-21 10:08:00,108.52,108.52,108.485,108.51,1540.0
2017-12-21 10:09:00,108.475,108.5,108.46,108.5,5900.0
2017-12-21 10:10:00,108.62,108.62,108.47,108.47,4583.0
2017-12-21 10:11:00,108.61,108.6888,108.57,108.62,3302.0
2017-12-21 10:12:00,108.54,108.54,108.53,108.54,900.0
2017-12-21 10:13:00,108.54,108.54,108.52,108.54,600.0
2017-12-21 10:14:00,108.49,108.53,108.46,108.5,8535.0
2017-12-21 10:15:00,108.5,108.52,108.48,108.51,6656.0
2017-12-21 10:16:00,108.49,108.59,108.4875,108.5,8631.0
2017-12-21 10:17:00,108.5,108.52,108.44,108.5,5500.0
2017-12-21 10:18:00,108.47,108.52,108.47,108.5,2900.0
2017-12-21 10:19:00,108.53,108.56,108.48,108.485,3502.0
2017-12-21 10:20:00,108.59,108.59,108.5,108.55,74190.0
2017-12-21 10:21:00,108.73,108.76,108.59,108.59,1300.0
2017-12-21 10:23:00,108.77,108.8175,108.73,108.78,5185.0
2017-12-21 10:24:00,108.7,108.73,108.66,108.73,2310.0
2017-12-21 10:25:00,108.68,108.72,108.66,108.72,1142.0
2017-12-21 10:26:00,108.69,108.6901,108.69,108.6901,1100.0
2017-12-21 10:27:00,108.695,108.7,108.68,108.68,1200.0
2017-12-21 10:28:00,108.8,108.8,108.67,108.67,3974.0
2017-12-21 10:29:00,108.85,108.89,108.83,108.83,600.0
2017-12-21 10:30:00,108.84,108.88,108.8,108.85,4800.0
2017-12-21 10:31:00,108.86,108.91,108.86,108.89,2200.0
2017-12-21 10:32:00,108.8875,108.9,108.84,108.84,1800.0
2017-12-21 10:33:00,108.82,108.9,108.79,108.87,29330.0
2017-12-21 10:34:00,108.77,108.78,108.71,108.75,2820.0
2017-12-21 10:35:00,108.76,108.795,108.7,108.79,1660.0
2017-12-21 10:36:00,108.82,108.88,108.72,108.72,4191.0
2017-12-21 10:37:00,108.93,108.93,108.78,108.8,1300.0
2017-12-21 10:38:00,109.0,109.03,108.96,108.96,1200.0
2017-12-21 10:39:00,109.0,109.0,109.0,109.0,800.0
2017-12-21 10:40:00,109.0,109.07,108.97,109.0,25351.0
2017-12-21 10:41:00,108.97,108.97,108.97,108.97,1309.0
2017-12-21 10:43:00,109.0075,109.0075,109.0075,109.0075,112.0
2017-12-21 10:44:00,108.91,109.0,108.91,109.0,674.0
2017-12-21 10:45:00,108.85,108.87,108.85,108.87,1000.0
2017-12-21 10:46:00,109.0,109.0,108.85,108.85,7053.0
2017-12-21 10:47:00,109.045,109.045,109.045,109.045,100.0
2017-12-21 10:48:00,109.06,109.06,109.06,109.06,100.0
2017-12-21 10:49:00,109.05,109.13,109.0,109.075,81072.0
2017-12-21 10:50:00,109.145,109.145,109.075,109.075,1724.0
2017-12-21 10:51:00,109.105,109.14,109.0,109.12,76197.0
2017-12-21 10:52:00,109.21,109.21,109.09,109.11,3000.0
2017-12-21 10:53:00,109.15,109.2,109.15,109.18,500.0
2017-12-21 10:54:00,109.1,109.15,109.1,109.14,1300.0
2017-12-21 10:55:00,109.1,109.16,109.1,109.145,2582.0
2017-12-21 10:56:00,109.1,109.1,109.1,109.1,400.0
2017-12-21 10:57:00,109.04,109.13,109.04,109.12,2850.0
2017-12-21 10:58:00,108.995,109.07,108.979,109.07,4109.0
2017-12-21 10:59:00,109.0,109.0,109.0,109.0,3700.0
2017-12-21 11:00:00,109.11,109.11,108.995,109.0,11150.0
2017-12-21 11:01:00,109.05,109.06,109.05,109.06,894.0
2017-12-21 11:02:00,109.045,109.045,109.005,109.03,2062.0
2017-12-21 11:03:00,109.0,109.01,108.99,109.0,1500.0
2017-12-21 11:04:00,108.99,108.99,108.99,108.99,100.0
2017-12-21 11:05:00,109.03,109.03,108.99,108.99,1300.0
2017-12-21 11:06:00,109.14,109.14,109.01,109.03,2400.0
2017-12-21 11:07:00,109.1,109.16,109.1,109.16,4649.0
2017-12-21 11:08:00,109.15,109.24,109.11,109.1475,13333.0
2017-12-21 11:09:00,109.115,109.135,109.06,109.135,9300.0
2017-12-21 11:10:00,109.0,109.14,108.99,109.115,6202.0
2017-12-21 11:11:00,109.065,109.12,108.99,109.01,4309.0
2017-12-21 11:12:00,109.04,109.11,109.025,109.06,3300.0
2017-12-21 11:13:00,109.05,109.05,109.045,109.045,400.0
2017-12-21 11:14:00,109.1,109.17,109.04,109.04,5000.0
2017-12-21 11:15:00,109.02,109.08,109.01,109.08,3723.0
2017-12-21 11:16:00,109.04,109.11,109.04,109.08,1600.0
2017-12-21 11:17:00,109.04,109.04,109.015,109.015,1480.0
2017-12-21 11:18:00,109.07,109.09,109.07,109.09,402.0
2017-12-21 11:19:00,109.0,109.08,108.99,109.0698,7232.0
2017-12-21 11:20:00,109.08,109.08,109.0,109.0,6020.0
2017-12-21 11:21:00,109.06,109.07,109.01,109.07,2000.0
2017-12-21 11:23:00,109.045,109.08,109.0,109.06,4860.0
2017-12-21 11:24:00,109.03,109.04,108.98,109.04,4860.0
2017-12-21 11:25:00,109.01,109.08,109.005,109.03,2400.0
2017-12-21 11:26:00,109.02,109.04,109.0,109.04,2373.0
2017-12-21 11:27:00,109.045,109.06,109.045,109.06,700.0
2017-12-21 11:28:00,109.11,109.12,109.05,109.07,2400.0
2017-12-21 11:29:00,109.04,109.15,109.02,109.11,16353.0
2017-12-21 11:30:00,109.1,109.1,109.0332,109.0332,3174.0
2017-12-21 11:31:00,109.15,109.15,109.115,109.13,1900.0
2017-12-21 11:32:00,109.11,109.165,109.08,109.14,3600.0
2017-12-21 11:33:00,109.1197,109.145,109.06,109.1,21428.0
2017-12-21 11:34:00,109.07,109.15,109.04,109.13,7741.0
2017-12-21 11:35:00,109.11,109.11,109.06,109.06,1412.0
2017-12-21 11:36:00,109.05,109.09,109.04,109.09,800.0
2017-12-21 11:37:00,109.08,109.1,109.07,109.075,1200.0
2017-12-21 11:38:00,109.095,109.11,109.07,109.11,1100.0
2017-12-21 11:39:00,109.09,109.11,109.01,109.1025,16852.0
2017-12-21 11:40:00,109.0801,109.13,109.08,109.08,1900.0
2017-12-21 11:41:00,109.06,109.11399999999999,109.06,109.11,6249.0
2017-12-21 11:42:00,109.0599,109.1,109.04,109.1,4700.0
2017-12-21 11:43:00,109.08,109.11,109.03,109.07,3705.0
2017-12-21 11:44:00,109.09,109.09,109.06,109.06,741.0
2017-12-21 11:45:00,109.01,109.05,109.01,109.05,1100.0
2017-12-21 11:46:00,109.0,109.0435,109.0,109.0435,2700.0
2017-12-21 11:47:00,109.07,109.07,109.0,109.0,1800.0
2017-12-21 11:48:00,109.06,109.11,109.06,109.07,1800.0
2017-12-21 11:49:00,109.03,109.05,109.02,109.05,1200.0
2017-12-21 11:50:00,108.91,109.015,108.91,109.0,1341.0
2017-12-21 11:51:00,108.88,108.91,108.88,108.91,1054.0
2017-12-21 11:52:00,108.85,108.91,108.83,108.87,2124.0
2017-12-21 11:53:00,108.91,108.93,108.85,108.8599,1600.0
2017-12-21 11:54:00,108.92,108.92,108.92,108.92,400.0
2017-12-21 11:55:00,108.91,108.91,108.86,108.87,2122.0
2017-12-21 11:56:00,108.91,108.91,108.9,108.9,1000.0
2017-12-21 11:57:00,108.895,108.92,108.89,108.91,1571.0
2017-12-21 11:58:00,108.87,108.87,108.87,108.87,100.0
2017-12-21 11:59:00,108.86,108.86,108.86,108.86,500.0
2017-12-21 12:00:00,108.79,108.84,108.79,108.84,1107.0
2017-12-21 12:01:00,108.76,108.76,108.76,108.76,100.0
2017-12-21 12:02:00,108.68,108.78,108.68,108.76,2422.0
2017-12-21 12:03:00,108.67,108.695,108.67,108.695,300.0
2017-12-21 12:04:00,108.7209,108.74,108.66,108.66,2190.0
2017-12-21 12:05:00,108.745,108.76,108.73,108.73,800.0
2017-12-21 12:06:00,108.81,108.81,108.745,108.745,1500.0
2017-12-21 12:08:00,108.85,108.85,108.85,108.85,100.0
2017-12-21 12:09:00,108.89,108.91,108.85,108.85,1805.0
2017-12-21 12:10:00,108.9,108.9,108.87700000000001,108.87700000000001,395.0
2017-12-21 12:11:00,108.89,108.93,108.89,108.9,902.0
2017-12-21 12:12:00,108.875,108.9,108.84,108.84,900.0
2017-12-21 12:13:00,108.9,108.9,108.85,108.85,572.0
2017-12-21 12:14:00,108.9,108.9,108.9,108.9,100.0
2017-12-21 12:15:00,108.95,108.95,108.8868,108.8868,2000.0
2017-12-21 12:17:00,108.845,108.95,108.84,108.94,2437.0
2017-12-21 12:18:00,108.81,108.82,108.81,108.82,298.0
2017-12-21 12:19:00,108.8,108.81,108.8,108.81,623.0
2017-12-21 12:20:00,108.8,108.8,108.78,108.78,601.0
2017-12-21 12:21:00,108.82,108.83,108.79,108.82,1432.0
2017-12-21 12:22:00,108.79,108.86,108.79,108.825,450.0
2017-12-21 12:23:00,108.82,108.85,108.79,108.8166,1703.0
2017-12-21 12:24:00,108.795,108.8,108.78,108.8,600.0
2017-12-21 12:25:00,108.82,108.85,108.795,108.81,1700.0
2017-12-21 12:26:00,108.82,108.85,108.78,108.85,1712.0
2017-12-21 12:27:00,108.82,108.82,108.76,108.78,1000.0
2017-12-21 12:29:00,108.8,108.805,108.78,108.805,300.0
2017-12-21 12:30:00,108.83,108.83,108.79,108.79,1264.0
2017-12-21 12:31:00,108.85,108.85,108.84,108.84,1000.0
2017-12-21 12:32:00,108.83,108.87,108.83,108.87,1789.0
2017-12-21 12:33:00,108.82,108.82,108.82,108.82,155.0
2017-12-21 12:34:00,108.81,108.82,108.81,108.82,405.0
2017-12-21 12:35:00,108.81,108.81,108.73,108.8,2700.0
2017-12-21 12:36:00,108.91,108.91,108.84,108.84,700.0
2017-12-21 12:37:00,108.9,108.9,108.87,108.88,400.0
2017-12-21 12:38:00,108.85,108.87,108.85,108.87,943.0
2017-12-21 12:39:00,108.78,108.86,108.78,108.86,748.0
2017-12-21 12:40:00,108.8,108.81,108.65,108.74,5526.0
2017-12-21 12:41:00,108.82,108.82,108.81,108.81,1100.0
2017-12-21 12:42:00,108.82,108.89,108.76,108.82,3700.0
2017-12-21 12:43:00,108.73,108.75,108.73,108.75,500.0
2017-12-21 12:44:00,108.76,108.76,108.73,108.75,802.0
2017-12-21 12:45:00,108.74,108.77,108.74,108.74,500.0
2017-12-21 12:46:00,108.72,108.75,108.72,108.75,600.0
2017-12-21 12:47:00,108.74,108.76,108.74,108.75,2443.0
2017-12-21 12:48:00,108.8,108.81,108.76,108.76,2602.0
2017-12-21 12:49:00,108.76,108.76,108.76,108.76,600.0
2017-12-21 12:50:00,108.74,108.74,108.72,108.72,5741.0
2017-12-21 12:51:00,108.77,108.79,108.725,108.74,6693.0
2017-12-21 12:52:00,108.79,108.79,108.79,108.79,2000.0
2017-12-21 12:53:00,108.78,108.79,108.77,108.79,904.0
2017-12-21 12:54:00,108.78,108.79,108.76,108.76,658.0
2017-12-21 12:55:00,108.78,108.79,108.76,108.77,938.0
2017-12-21 12:56:00,108.78,108.81,108.75,108.75,1000.0
2017-12-21 12:57:00,108.77,108.77,108.77,108.77,100.0
2017-12-21 12:58:00,108.75,108.7865,108.75,108.7865,815.0
2017-12-21 12:59:00,108.75,108.75,108.75,108.75,100.0
2017-12-21 13:00:00,108.71,108.74,108.71,108.74,1204.0
2017-12-21 13:01:00,108.74,108.74,108.7,108.7,1886.0
2017-12-21 13:02:00,108.72,108.74,108.71,108.71,1312.0
2017-12-21 13:03:00,108.74,108.74,108.74,108.74,700.0
2017-12-21 13:04:00,108.79,108.79,108.77,108.79,922.0
2017-12-21 13:05:00,108.79,108.79,108.79,108.79,200.0
2017-12-21 13:06:00,108.78,108.81,108.78,108.79,1243.0
2017-12-21 13:07:00,108.83,108.83,108.79,108.79,400.0
2017-12-21 13:08:00,108.9,108.9,108.86,108.86,500.0
2017-12-21 13:09:00,108.97,108.97,108.93,108.93,302.0
2017-12-21 13:10:00,108.96,109.01,108.96,108.98,600.0
2017-12-21 13:11:00,109.0,109.01,108.9824,108.9824,800.0
2017-12-21 13:12:00,108.92,109.0,108.92,109.0,2220.0
2017-12-21 13:13:00,108.91,108.91,108.91,108.91,798.0
2017-12-21 13:14:00,108.89,108.89,108.89,108.89,289.0
2017-12-21 13:16:00,108.88,108.88,108.88,108.88,239.0
2017-12-21 13:17:00,108.81,108.905,108.81,108.905,900.0
2017-12-21 13:18:00,108.77,108.86,108.77,108.825,3800.0
2017-12-21 13:19:00,108.78,108.82,108.75,108.78,139554.0
2017-12-21 13:20:00,108.575,108.77,108.575,108.7505,11966.0
2017-12-21 13:21:00,108.8,108.85,108.57,108.58,5054.0
2017-12-21 13:22:00,108.755,108.78,108.73,108.78,6059.0
2017-12-21 13:23:00,108.755,108.82,108.74,108.77,3900.0
2017-12-21 13:24:00,108.81,108.91,108.72,108.78,20106.0
2017-12-21 13:25:00,108.885,108.95,108.78,108.82,8397.0
2017-12-21 13:26:00,108.87,108.88,108.79,108.82,14050.0
2017-12-21 13:27:00,108.87,108.92,108.85,108.91,3809.0
2017-12-21 13:28:00,108.9,108.99,108.84100000000001,108.84100000000001,9718.0
2017-12-21 13:29:00,108.94,108.94,108.84,108.87,3326.0
2017-12-21 13:30:00,108.78,108.94,108.78,108.91,2200.0
2017-12-21 13:31:00,108.8,108.8,108.76,108.78,4983.0
2017-12-21 13:32:00,108.805,108.805,108.64,108.78,12368.0
2017-12-21 13:33:00,108.78,108.78,108.7,108.77,1800.0
2017-12-21 13:34:00,108.765,108.775,108.73,108.775,5800.0
2017-12-21 13:35:00,108.89,108.89,108.79899999999999,108.8,1200.0
2017-12-21 13:36:00,108.9,108.93,108.82,108.87,6452.0
2017-12-21 13:37:00,108.925,108.95,108.87,108.87,8924.0
2017-12-21 13:38:00,108.97,108.97,108.9,108.9,1458.0
2017-12-21 13:39:00,108.9,108.91,108.88,108.91,2299.0
2017-12-21 13:40:00,108.88,108.88,108.78,108.86,2700.0
2017-12-21 13:41:00,108.83,108.88,108.76,108.88,1500.0
2017-12-21 13:42:00,108.85,108.91,108.85,108.88,900.0
2017-12-21 13:43:00,108.865,108.865,108.83,108.83,200.0
2017-12-21 13:44:00,108.82,108.9,108.82,108.89,2755.0
2017-12-21 13:45:00,108.87,108.87,108.825,108.825,1000.0
2017-12-21 13:46:00,108.87,108.88,108.85,108.865,3350.0
2017-12-21 13:47:00,108.76,108.87,108.76,108.87,4517.0
2017-12-21 13:48:00,108.75,108.78,108.7,108.745,3292.0
2017-12-21 13:49:00,108.78,108.78,108.78,108.78,100.0
2017-12-21 13:50:00,108.86,108.87,108.8,108.8,7100.0
2017-12-21 13:51:00,108.92,108.92,108.85,108.875,1550.0
2017-12-21 13:52:00,108.8,108.95,108.8,108.94,8914.0
2017-12-21 13:53:00,108.86,108.86,108.85,108.85,966.0
2017-12-21 13:54:00,108.93,108.99,108.855,108.855,6600.0
2017-12-21 13:55:00,108.818,108.93,108.81,108.93,7591.0
2017-12-21 13:56:00,108.8,108.83,108.75,108.79,3600.0
2017-12-21 13:57:00,108.855,108.86,108.82,108.84,12200.0
2017-12-21 13:58:00,108.865,108.88,108.86,108.87,5800.0
2017-12-21 13:59:00,108.87,108.87,108.85,108.85,3400.0
2017-12-21 14:00:00,108.89,108.95,108.87,108.87,5050.0
2017-12-21 14:01:00,108.89,108.94,108.89,108.91,4173.0
2017-12-21 14:02:00,108.91,108.91,108.88,108.88,1700.0
2017-12-21 14:03:00,108.91,108.93,108.91,108.915,1500.0
2017-12-21 14:04:00,108.82,108.88,108.8,108.88,4122.0
2017-12-21 14:05:00,108.86,108.86,108.82,108.82,9650.0
2017-12-21 14:06:00,108.82,108.84,108.82,108.84,500.0
2017-12-21 14:07:00,108.84,108.885,108.84,108.84,8488.0
2017-12-21 14:08:00,108.82,108.83,108.8,108.83,2625.0
2017-12-21 14:09:00,108.8275,108.835,108.82,108.835,950.0
2017-12-21 14:10:00,108.8,108.85,108.8,108.8275,5492.0
2017-12-21 14:11:00,108.75,108.815,108.745,108.815,4154.0
2017-12-21 14:12:00,108.81,108.81,108.765,108.765,6464.0
2017-12-21 14:13:00,108.795,108.82,108.795,108.8095,3604.0
2017-12-21 14:14:00,108.85,108.85,108.78,108.78,2161.0
2017-12-21 14:15:00,108.86,108.87,108.82,108.83,3829.0
2017-12-21 14:16:00,108.89,108.9102,108.88,108.88,4129.0
2017-12-21 14:17:00,108.8,108.91,108.8,108.89,4071.0
2017-12-21 14:18:00,108.87,108.87,108.82,108.84,2117.0
2017-12-21 14:19:00,108.85,108.87,108.83,108.86,2640.0
2017-12-21 14:20:00,108.76,108.86,108.75,108.83,5281.0
2017-12-21 14:21:00,108.85,108.89,108.77,108.785,13401.0
2017-12-21 14:22:00,108.85,108.85,108.84,108.84,1100.0
2017-12-21 14:23:00,108.85,108.85,108.82,108.835,3002.0
2017-12-21 14:24:00,108.82,108.855,108.77,108.85,3800.0
2017-12-21 14:25:00,108.74,108.86,108.74,108.82,10891.0
2017-12-21 14:26:00,108.73,108.755,108.73,108.755,400.0
2017-12-21 14:27:00,108.82,108.85,108.76,108.76,10500.0
2017-12-21 14:28:00,108.72,108.81,108.72,108.81,1777.0
2017-12-21 14:29:00,108.805,108.83,108.73,108.73,4100.0
2017-12-21 14:30:00,108.75,108.8,108.75,108.8,10029.0
2017-12-21 14:31:00,108.75,108.8,108.73,108.73,1343.0
2017-12-21 14:32:00,108.715,108.715,108.71,108.71,500.0
2017-12-21 14:33:00,108.68,108.73,108.68,108.69,2300.0
2017-12-21 14:34:00,108.47,108.67,108.47,108.67,7899.0
2017-12-21 14:35:00,108.6,108.62,108.56,108.57,3300.0
2017-12-21 14:36:00,108.64,108.64,108.64,108.64,490.0
2017-12-21 14:37:00,108.66,108.6718,108.66,108.6718,241.0
2017-12-21 14:38:00,108.72,108.73,108.68,108.69,600.0
2017-12-21 14:39:00,108.66,108.72,108.66,108.72,1274.0
2017-12-21 14:40:00,108.66,108.7,108.66,108.67,596.0
2017-12-21 14:41:00,108.665,108.67,108.65,108.65,1058.0
2017-12-21 14:42:00,108.65,108.65,108.65,108.65,400.0
2017-12-21 14:43:00,108.64,108.65,108.64,108.65,1000.0
2017-12-21 14:44:00,108.66,108.7,108.66,108.68,1300.0
2017-12-21 14:45:00,108.66,108.66,108.66,108.66,200.0
2017-12-21 14:46:00,108.65,108.67,108.64,108.66,1903.0
2017-12-21 14:47:00,108.74,108.77,108.68,108.68,2267.0
2017-12-21 14:48:00,108.73,108.79,108.73,108.77,984.0
2017-12-21 14:49:00,108.71,108.74,108.7,108.74,700.0
2017-12-21 14:50:00,108.65,108.7372,108.65,108.73,941.0
2017-12-21 14:51:00,108.61,108.66,108.61,108.66,800.0
2017-12-21 14:52:00,108.68,108.68,108.65,108.66,2422.0
2017-12-21 14:53:00,108.64,108.72,108.64,108.7,2523.0
2017-12-21 14:54:00,108.6,108.65,108.55,108.57,2400.0
2017-12-21 14:55:00,108.6,108.6,108.6,108.6,600.0
2017-12-21 14:56:00,108.65,108.65,108.59,108.64,1012.0
2017-12-21 14:57:00,108.61,108.62,108.57,108.62,1986.0
2017-12-21 14:58:00,108.57,108.62,108.57,108.6,500.0
2017-12-21 14:59:00,108.6,108.62,108.57,108.57,1200.0
2017-12-21 15:00:00,108.61,108.61,108.56,108.59,1601.0
2017-12-21 15:01:00,108.59,108.61,108.54,108.61,2400.0
2017-12-21 15:02:00,108.55,108.5925,108.55,108.5925,859.0
2017-12-21 15:03:00,108.56,108.58,108.56,108.57,391.0
2017-12-21 15:04:00,108.56,108.58,108.56,108.56,1246.0
2017-12-21 15:05:00,108.61,108.62,108.55,108.56,2117.0
2017-12-21 15:06:00,108.595,108.595,108.57,108.595,300.0
2017-12-21 15:07:00,108.5,108.6,108.49,108.6,7391.0
2017-12-21 15:08:00,108.55,108.55,108.52,108.52,1400.0
2017-12-21 15:09:00,108.63,108.63,108.54,108.57,1100.0
2017-12-21 15:10:00,108.6,108.63,108.5901,108.5901,411.0
2017-12-21 15:11:00,108.64,108.65,108.63,108.63,1494.0
2017-12-21 15:12:00,108.61,108.66,108.61,108.66,1900.0
2017-12-21 15:13:00,108.6,108.615,108.6,108.6,600.0
2017-12-21 15:14:00,108.65,108.65,108.59,108.6,2000.0
2017-12-21 15:15:00,108.58,108.62,108.58,108.62,901.0
2017-12-21 15:16:00,108.63,108.66,108.59,108.59,3085.0
2017-12-21 15:17:00,108.58,108.62899999999999,108.57,108.62,3600.0
2017-12-21 15:18:00,108.57,108.57,108.57,108.57,983.0
2017-12-21 15:19:00,108.5,108.57,108.5,108.57,1700.0
2017-12-21 15:20:00,108.56,108.6,108.51,108.51,1600.0
2017-12-21 15:21:00,108.55,108.6072,108.54,108.6072,2589.0
2017-12-21 15:22:00,108.55,108.5672,108.54,108.55,920.0
2017-12-21 15:23:00,108.57,108.59,108.54,108.54,3640.0
2017-12-21 15:24:00,108.62,108.63,108.6,108.6,606.0
2017-12-21 15:25:00,108.67,108.7,108.65,108.65,1200.0
2017-12-21 15:26:00,108.72,108.72,108.68,108.68,1100.0
2017-12-21 15:27:00,108.65,108.69,108.65,108.69,3403.0
2017-12-21 15:28:00,108.66,108.69,108.65,108.65,2201.0
2017-12-21 15:29:00,108.67,108.67,108.66,108.67,897.0
2017-12-21 15:30:00,108.71,108.72,108.68,108.68,700.0
2017-12-21 15:31:00,108.689,108.78,108.689,108.75,3538.0
2017-12-21 15:32:00,108.77,108.77,108.7,108.7,2712.0
2017-12-21 15:33:00,108.78,108.78,108.77,108.77,400.0
2017-12-21 15:34:00,108.85,108.85,108.77,108.77,3151.0
2017-12-21 15:35:00,108.82,108.845,108.81,108.845,5210.0
2017-12-21 15:36:00,108.85,108.855,108.83,108.84,2758.0
2017-12-21 15:37:00,108.76,108.84,108.68,108.84,5127.0
2017-12-21 15:38:00,108.7,108.73,108.7,108.73,1300.0
2017-12-21 15:39:00,108.698,108.7175,108.68,108.7,4226.0
2017-12-21 15:40:00,108.68,108.71,108.68,108.69,3100.0
2017-12-21 15:41:00,108.63,108.65,108.63,108.65,1840.0
2017-12-21 15:42:00,108.64,108.66,108.63,108.65,1780.0
2017-12-21 15:43:00,108.67,108.675,108.65,108.6668,3668.0
2017-12-21 15:44:00,108.65,108.7,108.65,108.66,3775.0
2017-12-21 15:45:00,108.63,108.63,108.6,108.63,2506.0
2017-12-21 15:46:00,108.62,108.65,108.61,108.65,10384.0
2017-12-21 15:47:00,108.6,108.64,108.56,108.63,6515.0
2017-12-21 15:48:00,108.55,108.57,108.53,108.57,3575.0
2017-12-21 15:49:00,108.53,108.54899999999999,108.5,108.545,3629.0
2017-12-21 15:50:00,108.55,108.58,108.51,108.53,5512.0
2017-12-21 15:51:00,108.53,108.56,108.51,108.55,6643.0
2017-12-21 15:52:00,108.5599,108.5719,108.54,108.55,4202.0
2017-12-21 15:53:00,108.56,108.58,108.53,108.55,6640.0
2017-12-21 15:54:00,108.54,108.56,108.53,108.56,4494.0
2017-12-21 15:55:00,108.56,108.56,108.54,108.54,3762.0
2017-12-21 15:56:00,108.55,108.57,108.53,108.54,5825.0
2017-12-21 15:57:00,108.57,108.57,108.545,108.55,4640.0
2017-12-21 15:58:00,108.59,108.6,108.54,108.57,14230.0
2017-12-21 15:59:00,108.54,108.6,108.54,108.59,5655.0
2017-12-21 16:00:00,108.6,108.65,108.5,108.56,15909.0
2017-12-22 09:30:00,108.71,108.71,108.71,108.71,3386.0
2017-12-22 09:31:00,108.3701,108.49,108.37,108.49,863.0
2017-12-22 09:32:00,108.82,108.82,108.545,108.545,1600.0
2017-12-22 09:33:00,108.91,108.91,108.91,108.91,100.0
2017-12-22 09:34:00,108.89,108.89,108.8576,108.8576,200.0
2017-12-22 09:35:00,108.54,108.75,108.51,108.75,1220.0
2017-12-22 09:37:00,108.55,108.59,108.55,108.55,500.0
2017-12-22 09:38:00,108.615,108.66,108.6,108.66,800.0
2017-12-22 09:39:00,108.7,108.7,108.56,108.66,596.0
2017-12-22 09:40:00,108.715,108.78,108.695,108.74,1500.0
2017-12-22 09:41:00,108.565,108.7,108.565,108.67,1545.0
2017-12-22 09:42:00,108.595,108.61,108.54,108.565,1100.0
2017-12-22 09:43:00,108.53,108.58,108.52,108.58,800.0
2017-12-22 09:44:00,108.66,108.7,108.57,108.57,1000.0
2017-12-22 09:45:00,108.67,108.675,108.6196,108.675,354.0
2017-12-22 09:46:00,108.67,108.68,108.51,108.67,1800.0
2017-12-22 09:47:00,108.55,108.555,108.51,108.53,4100.0
2017-12-22 09:48:00,108.49,108.6,108.49,108.55,1900.0
2017-12-22 09:49:00,108.41,108.42,108.41,108.41,800.0
2017-12-22 09:50:00,108.35,108.35,108.35,108.35,200.0
2017-12-22 09:52:00,108.22,108.41,108.22,108.29,3132.0
2017-12-22 09:53:00,108.13,108.18,108.13,108.18,200.0
2017-12-22 09:54:00,108.19,108.32,108.19,108.21,1600.0
2017-12-22 09:55:00,108.46,108.46,108.305,108.35,4400.0
2017-12-22 09:56:00,108.46,108.46,108.455,108.455,500.0
2017-12-22 09:57:00,108.455,108.455,108.455,108.455,100.0
2017-12-22 09:59:00,108.43,108.53,108.41,108.45,2595.0
2017-12-22 10:00:00,108.56,108.56,108.485,108.4876,1000.0
2017-12-22 10:01:00,108.52,108.53,108.46,108.46,400.0
2017-12-22 10:02:00,108.54,108.57,108.54,108.57,900.0
2017-12-22 10:03:00,108.4,108.515,108.4,108.5,4174.0
2017-12-22 10:04:00,108.3971,108.4,108.22,108.36,4229.0
2017-12-22 10:05:00,108.32,108.37,108.32,108.37,900.0
2017-12-22 10:06:00,108.36,108.36,108.36,108.36,100.0
2017-12-22 10:08:00,108.44,108.44,108.33,108.36,1150.0
2017-12-22 10:09:00,108.52,108.52,108.44,108.48,700.0
2017-12-22 10:10:00,108.47,108.48,108.44,108.48,900.0
2017-12-22 10:11:00,108.46,108.5092,108.35,108.5092,2044.0
2017-12-22 10:12:00,108.31,108.37,108.31,108.37,500.0
2017-12-22 10:13:00,108.12,108.3,108.08,108.3,2141.0
2017-12-22 10:14:00,108.11,108.13,108.11,108.13,200.0
2017-12-22 10:15:00,108.05,108.09,108.05,108.09,200.0
2017-12-22 10:16:00,108.01,108.055,108.01,108.055,300.0
2017-12-22 10:17:00,107.89,108.0,107.88,108.0,1661.0
2017-12-22 10:18:00,108.03,108.03,107.9,107.9284,895.0
2017-12-22 10:19:00,108.0,108.0,108.0,108.0,200.0
2017-12-22 10:20:00,108.14,108.14,108.08,108.08,626.0
2017-12-22 10:21:00,108.19,108.19,108.11,108.17,2230.0
2017-12-22 10:22:00,108.1,108.2052,108.1,108.2052,3423.0
2017-12-22 10:23:00,108.19,108.19,108.14,108.14,963.0
2017-12-22 10:24:00,108.29,108.29,108.24,108.24,200.0
2017-12-22 10:25:00,108.29,108.29,108.29,108.29,100.0
2017-12-22 10:26:00,108.24,108.27,108.24,108.2631,2080.0
2017-12-22 10:27:00,108.3,108.3,108.3,108.3,100.0
2017-12-22 10:28:00,108.14,108.24,108.1,108.24,2892.0
2017-12-22 10:29:00,108.05,108.05,107.96,108.0,800.0
2017-12-22 10:30:00,108.02,108.04,108.02,108.04,300.0
2017-12-22 10:31:00,108.01,108.01,108.01,108.01,1160.0
2017-12-22 10:32:00,107.98,108.0283,107.98,108.015,783.0
2017-12-22 10:33:00,107.94,107.97,107.94,107.97,503.0
2017-12-22 10:34:00,108.19,108.19,107.97,107.97,1400.0
2017-12-22 10:35:00,108.23100000000001,108.32,108.23100000000001,108.265,500.0
2017-12-22 10:36:00,108.25,108.3,108.23,108.255,3605.0
2017-12-22 10:37:00,108.235,108.255,108.235,108.255,300.0
2017-12-22 10:38:00,108.215,108.215,108.2,108.21,987.0
2017-12-22 10:39:00,108.215,108.215,108.215,108.215,100.0
2017-12-22 10:40:00,108.29,108.29,108.25,108.25,300.0
2017-12-22 10:42:00,108.235,108.235,108.235,108.235,100.0
2017-12-22 10:43:00,108.29,108.29,108.26,108.26,700.0
2017-12-22 10:44:00,108.31,108.31,108.31,108.31,100.0
2017-12-22 10:46:00,108.23,108.28,108.22,108.25,2456.0
2017-12-22 10:47:00,108.25,108.2542,108.23,108.23,3244.0
2017-12-22 10:48:00,108.25,108.25,108.25,108.25,100.0
2017-12-22 10:49:00,108.39,108.39,108.29,108.29,1100.0
2017-12-22 10:50:00,108.39,108.39,108.39,108.39,200.0
2017-12-22 10:51:00,108.48,108.48,108.41,108.41,500.0
2017-12-22 10:52:00,108.385,108.42,108.385,108.41,1114.0
2017-12-22 10:53:00,108.425,108.45,108.425,108.44,905.0
2017-12-22 10:54:00,108.34,108.42,108.275,108.42,2129.0
2017-12-22 10:56:00,108.3554,108.38,108.3554,108.38,284.0
2017-12-22 10:58:00,108.235,108.35,108.23,108.35,4300.0
2017-12-22 10:59:00,108.22,108.28,108.22,108.25,1600.0
2017-12-22 11:00:00,108.22,108.22,108.22,108.22,100.0
2017-12-22 11:02:00,108.27,108.29,108.23,108.24,1400.0
2017-12-22 11:03:00,108.34,108.34,108.33,108.33,500.0
2017-12-22 11:04:00,108.26,108.37,108.26,108.37,3748.0
2017-12-22 11:05:00,108.06,108.28,108.06,108.245,3600.0
2017-12-22 11:06:00,108.1,108.1,108.01,108.04,1250.0
2017-12-22 11:07:00,108.1,108.11,108.1,108.1,600.0
2017-12-22 11:08:00,108.115,108.115,107.95,108.06,2955.0
2017-12-22 11:09:00,108.11,108.13,108.11,108.11,900.0
2017-12-22 11:10:00,108.15,108.15,108.08,108.11,1000.0
2017-12-22 11:11:00,108.1545,108.1545,108.1545,108.1545,100.0
2017-12-22 11:13:00,108.08,108.14,108.08,108.14,1500.0
2017-12-22 11:14:00,108.06,108.1,108.06,108.06,900.0
2017-12-22 11:15:00,108.08,108.08,108.07,108.07,600.0
2017-12-22 11:16:00,108.06,108.06,108.06,108.06,200.0
2017-12-22 11:17:00,108.05,108.09,108.04,108.08,2600.0
2017-12-22 11:18:00,108.065,108.07,108.04,108.05,1300.0
2017-12-22 11:19:00,108.12,108.16,108.05,108.07,5423.0
2017-12-22 11:20:00,108.17,108.22,108.14,108.14,4700.0
2017-12-22 11:21:00,108.14,108.225,108.14,108.2,1183.0
2017-12-22 11:22:00,108.15,108.17,108.12,108.16,1600.0
2017-12-22 11:23:00,108.16,108.16,108.16,108.16,1000.0
2017-12-22 11:24:00,108.11,108.175,108.06,108.175,2414.0
2017-12-22 11:25:00,108.17,108.17,108.1155,108.1155,400.0
2017-12-22 11:26:00,108.2,108.2,108.17,108.17,300.0
2017-12-22 11:27:00,108.14,108.175,108.14,108.175,578.0
2017-12-22 11:28:00,108.12,108.16,108.09,108.16,2705.0
2017-12-22 11:29:00,108.12,108.12,108.12,108.12,300.0
2017-12-22 11:30:00,108.08,108.12,108.06,108.12,2700.0
2017-12-22 11:31:00,108.17,108.17,108.09,108.13,5898.0
2017-12-22 11:32:00,107.99,108.24,107.99,108.17,7547.0
2017-12-22 11:33:00,108.0125,108.02,107.995,108.02,300.0
2017-12-22 11:34:00,107.79,107.9935,107.79,107.9935,2353.0
2017-12-22 11:35:00,107.99,107.99,107.86,107.86,2061.0
2017-12-22 11:36:00,107.96,107.96,107.96,107.96,300.0
2017-12-22 11:37:00,107.92,107.92,107.92,107.92,100.0
2017-12-22 11:38:00,107.9,107.9477,107.9,107.9477,500.0
2017-12-22 11:39:00,107.92,107.92,107.91,107.91,200.0
2017-12-22 11:41:00,107.96,107.96,107.91,107.91,1000.0
2017-12-22 11:42:00,108.0,108.0,108.0,108.0,100.0
2017-12-22 11:43:00,107.96,107.97,107.95,107.97,950.0
2017-12-22 11:44:00,107.93,107.97,107.93,107.97,300.0
2017-12-22 11:46:00,107.99,107.99,107.97,107.98,950.0
2017-12-22 11:47:00,108.0,108.0,107.99,107.99,250.0
2017-12-22 11:48:00,107.985,107.985,107.985,107.985,100.0
2017-12-22 11:49:00,107.94,107.96,107.93,107.96,1164.0
2017-12-22 11:51:00,107.99,107.99,107.93,107.93,1000.0
2017-12-22 11:52:00,108.01,108.01,107.97,107.97,300.0
2017-12-22 11:53:00,108.07,108.07,108.03,108.06,600.0
2017-12-22 11:54:00,108.03,108.03,108.03,108.03,474.0
2017-12-22 11:55:00,108.12,108.14,108.04,108.04,1500.0
2017-12-22 11:56:00,108.09,108.13,108.07,108.13,1300.0
2017-12-22 11:57:00,108.1,108.12,108.07,108.09,7290.0
2017-12-22 11:58:00,108.02,108.11,108.02,108.095,4400.0
2017-12-22 11:59:00,107.97,108.04,107.97,107.99,1768.0
2017-12-22 12:00:00,108.0,108.01,107.995,108.0,1100.0
2017-12-22 12:01:00,107.97,107.99,107.96,107.99,607.0
2017-12-22 12:02:00,107.96,108.0,107.96,107.98,1500.0
2017-12-22 12:03:00,108.02,108.02,107.98,107.98,800.0
2017-12-22 12:04:00,107.93799999999999,108.02,107.93,108.02,2500.0
2017-12-22 12:05:00,107.92,107.94,107.88,107.93,1626.0
2017-12-22 12:06:00,107.94,107.94,107.91,107.9196,2800.0
2017-12-22 12:07:00,107.95,107.95,107.935,107.935,600.0
2017-12-22 12:08:00,107.8,107.95,107.8,107.95,2310.0
2017-12-22 12:09:00,107.868,107.868,107.77,107.78,800.0
2017-12-22 12:10:00,107.83,107.83,107.83,107.83,100.0
2017-12-22 12:11:00,107.87,107.87,107.85,107.87,1100.0
2017-12-22 12:12:00,107.91,107.91,107.91,107.91,100.0
2017-12-22 12:13:00,107.92,107.94,107.91,107.94,1088.0
2017-12-22 12:14:00,107.92,107.92,107.92,107.92,100.0
2017-12-22 12:15:00,107.94,107.99,107.94,107.99,400.0
2017-12-22 12:16:00,107.95,107.98,107.9301,107.9301,300.0
2017-12-22 12:17:00,107.96,108.0,107.96,107.98,1054.0
2017-12-22 12:18:00,107.96,107.96,107.96,107.96,100.0
2017-12-22 12:19:00,108.04,108.04,107.99,107.99,400.0
2017-12-22 12:20:00,108.02,108.02,108.02,108.02,100.0
2017-12-22 12:22:00,107.99,108.03,107.96,108.03,1600.0
2017-12-22 12:24:00,107.96,107.99,107.96,107.99,200.0
2017-12-22 12:25:00,108.0,108.0,108.0,108.0,200.0
2017-12-22 12:26:00,108.03,108.03,108.03,108.03,200.0
2017-12-22 12:27:00,108.07,108.07,108.064,108.064,350.0
2017-12-22 12:28:00,108.06,108.06,108.06,108.06,200.0
2017-12-22 12:29:00,108.11,108.11,108.11,108.11,100.0
2017-12-22 12:30:00,108.1,108.1,108.08,108.08,200.0
2017-12-22 12:31:00,108.14,108.14,108.12,108.12,200.0
2017-12-22 12:32:00,108.14,108.18,108.14,108.18,300.0
2017-12-22 12:33:00,108.15,108.17,108.15,108.17,200.0
2017-12-22 12:34:00,108.14,108.2,108.12,108.18,2706.0
2017-12-22 12:35:00,108.22,108.22,108.16,108.2,300.0
2017-12-22 12:36:00,108.19,108.23,108.19,108.23,200.0
2017-12-22 12:37:00,108.22,108.22,108.2,108.2,300.0
2017-12-22 12:39:00,108.26,108.26,108.26,108.26,200.0
2017-12-22 12:40:00,108.235,108.26,108.22,108.25,1100.0
2017-12-22 12:41:00,108.24,108.25,108.24,108.25,1300.0
2017-12-22 12:42:00,108.23,108.23,108.23,108.23,300.0
2017-12-22 12:43:00,108.22,108.22,108.2,108.21,1200.0
2017-12-22 12:44:00,108.21,108.21,108.18,108.18,800.0
2017-12-22 12:45:00,108.26,108.26,108.21,108.21,700.0
2017-12-22 12:46:00,108.24,108.26,108.24,108.26,628.0
2017-12-22 12:48:00,108.22,108.22,108.22,108.22,100.0
2017-12-22 12:49:00,108.23,108.2512,108.23,108.25,1734.0
2017-12-22 12:50:00,108.28,108.28,108.23,108.23,900.0
2017-12-22 12:53:00,108.21,108.23,108.21,108.23,1016.0
2017-12-22 12:54:00,108.26,108.26,108.23,108.23,1054.0
2017-12-22 12:55:00,108.28,108.29,108.26,108.26,700.0
2017-12-22 12:56:00,108.2617,108.27,108.25,108.2595,900.0
2017-12-22 12:57:00,108.27,108.27,108.27,108.27,500.0
2017-12-22 12:59:00,108.27,108.27,108.27,108.27,502.0
2017-12-22 13:01:00,108.2647,108.2647,108.2647,108.2647,100.0
2017-12-22 13:02:00,108.27,108.28,108.27,108.27,680.0
2017-12-22 13:03:00,108.3,108.3,108.27,108.27,400.0
2017-12-22 13:04:00,108.29,108.29,108.29,108.29,100.0
2017-12-22 13:05:00,108.31,108.31,108.29,108.29,600.0
2017-12-22 13:07:00,108.32,108.32,108.32,108.32,100.0
2017-12-22 13:09:00,108.32,108.34,108.32,108.33,450.0
2017-12-22 13:10:00,108.34,108.385,108.335,108.335,1300.0
2017-12-22 13:11:00,108.35,108.36,108.33,108.33,600.0
2017-12-22 13:13:00,108.37,108.39,108.37,108.38,600.0
2017-12-22 13:14:00,108.4,108.4,108.37,108.37,300.0
2017-12-22 13:17:00,108.48,108.48,108.46,108.46,200.0
2017-12-22 13:18:00,108.465,108.465,108.465,108.465,200.0
2017-12-22 13:19:00,108.5,108.5,108.5,108.5,100.0
2017-12-22 13:20:00,108.53,108.54,108.53,108.54,200.0
2017-12-22 13:21:00,108.53,108.55,108.51,108.54,1735.0
2017-12-22 13:22:00,108.52,108.52,108.52,108.52,500.0
2017-12-22 13:23:00,108.39,108.5,108.39,108.5,2432.0
2017-12-22 13:24:00,108.28,108.42,108.28,108.39,4004.0
2017-12-22 13:28:00,108.235,108.28,108.21,108.24,18200.0
2017-12-22 13:29:00,108.3,108.43,108.27,108.27,4700.0
2017-12-22 13:30:00,108.34,108.34,108.315,108.315,200.0
2017-12-22 13:31:00,108.24,108.32,108.24,108.32,1400.0
2017-12-22 13:32:00,108.24,108.32,108.21,108.24,1500.0
2017-12-22 13:33:00,108.24,108.25,108.23,108.24,900.0
2017-12-22 13:34:00,108.226,108.24,108.22,108.24,1150.0
2017-12-22 13:35:00,108.3,108.3,108.23,108.23,3000.0
2017-12-22 13:36:00,108.26,108.27,108.26,108.27,639.0
2017-12-22 13:37:00,108.23,108.23,108.23,108.23,100.0
2017-12-22 13:38:00,108.21,108.21,108.18,108.2,1200.0
2017-12-22 13:39:00,108.23,108.23,108.2,108.21,900.0
2017-12-22 13:42:00,108.24,108.26,108.22,108.22,1445.0
2017-12-22 13:43:00,108.24,108.25,108.24,108.25,600.0
2017-12-22 13:44:00,108.25,108.27,108.24,108.24,500.0
2017-12-22 13:45:00,108.26,108.27,108.25,108.27,1406.0
2017-12-22 13:46:00,108.29,108.31,108.27,108.27,1000.0
2017-12-22 13:47:00,108.31,108.31,108.24,108.285,4106.0
2017-12-22 13:48:00,108.26,108.29,108.24,108.29,2441.0
2017-12-22 13:49:00,108.26,108.26799999999999,108.26,108.26,401.0
2017-12-22 13:50:00,108.21,108.25,108.2,108.25,3905.0
2017-12-22 13:51:00,108.19,108.24,108.19,108.22,2000.0
2017-12-22 13:52:00,108.19,108.208,108.19,108.2,633.0
2017-12-22 13:53:00,108.2029,108.2029,108.2029,108.2029,138.0
2017-12-22 13:54:00,108.2,108.21,108.18,108.18,600.0
2017-12-22 13:55:00,108.3,108.3299,108.25,108.25,3257.0
2017-12-22 13:57:00,108.31,108.31,108.31,108.31,400.0
2017-12-22 13:58:00,108.35,108.35,108.35,108.35,100.0
2017-12-22 13:59:00,108.35,108.35,108.32,108.35,300.0
2017-12-22 14:00:00,108.425,108.425,108.34,108.34,800.0
2017-12-22 14:02:00,108.35,108.37,108.35,108.37,935.0
2017-12-22 14:03:00,108.42,108.42,108.36,108.36,950.0
2017-12-22 14:04:00,108.38,108.41,108.38,108.39,1200.0
2017-12-22 14:05:00,108.38,108.4,108.3638,108.37,800.0
2017-12-22 14:06:00,108.38,108.39,108.37,108.39,500.0
2017-12-22 14:07:00,108.39,108.39,108.39,108.39,400.0
2017-12-22 14:08:00,108.41,108.41,108.41,108.41,100.0
2017-12-22 14:09:00,108.44,108.44,108.39,108.39,800.0
2017-12-22 14:10:00,108.42,108.44,108.41,108.44,2700.0
2017-12-22 14:11:00,108.39,108.42,108.39,108.42,1020.0
2017-12-22 14:12:00,108.39,108.39,108.39,108.39,300.0
2017-12-22 14:13:00,108.42,108.42,108.375,108.375,1300.0
2017-12-22 14:14:00,108.36,108.41,108.36,108.41,800.0
2017-12-22 14:16:00,108.49,108.49,108.4,108.4,1500.0
2017-12-22 14:17:00,108.44,108.48,108.43,108.48,1300.0
2017-12-22 14:18:00,108.45,108.4608,108.45,108.4608,200.0
2017-12-22 14:19:00,108.47,108.47,108.46,108.465,800.0
2017-12-22 14:20:00,108.49,108.49,108.485,108.485,300.0
2017-12-22 14:21:00,108.515,108.52,108.5,108.51,1032.0
2017-12-22 14:22:00,108.5,108.52,108.5,108.52,1517.0
2017-12-22 14:23:00,108.4,108.49,108.38,108.48,5945.0
2017-12-22 14:24:00,108.305,108.38,108.305,108.38,800.0
2017-12-22 14:25:00,108.3,108.3,108.3,108.3,100.0
2017-12-22 14:26:00,108.29,108.29,108.26,108.26,300.0
2017-12-22 14:27:00,108.27,108.27,108.26,108.26,300.0
2017-12-22 14:28:00,108.255,108.28,108.255,108.27,2300.0
2017-12-22 14:29:00,108.26,108.27,108.25,108.25,1800.0
2017-12-22 14:30:00,108.29,108.29,108.27,108.27,1000.0
2017-12-22 14:31:00,108.29,108.3,108.29,108.3,200.0
2017-12-22 14:32:00,108.26,108.32,108.26,108.32,3185.0
2017-12-22 14:33:00,108.3,108.31,108.27,108.29,1000.0
2017-12-22 14:36:00,108.3,108.31,108.28,108.28,1198.0
2017-12-22 14:37:00,108.28,108.3093,108.26,108.3,2000.0
2017-12-22 14:38:00,108.3,108.3,108.26,108.26,2600.0
2017-12-22 14:39:00,108.3,108.3,108.28,108.28,500.0
2017-12-22 14:40:00,108.255,108.29,108.255,108.29,2908.0
2017-12-22 14:41:00,108.24,108.24,108.2395,108.2395,450.0
2017-12-22 14:42:00,108.24,108.27,108.235,108.25,1967.0
2017-12-22 14:43:00,108.24,108.26,108.21,108.24,4600.0
2017-12-22 14:44:00,108.23,108.25,108.16,108.23,2500.0
2017-12-22 14:45:00,108.24,108.28,108.2,108.25,2040.0
2017-12-22 14:46:00,108.27,108.31,108.25,108.25,1950.0
2017-12-22 14:47:00,108.23,108.26,108.23,108.26,700.0
2017-12-22 14:48:00,108.28,108.28,108.21,108.23,3250.0
2017-12-22 14:49:00,108.2,108.3,108.155,108.29,3000.0
2017-12-22 14:50:00,108.21,108.22,108.2,108.21,1700.0
2017-12-22 14:51:00,108.245,108.27,108.21,108.21,1000.0
2017-12-22 14:52:00,108.23,108.24,108.2,108.24,1952.0
2017-12-22 14:53:00,108.25,108.25,108.2,108.22,4794.0
2017-12-22 14:54:00,108.155,108.21,108.12,108.21,3400.0
2017-12-22 14:55:00,108.18,108.25,108.15,108.15,2700.0
2017-12-22 14:56:00,108.25,108.25,108.18,108.19,1400.0
2017-12-22 14:57:00,108.225,108.225,108.21,108.21,430.0
2017-12-22 14:58:00,108.225,108.25,108.225,108.225,300.0
2017-12-22 14:59:00,108.25,108.25,108.25,108.25,100.0
2017-12-22 15:00:00,108.24,108.25,108.225,108.25,2129.0
2017-12-22 15:01:00,108.25,108.25,108.22,108.22,739.0
2017-12-22 15:02:00,108.295,108.3,108.29,108.3,500.0
2017-12-22 15:03:00,108.28,108.29,108.28,108.28,400.0
2017-12-22 15:04:00,108.28,108.29,108.27,108.29,800.0
2017-12-22 15:05:00,108.23,108.27,108.21,108.27,3162.0
2017-12-22 15:06:00,108.23,108.23,108.21,108.21,800.0
2017-12-22 15:07:00,108.26,108.26,108.25,108.25,500.0
2017-12-22 15:08:00,108.28,108.28,108.28,108.28,100.0
2017-12-22 15:09:00,108.28,108.28,108.28,108.28,100.0
2017-12-22 15:10:00,108.27,108.28,108.26,108.26,1592.0
2017-12-22 15:11:00,108.26,108.26,108.25,108.25,1554.0
2017-12-22 15:12:00,108.25,108.25,108.24,108.24,1000.0
2017-12-22 15:13:00,108.285,108.285,108.25,108.25,1200.0
2017-12-22 15:14:00,108.26,108.27,108.26,108.27,245.0
2017-12-22 15:15:00,108.28,108.28,108.26,108.26,600.0
2017-12-22 15:16:00,108.27,108.27,108.27,108.27,400.0
2017-12-22 15:17:00,108.24,108.28,108.24,108.27,2206.0
2017-12-22 15:18:00,108.25,108.26,108.25,108.25,1050.0
2017-12-22 15:19:00,108.25,108.2571,108.24,108.2571,918.0
2017-12-22 15:20:00,108.26,108.26,108.25,108.25,345.0
2017-12-22 15:21:00,108.26,108.28,108.26,108.28,1336.0
2017-12-22 15:22:00,108.28,108.29,108.27,108.27,400.0
2017-12-22 15:23:00,108.23,108.28,108.23,108.28,2040.0
2017-12-22 15:24:00,108.23,108.24,108.23,108.23,1047.0
2017-12-22 15:25:00,108.25,108.26,108.24,108.24,2858.0
2017-12-22 15:26:00,108.242,108.242,108.22,108.24,2063.0
2017-12-22 15:27:00,108.24,108.27,108.24,108.24,3098.0
2017-12-22 15:28:00,108.25,108.255,108.24,108.24,1600.0
2017-12-22 15:30:00,108.27,108.29,108.25,108.255,1200.0
2017-12-22 15:31:00,108.25,108.26,108.25,108.26,1200.0
2017-12-22 15:32:00,108.29,108.3,108.28,108.28,1200.0
2017-12-22 15:33:00,108.28,108.3,108.28,108.3,1800.0
2017-12-22 15:34:00,108.25,108.27,108.23,108.27,2400.0
2017-12-22 15:35:00,108.25,108.26,108.23,108.25,2540.0
2017-12-22 15:36:00,108.24,108.245,108.24,108.24,400.0
2017-12-22 15:37:00,108.27,108.28,108.25,108.25,1700.0
2017-12-22 15:38:00,108.28,108.31,108.26,108.26,2057.0
2017-12-22 15:39:00,108.26,108.26,108.24,108.25,1141.0
2017-12-22 15:40:00,108.28,108.29,108.28,108.28,700.0
2017-12-22 15:41:00,108.33,108.33,108.27,108.27,1500.0
2017-12-22 15:42:00,108.28,108.335,108.28,108.335,1815.0
2017-12-22 15:43:00,108.295,108.31,108.28,108.28,2299.0
2017-12-22 15:44:00,108.27,108.29,108.27,108.29,2334.0
2017-12-22 15:45:00,108.27,108.29,108.25,108.28,5105.0
2017-12-22 15:46:00,108.26,108.28,108.25,108.25,2728.0
2017-12-22 15:47:00,108.28,108.3,108.26,108.26,2690.0
2017-12-22 15:48:00,108.25,108.295,108.25,108.27,3982.0
2017-12-22 15:49:00,108.25,108.27,108.25,108.27,300.0
2017-12-22 15:50:00,108.22,108.25,108.21,108.25,2300.0
2017-12-22 15:51:00,108.16,108.2,108.16,108.2,1800.0
2017-12-22 15:52:00,108.16,108.16,108.16,108.16,900.0
2017-12-22 15:53:00,108.13,108.19,108.13,108.16,5047.0
2017-12-22 15:54:00,108.16,108.16,108.11,108.11,2400.0
2017-12-22 15:55:00,108.135,108.18,108.11,108.16,4975.0
2017-12-22 15:56:00,108.17,108.17,108.12,108.12,1448.0
2017-12-22 15:57:00,108.18,108.19,108.1546,108.1546,3570.0
2017-12-22 15:58:00,108.14,108.2,108.13,108.2,6667.0
2017-12-22 15:59:00,108.15,108.18,108.12,108.14,7285.0
2017-12-22 16:00:00,108.18,108.23,108.15,108.16,7138.0
2017-12-26 09:30:00,108.06,108.43,108.06,108.43,3502.0
2017-12-26 09:31:00,108.27,108.27,108.27,108.27,100.0
2017-12-26 09:32:00,108.2116,108.27,108.2116,108.27,200.0
2017-12-26 09:33:00,108.52,108.52,108.32,108.33,400.0
2017-12-26 09:39:00,108.54,108.74,108.48,108.48,2900.0
2017-12-26 09:40:00,108.5,108.58,108.5,108.53,1800.0
2017-12-26 09:42:00,108.56,108.56,108.45,108.45,390.0
2017-12-26 09:43:00,108.255,108.42,108.255,108.42,2051.0
2017-12-26 09:44:00,108.38,108.5,108.38,108.5,200.0
2017-12-26 09:46:00,108.425,108.66,108.39,108.39,1782.0
2017-12-26 09:49:00,108.46,108.56,108.46,108.56,914.0
2017-12-26 09:50:00,108.42,108.45,108.42,108.45,300.0
2017-12-26 09:52:00,108.53,108.53,108.5083,108.5083,200.0
2017-12-26 09:53:00,108.48,108.48,108.48,108.48,200.0
2017-12-26 09:55:00,108.49,108.52,108.49,108.52,200.0
2017-12-26 09:56:00,108.47,108.47,108.47,108.47,100.0
2017-12-26 09:58:00,108.45,108.57,108.41,108.47,2100.0
2017-12-26 09:59:00,108.495,108.495,108.45,108.45,200.0
2017-12-26 10:00:00,108.49,108.49,108.4301,108.49,432.0
2017-12-26 10:01:00,108.3,108.5,108.3,108.49,3359.0
2017-12-26 10:02:00,108.36,108.36,108.3,108.35,1192.0
2017-12-26 10:03:00,108.36,108.36,108.36,108.36,100.0
2017-12-26 10:04:00,108.4625,108.56,108.4125,108.44,1300.0
2017-12-26 10:05:00,108.45,108.49,108.45,108.49,700.0
2017-12-26 10:06:00,108.48,108.49,108.465,108.465,774.0
2017-12-26 10:07:00,108.47,108.47,108.45,108.47,900.0
2017-12-26 10:08:00,108.4,108.5,108.39,108.5,1300.0
2017-12-26 10:11:00,108.43,108.43,108.43,108.43,100.0
2017-12-26 10:13:00,108.4,108.4,108.375,108.375,200.0
2017-12-26 10:14:00,108.25,108.36,108.25,108.33,1800.0
2017-12-26 10:15:00,108.24,108.24,108.24,108.24,100.0
2017-12-26 10:16:00,108.26,108.26,108.26,108.26,200.0
2017-12-26 10:17:00,108.25,108.25,108.25,108.25,100.0
2017-12-26 10:18:00,108.24,108.24,108.19,108.205,900.0
2017-12-26 10:19:00,108.26,108.31,108.26,108.265,300.0
2017-12-26 10:20:00,108.34,108.34,108.28,108.315,300.0
2017-12-26 10:21:00,108.3,108.3,108.3,108.3,100.0
2017-12-26 10:22:00,108.32,108.345,108.32,108.34,400.0
2017-12-26 10:23:00,108.4,108.4,108.4,108.4,100.0
2017-12-26 10:24:00,108.4,108.42,108.36,108.39,1569.0
2017-12-26 10:25:00,108.4,108.45,108.34,108.39200000000001,5885.0
2017-12-26 10:26:00,108.4125,108.42,108.38,108.4,1708.0
2017-12-26 10:27:00,108.39,108.45,108.38,108.44,1430.0
2017-12-26 10:28:00,108.32,108.4,108.32,108.4,2200.0
2017-12-26 10:29:00,108.22,108.24,108.22,108.24,200.0
2017-12-26 10:30:00,108.24,108.25,108.22,108.24,1177.0
2017-12-26 10:31:00,108.18,108.22,108.08,108.22,3470.0
2017-12-26 10:32:00,108.04,108.13,107.93,108.13,5937.0
2017-12-26 10:33:00,108.055,108.055,108.055,108.055,100.0
2017-12-26 10:34:00,108.0,108.03,107.95,108.02,1565.0
2017-12-26 10:35:00,108.0,108.0,108.0,108.0,200.0
2017-12-26 10:36:00,107.98,108.0,107.98,108.0,952.0
2017-12-26 10:38:00,108.03,108.03,108.03,108.03,100.0
2017-12-26 10:39:00,108.06,108.06,108.06,108.06,100.0
2017-12-26 10:40:00,108.06,108.06,108.06,108.06,100.0
2017-12-26 10:41:00,108.05,108.05,108.05,108.05,500.0
2017-12-26 10:42:00,108.1081,108.12,108.07,108.07,394.0
2017-12-26 10:43:00,108.1193,108.1193,108.1193,108.1193,180.0
2017-12-26 10:44:00,108.085,108.085,108.085,108.085,100.0
2017-12-26 10:45:00,108.085,108.085,108.085,108.085,200.0
2017-12-26 10:46:00,108.05,108.08,108.05,108.05,1276.0
2017-12-26 10:47:00,108.2999,108.2999,108.085,108.1,2334.0
2017-12-26 10:48:00,108.26,108.26,108.26,108.26,400.0
2017-12-26 10:50:00,108.3,108.3,108.26,108.26,300.0
2017-12-26 10:51:00,108.3,108.3,108.3,108.3,100.0
2017-12-26 10:52:00,108.12,108.3,108.12,108.3,3515.0
2017-12-26 10:53:00,108.18,108.18,108.13,108.13,500.0
2017-12-26 10:54:00,108.19,108.19,108.19,108.19,100.0
2017-12-26 10:55:00,108.225,108.24,108.19,108.23,960.0
2017-12-26 10:56:00,108.2,108.2,108.2,108.2,400.0
2017-12-26 10:57:00,108.14,108.175,108.14,108.175,400.0
2017-12-26 10:58:00,108.13,108.15,108.06,108.12,4000.0
2017-12-26 10:59:00,108.05,108.135,108.05,108.13,900.0
2017-12-26 11:00:00,108.04,108.09,108.04,108.09,2316.0
2017-12-26 11:01:00,107.94,108.05,107.92,108.04,3442.0
2017-12-26 11:02:00,107.97,108.0,107.95,107.96,2322.0
2017-12-26 11:03:00,108.015,108.04,107.975,107.975,1100.0
2017-12-26 11:04:00,108.01,108.01,108.01,108.01,200.0
2017-12-26 11:05:00,108.01,108.01,108.01,108.01,211.0
2017-12-26 11:06:00,108.09,108.09,108.005,108.005,720.0
2017-12-26 11:07:00,108.06,108.06,108.06,108.06,500.0
2017-12-26 11:08:00,108.05,108.05,108.04,108.05,760.0
2017-12-26 11:09:00,108.045,108.045,108.045,108.045,100.0
2017-12-26 11:10:00,108.04,108.05,108.02,108.03,1400.0
2017-12-26 11:11:00,108.06,108.06,108.06,108.06,100.0
2017-12-26 11:12:00,108.07,108.12,108.07,108.08,300.0
2017-12-26 11:14:00,108.14,108.14,108.14,108.14,100.0
2017-12-26 11:15:00,108.105,108.105,108.105,108.105,200.0
2017-12-26 11:16:00,108.09,108.13,108.08,108.13,2000.0
2017-12-26 11:17:00,108.08,108.08,108.08,108.08,100.0
2017-12-26 11:19:00,108.11,108.11,108.11,108.11,200.0
2017-12-26 11:20:00,108.1,108.11,108.08,108.08,710.0
2017-12-26 11:21:00,108.16,108.16,108.135,108.14,1315.0
2017-12-26 11:22:00,108.135,108.14,108.12,108.13,2500.0
2017-12-26 11:23:00,108.14,108.14,108.14,108.14,400.0
2017-12-26 11:24:00,108.16,108.17,108.14,108.15,1526.0
2017-12-26 11:25:00,108.17,108.17,108.17,108.17,100.0
2017-12-26 11:26:00,108.2,108.21,108.19,108.19,604.0
2017-12-26 11:28:00,108.2,108.2,108.195,108.195,400.0
2017-12-26 11:29:00,108.2046,108.2046,108.2,108.2,431.0
2017-12-26 11:30:00,108.27,108.27,108.22,108.22,400.0
2017-12-26 11:32:00,108.3,108.3,108.3,108.3,100.0
2017-12-26 11:33:00,108.295,108.295,108.295,108.295,222.0
2017-12-26 11:34:00,108.29,108.29,108.29,108.29,100.0
2017-12-26 11:35:00,108.285,108.3,108.27,108.285,900.0
2017-12-26 11:37:00,108.26,108.2874,108.26,108.2874,455.0
2017-12-26 11:38:00,108.27,108.3,108.265,108.265,3440.0
2017-12-26 11:39:00,108.3,108.3,108.3,108.3,100.0
2017-12-26 11:40:00,108.12,108.29,108.12,108.29,2500.0
2017-12-26 11:41:00,108.09,108.15,108.09,108.14,300.0
2017-12-26 11:42:00,108.07,108.07,108.07,108.07,300.0
2017-12-26 11:43:00,108.17,108.17,108.14,108.14,400.0
2017-12-26 11:44:00,108.12,108.12,108.11,108.12,400.0
2017-12-26 11:45:00,108.18,108.18,108.145,108.145,400.0
2017-12-26 11:46:00,108.195,108.195,108.195,108.195,100.0
2017-12-26 11:47:00,108.25,108.25,108.25,108.25,100.0
2017-12-26 11:49:00,108.265,108.265,108.265,108.265,200.0
2017-12-26 11:50:00,108.19,108.28,108.19,108.28,1400.0
2017-12-26 11:52:00,108.22,108.22,108.22,108.22,100.0
2017-12-26 11:53:00,108.19,108.21,108.19,108.19,774.0
2017-12-26 11:54:00,108.19,108.19,108.19,108.19,100.0
2017-12-26 11:55:00,108.21,108.21,108.21,108.21,300.0
2017-12-26 11:56:00,108.19,108.23,108.19,108.23,300.0
2017-12-26 11:57:00,108.19,108.19,108.19,108.19,100.0
2017-12-26 11:58:00,108.28,108.28,108.28,108.28,200.0
2017-12-26 11:59:00,108.26,108.28,108.26,108.28,1300.0
2017-12-26 12:00:00,108.22,108.22,108.22,108.22,300.0
2017-12-26 12:02:00,108.23,108.23,108.23,108.23,100.0
2017-12-26 12:03:00,108.21,108.21,108.21,108.21,100.0
2017-12-26 12:04:00,108.2,108.245,108.2,108.245,1520.0
2017-12-26 12:06:00,108.105,108.2,108.09,108.2,1200.0
2017-12-26 12:07:00,108.11,108.11,108.11,108.11,100.0
2017-12-26 12:08:00,108.11,108.12,108.11,108.12,432.0
2017-12-26 12:09:00,108.01,108.11,108.01,108.11,1400.0
2017-12-26 12:10:00,108.09,108.09,108.06,108.06,600.0
2017-12-26 12:11:00,108.08,108.08,108.08,108.08,300.0
2017-12-26 12:12:00,108.08,108.08,108.08,108.08,100.0
2017-12-26 12:14:00,108.03,108.03,108.03,108.03,100.0
2017-12-26 12:15:00,107.99,108.0399,107.99,108.03,1805.0
2017-12-26 12:16:00,107.9599,107.99,107.85,107.99,5843.0
2017-12-26 12:17:00,107.93,107.93,107.93,107.93,200.0
2017-12-26 12:18:00,107.91,107.93,107.89,107.89,1000.0
2017-12-26 12:19:00,107.965,107.965,107.965,107.965,100.0
2017-12-26 12:21:00,107.975,107.975,107.975,107.975,100.0
2017-12-26 12:22:00,107.94,107.975,107.94,107.975,385.0
2017-12-26 12:24:00,107.96,107.96,107.96,107.96,200.0
2017-12-26 12:25:00,108.07,108.11,107.985,108.02,3468.0
2017-12-26 12:28:00,108.09,108.09,108.09,108.09,100.0
2017-12-26 12:29:00,108.05,108.05,108.05,108.05,200.0
2017-12-26 12:31:00,108.06,108.06,108.06,108.06,200.0
2017-12-26 12:32:00,108.05,108.05,108.05,108.05,100.0
2017-12-26 12:33:00,108.05,108.06,108.05,108.06,500.0
2017-12-26 12:34:00,108.01,108.05,108.01,108.05,745.0
2017-12-26 12:35:00,108.01,108.02,108.01,108.02,400.0
2017-12-26 12:37:00,108.02,108.025,108.02,108.025,400.0
2017-12-26 12:39:00,108.05,108.05,108.03,108.04,2801.0
2017-12-26 12:40:00,108.075,108.075,108.075,108.075,100.0
2017-12-26 12:41:00,108.06,108.08,108.05,108.08,3310.0
2017-12-26 12:43:00,108.075,108.075,108.07,108.07,400.0
2017-12-26 12:44:00,108.06,108.07,108.05,108.07,1508.0
2017-12-26 12:45:00,108.05,108.05,108.05,108.05,2500.0
2017-12-26 12:46:00,108.0575,108.07,108.05,108.05,932.0
2017-12-26 12:47:00,108.0687,108.07,108.0687,108.07,608.0
2017-12-26 12:48:00,108.05,108.06,108.05,108.06,2292.0
2017-12-26 12:49:00,108.05,108.055,108.05,108.055,1008.0
2017-12-26 12:50:00,108.05,108.055,108.05,108.05,1100.0
2017-12-26 12:51:00,107.9,108.05,107.9,108.05,5380.0
2017-12-26 12:52:00,107.9,107.9,107.89,107.89,300.0
2017-12-26 12:53:00,107.79,107.79,107.79,107.79,100.0
2017-12-26 12:54:00,107.78,107.83,107.78,107.78,500.0
2017-12-26 12:55:00,107.78,107.82,107.78,107.81,500.0
2017-12-26 12:56:00,107.86,107.86,107.82,107.83,724.0
2017-12-26 12:57:00,107.85,107.91,107.85,107.875,600.0
2017-12-26 12:58:00,107.895,107.895,107.85,107.88,730.0
2017-12-26 12:59:00,107.95,107.96,107.93,107.93,400.0
2017-12-26 13:01:00,108.0,108.0,107.95,107.95,920.0
2017-12-26 13:02:00,107.92,107.99,107.92,107.976,1220.0
2017-12-26 13:04:00,107.92,107.94,107.9,107.9,400.0
2017-12-26 13:06:00,107.865,107.92,107.83,107.92,2600.0
2017-12-26 13:07:00,107.83,107.83,107.83,107.83,200.0
2017-12-26 13:08:00,107.85,107.85,107.85,107.85,100.0
2017-12-26 13:09:00,107.84,107.84,107.84,107.84,100.0
2017-12-26 13:11:00,107.84,107.88,107.78,107.78,1800.0
2017-12-26 13:12:00,107.8,107.8,107.8,107.8,200.0
2017-12-26 13:13:00,107.88,107.88,107.81,107.81,600.0
2017-12-26 13:14:00,107.905,107.94,107.905,107.94,300.0
2017-12-26 13:15:00,107.905,107.905,107.905,107.905,100.0
2017-12-26 13:16:00,107.87,107.87,107.87,107.87,508.0
2017-12-26 13:17:00,107.86,107.86,107.86,107.86,314.0
2017-12-26 13:18:00,107.845,107.845,107.845,107.845,100.0
2017-12-26 13:19:00,107.94,107.94,107.87,107.87,712.0
2017-12-26 13:21:00,107.945,107.945,107.9,107.9,200.0
2017-12-26 13:22:00,107.87,107.97,107.87,107.97,387.0
2017-12-26 13:25:00,107.93,107.93,107.91,107.91,300.0
2017-12-26 13:26:00,107.91,107.93,107.91,107.91,1465.0
2017-12-26 13:28:00,107.89,107.89,107.82,107.86,800.0
2017-12-26 13:29:00,107.76,107.81,107.76,107.81,515.0
2017-12-26 13:30:00,107.76,107.76,107.76,107.76,195.0
2017-12-26 13:31:00,107.76,107.77,107.76,107.77,300.0
2017-12-26 13:32:00,107.795,107.795,107.795,107.795,100.0
2017-12-26 13:35:00,107.79,107.79,107.79,107.79,100.0
2017-12-26 13:36:00,107.82,107.82,107.81,107.81,300.0
2017-12-26 13:37:00,107.8,107.83,107.8,107.82,1777.0
2017-12-26 13:38:00,107.84,107.84,107.84,107.84,100.0
2017-12-26 13:39:00,107.8,107.84,107.8,107.84,200.0
2017-12-26 13:40:00,107.89,107.89,107.82,107.83,1400.0
2017-12-26 13:41:00,107.83,107.86,107.83,107.86,1082.0
2017-12-26 13:42:00,107.83,107.83,107.81,107.82,980.0
2017-12-26 13:45:00,107.852,107.852,107.82,107.84,929.0
2017-12-26 13:46:00,107.77,107.8,107.77,107.8,436.0
2017-12-26 13:47:00,107.82,107.82,107.78,107.78,1817.0
2017-12-26 13:48:00,107.76,107.8,107.76,107.8,660.0
2017-12-26 13:49:00,107.73,107.75,107.73,107.75,500.0
2017-12-26 13:50:00,107.725,107.73,107.725,107.73,200.0
2017-12-26 13:51:00,107.71,107.74,107.71,107.73,1000.0
2017-12-26 13:52:00,107.69,107.69,107.69,107.69,100.0
2017-12-26 13:54:00,107.7,107.72,107.7,107.72,300.0
2017-12-26 13:55:00,107.72,107.73,107.72,107.72,600.0
2017-12-26 13:56:00,107.67,107.72,107.67,107.72,1362.0
2017-12-26 13:57:00,107.64,107.71,107.62,107.67,5440.0
2017-12-26 13:58:00,107.655,107.67,107.62,107.62,1500.0
2017-12-26 13:59:00,107.6,107.64,107.6,107.64,900.0
2017-12-26 14:00:00,107.52,107.58,107.52,107.58,3114.0
2017-12-26 14:01:00,107.51,107.52,107.48,107.52,2730.0
2017-12-26 14:03:00,107.55,107.55,107.52,107.52,1400.0
2017-12-26 14:05:00,107.57,107.57,107.56,107.56,300.0
2017-12-26 14:06:00,107.63,107.655,107.59,107.6,2986.0
2017-12-26 14:07:00,107.61,107.61,107.61,107.61,200.0
2017-12-26 14:08:00,107.62,107.62,107.6,107.6,200.0
2017-12-26 14:09:00,107.57,107.6,107.57,107.6,1610.0
2017-12-26 14:11:00,107.55,107.57,107.55,107.57,643.0
2017-12-26 14:12:00,107.555,107.555,107.555,107.555,100.0
2017-12-26 14:13:00,107.56,107.61,107.56,107.57,1829.0
2017-12-26 14:14:00,107.58,107.58,107.55,107.56,1000.0
2017-12-26 14:15:00,107.54,107.57,107.53,107.57,1075.0
2017-12-26 14:16:00,107.51,107.565,107.51,107.565,600.0
2017-12-26 14:17:00,107.54,107.54,107.54,107.54,100.0
2017-12-26 14:19:00,107.6765,107.6765,107.57,107.57,2700.0
2017-12-26 14:20:00,107.665,107.665,107.665,107.665,100.0
2017-12-26 14:21:00,107.6401,107.665,107.6401,107.6488,5200.0
2017-12-26 14:22:00,107.64,107.65,107.64,107.65,954.0
2017-12-26 14:23:00,107.62,107.62,107.62,107.62,940.0
2017-12-26 14:25:00,107.64,107.64,107.62,107.62,200.0
2017-12-26 14:26:00,107.6001,107.6244,107.6001,107.62,2400.0
2017-12-26 14:27:00,107.57,107.6,107.57,107.6,6055.0
2017-12-26 14:28:00,107.63,107.63,107.57,107.57,2208.0
2017-12-26 14:29:00,107.61,107.64,107.61,107.64,700.0
2017-12-26 14:30:00,107.64,107.64,107.64,107.64,400.0
2017-12-26 14:31:00,107.64,107.67,107.64,107.67,500.0
2017-12-26 14:33:00,107.655,107.655,107.655,107.655,100.0
2017-12-26 14:34:00,107.67,107.67,107.65,107.655,754.0
2017-12-26 14:35:00,107.67,107.67,107.67,107.67,100.0
2017-12-26 14:36:00,107.67,107.67,107.64,107.67,500.0
2017-12-26 14:37:00,107.675,107.68,107.65,107.65,1845.0
2017-12-26 14:38:00,107.675,107.68,107.675,107.675,1100.0
2017-12-26 14:39:00,107.64,107.68,107.64,107.675,2652.0
2017-12-26 14:41:00,107.68,107.68,107.65,107.66,1000.0
2017-12-26 14:44:00,107.685,107.685,107.685,107.685,200.0
2017-12-26 14:46:00,107.685,107.685,107.685,107.685,100.0
2017-12-26 14:47:00,107.59,107.7,107.59,107.7,3595.0
2017-12-26 14:48:00,107.63,107.63,107.62,107.62,869.0
2017-12-26 14:49:00,107.66,107.66,107.65,107.65,500.0
2017-12-26 14:50:00,107.67,107.67,107.6659,107.6659,200.0
2017-12-26 14:52:00,107.67,107.67,107.67,107.67,100.0
2017-12-26 14:53:00,107.6775,107.69,107.67,107.69,1501.0
2017-12-26 14:54:00,107.68,107.7,107.68,107.7,500.0
2017-12-26 14:55:00,107.64,107.66,107.64,107.66,2870.0
2017-12-26 14:57:00,107.65,107.65,107.6498,107.6498,300.0
2017-12-26 14:58:00,107.67,107.67,107.61,107.65,1394.0
2017-12-26 14:59:00,107.65,107.65,107.65,107.65,300.0
2017-12-26 15:00:00,107.66,107.66,107.65,107.65,200.0
2017-12-26 15:02:00,107.7,107.7,107.67,107.67,200.0
2017-12-26 15:03:00,107.7,107.7,107.67,107.7,1646.0
2017-12-26 15:04:00,107.7,107.7,107.69,107.7,500.0
2017-12-26 15:05:00,107.68,107.68,107.68,107.68,100.0
2017-12-26 15:06:00,107.71,107.73,107.69,107.69,900.0
2017-12-26 15:08:00,107.69,107.72,107.68,107.72,1800.0
2017-12-26 15:09:00,107.69,107.7,107.69,107.7,500.0
2017-12-26 15:10:00,107.7101,107.74,107.7,107.7,993.0
2017-12-26 15:12:00,107.75,107.75,107.73,107.73,1004.0
2017-12-26 15:13:00,107.76,107.76,107.76,107.76,100.0
2017-12-26 15:14:00,107.76700000000001,107.76700000000001,107.755,107.755,300.0
2017-12-26 15:16:00,107.76,107.76,107.76,107.76,1100.0
2017-12-26 15:17:00,107.735,107.75,107.735,107.75,1066.0
2017-12-26 15:18:00,107.72,107.745,107.72,107.745,536.0
2017-12-26 15:19:00,107.67,107.72,107.67,107.72,1222.0
2017-12-26 15:20:00,107.69,107.69,107.69,107.69,100.0
2017-12-26 15:21:00,107.69,107.69,107.69,107.69,963.0
2017-12-26 15:22:00,107.68,107.68,107.68,107.68,100.0
2017-12-26 15:23:00,107.69,107.74,107.69,107.7,2760.0
2017-12-26 15:24:00,107.7,107.7,107.7,107.7,200.0
2017-12-26 15:25:00,107.57,107.68,107.57,107.68,1790.0
2017-12-26 15:26:00,107.57,107.57,107.55,107.56,1711.0
2017-12-26 15:28:00,107.57,107.58,107.55,107.58,1315.0
2017-12-26 15:29:00,107.59,107.59,107.5747,107.5747,579.0
2017-12-26 15:30:00,107.58,107.62,107.58,107.6,800.0
2017-12-26 15:31:00,107.6,107.61,107.59,107.59,500.0
2017-12-26 15:33:00,107.675,107.68,107.65,107.65,800.0
2017-12-26 15:34:00,107.64,107.69,107.64,107.69,1292.0
2017-12-26 15:35:00,107.64,107.65,107.64,107.64,1000.0
2017-12-26 15:36:00,107.64,107.67,107.64,107.64,3430.0
2017-12-26 15:37:00,107.61,107.65,107.61,107.65,1428.0
2017-12-26 15:38:00,107.565,107.6,107.565,107.6,2300.0
2017-12-26 15:39:00,107.64,107.64,107.59,107.59,1000.0
2017-12-26 15:40:00,107.665,107.665,107.665,107.665,200.0
2017-12-26 15:41:00,107.66,107.6747,107.65,107.6747,648.0
2017-12-26 15:42:00,107.655,107.66,107.64,107.66,842.0
2017-12-26 15:43:00,107.62,107.655,107.62,107.655,2099.0
2017-12-26 15:44:00,107.58,107.6243,107.58,107.6243,2100.0
2017-12-26 15:45:00,107.59,107.6,107.57,107.57,2188.0
2017-12-26 15:46:00,107.6001,107.6001,107.58,107.59,3323.0
2017-12-26 15:47:00,107.62,107.62,107.6,107.61,2000.0
2017-12-26 15:48:00,107.63,107.63,107.62,107.63,1099.0
2017-12-26 15:49:00,107.57,107.625,107.57,107.625,3330.0
2017-12-26 15:50:00,107.625,107.625,107.57,107.57,2531.0
2017-12-26 15:51:00,107.62,107.62,107.6,107.62,1748.0
2017-12-26 15:52:00,107.6,107.62,107.6,107.62,1462.0
2017-12-26 15:53:00,107.6,107.6,107.58,107.6,5409.0
2017-12-26 15:54:00,107.58,107.58,107.57,107.58,1219.0
2017-12-26 15:55:00,107.61,107.61,107.57,107.575,3538.0
2017-12-26 15:56:00,107.6,107.61,107.58,107.61,4062.0
2017-12-26 15:57:00,107.6,107.61,107.58,107.58,2114.0
2017-12-26 15:58:00,107.61,107.61,107.6,107.61,3399.0
2017-12-26 15:59:00,107.6,107.62,107.59,107.6,4575.0
2017-12-26 16:00:00,107.63,107.65,107.6,107.6,7721.0
2017-12-27 09:30:00,107.54,107.54,107.54,107.54,2346.0
2017-12-27 09:32:00,107.435,107.435,107.435,107.435,100.0
2017-12-27 09:33:00,107.54,107.725,107.5,107.52,400.0
2017-12-27 09:34:00,107.69,107.69,107.69,107.69,100.0
2017-12-27 09:35:00,107.95,107.95,107.72,107.72,2300.0
2017-12-27 09:36:00,107.86,107.98,107.86,107.94,1300.0
2017-12-27 09:37:00,107.86,107.9738,107.86,107.86,1210.0
2017-12-27 09:38:00,108.0,108.0,108.0,108.0,100.0
2017-12-27 09:39:00,107.62,107.8537,107.56,107.8537,1713.0
2017-12-27 09:41:00,107.71,107.71,107.645,107.645,1200.0
2017-12-27 09:42:00,107.7,107.71,107.69,107.69,561.0
2017-12-27 09:43:00,107.61,107.69,107.49,107.65,10404.0
2017-12-27 09:44:00,107.51,107.7,107.41,107.6,9964.0
2017-12-27 09:45:00,107.44,107.51,107.43,107.49,800.0
2017-12-27 09:46:00,107.52,107.67,107.44,107.44,2900.0
2017-12-27 09:47:00,107.49,107.53,107.485,107.485,2200.0
2017-12-27 09:48:00,107.33,107.46,107.33,107.46,400.0
2017-12-27 09:49:00,107.39,107.43,107.39,107.43,1300.0
2017-12-27 09:50:00,107.385,107.41,107.37,107.41,1100.0
2017-12-27 09:51:00,107.44,107.46,107.41,107.41,1600.0
2017-12-27 09:52:00,107.47,107.51,107.45,107.45,510.0
2017-12-27 09:54:00,107.41,107.5,107.37,107.5,3550.0
2017-12-27 09:55:00,107.46,107.46,107.41,107.41,1111.0
2017-12-27 09:56:00,107.525,107.525,107.525,107.525,100.0
2017-12-27 09:57:00,107.5,107.615,107.47,107.47,6481.0
2017-12-27 09:58:00,107.53,107.53,107.5,107.5,1093.0
2017-12-27 09:59:00,107.53,107.59,107.5,107.565,4037.0
2017-12-27 10:00:00,107.4,107.49,107.4,107.49,2300.0
2017-12-27 10:01:00,107.37,107.46,107.37,107.42,3800.0
2017-12-27 10:02:00,107.32,107.37,107.32,107.37,600.0
2017-12-27 10:03:00,107.28,107.39,107.28,107.35,2634.0
2017-12-27 10:04:00,107.52,107.525,107.32,107.32,2256.0
2017-12-27 10:05:00,107.42,107.505,107.42,107.505,2300.0
2017-12-27 10:06:00,107.47,107.5,107.39,107.4,1700.0
2017-12-27 10:07:00,107.485,107.5,107.48,107.48,740.0
2017-12-27 10:08:00,107.47,107.57,107.47,107.49,1600.0
2017-12-27 10:09:00,107.52,107.54,107.46,107.46,17400.0
2017-12-27 10:10:00,107.587,107.59,107.53,107.53,3173.0
2017-12-27 10:11:00,107.53,107.57,107.53,107.57,2600.0
2017-12-27 10:12:00,107.51,107.53,107.51,107.515,1600.0
2017-12-27 10:13:00,107.49,107.53,107.48,107.5,3601.0
2017-12-27 10:14:00,107.52,107.57,107.5,107.5,3800.0
2017-12-27 10:15:00,107.58,107.58,107.52,107.52,1900.0
2017-12-27 10:16:00,107.595,107.595,107.595,107.595,100.0
2017-12-27 10:17:00,107.59,107.74,107.57,107.74,3300.0
2017-12-27 10:18:00,107.67,107.67,107.62,107.62,1100.0
2017-12-27 10:19:00,107.52,107.6941,107.52,107.6941,9363.0
2017-12-27 10:21:00,107.61,107.63,107.61,107.61,1200.0
2017-12-27 10:22:00,107.58,107.73,107.57,107.73,3600.0
2017-12-27 10:23:00,107.6,107.61,107.6,107.61,533.0
2017-12-27 10:25:00,107.67,107.67,107.63,107.63,1500.0
2017-12-27 10:27:00,107.68,107.73,107.63,107.73,3136.0
2017-12-27 10:28:00,107.74,107.79,107.65,107.73,4898.0
2017-12-27 10:29:00,107.74,107.74,107.74,107.74,800.0
2017-12-27 10:30:00,107.83,107.83,107.76,107.76,200.0
2017-12-27 10:33:00,107.815,107.84,107.815,107.84,200.0
2017-12-27 10:34:00,107.63,107.85,107.63,107.85,7574.0
2017-12-27 10:35:00,107.68,107.68,107.66,107.66,900.0
2017-12-27 10:36:00,107.68,107.68,107.67,107.68,1900.0
2017-12-27 10:37:00,107.64,107.74,107.64,107.7,1367.0
2017-12-27 10:38:00,107.61,107.64,107.61,107.63,1200.0
2017-12-27 10:39:00,107.57,107.58,107.54,107.58,600.0
2017-12-27 10:40:00,107.6025,107.6025,107.6025,107.6025,100.0
2017-12-27 10:41:00,107.76,107.76,107.62,107.62,2006.0
2017-12-27 10:42:00,107.67,107.72,107.67,107.72,1603.0
2017-12-27 10:43:00,107.56,107.6,107.56,107.6,500.0
2017-12-27 10:44:00,107.51,107.6,107.5,107.59,2207.0
2017-12-27 10:45:00,107.61,107.61,107.5,107.5,4104.0
2017-12-27 10:46:00,107.6,107.64,107.6,107.64,500.0
2017-12-27 10:49:00,107.5,107.64,107.5,107.63,5300.0
2017-12-27 10:50:00,107.4,107.51,107.37,107.5,11894.0
2017-12-27 10:51:00,107.52,107.61,107.41,107.41,3700.0
2017-12-27 10:52:00,107.59,107.74,107.55,107.55,2600.0
2017-12-27 10:53:00,107.6,107.6,107.57,107.57,200.0
2017-12-27 10:54:00,107.62,107.665,107.61,107.61,2989.0
2017-12-27 10:55:00,107.62,107.62,107.59,107.59,1300.0
2017-12-27 10:56:00,107.31,107.62,107.31,107.62,7984.0
2017-12-27 10:57:00,107.45,107.49,107.34,107.34,4100.0
2017-12-27 10:58:00,107.4,107.45,107.33,107.45,4214.0
2017-12-27 10:59:00,107.49,107.5,107.35,107.4,5710.0
2017-12-27 11:00:00,107.44,107.5,107.4,107.5,2650.0
2017-12-27 11:01:00,107.48,107.48,107.44,107.44,2800.0
2017-12-27 11:02:00,107.44,107.48,107.405,107.48,4545.0
2017-12-27 11:03:00,107.49,107.5,107.45,107.47,1750.0
2017-12-27 11:04:00,107.44,107.48,107.44,107.48,1346.0
2017-12-27 11:05:00,107.41,107.42,107.38,107.39,1600.0
2017-12-27 11:06:00,107.38,107.4,107.38,107.4,700.0
2017-12-27 11:07:00,107.38,107.38,107.38,107.38,500.0
2017-12-27 11:08:00,107.44,107.44,107.38,107.38,419.0
2017-12-27 11:10:00,107.48,107.53,107.44,107.44,2200.0
2017-12-27 11:11:00,107.52,107.61,107.49,107.49,2940.0
2017-12-27 11:12:00,107.445,107.61,107.44,107.61,5346.0
2017-12-27 11:13:00,107.49,107.5,107.46,107.47,1900.0
2017-12-27 11:14:00,107.49,107.49,107.42,107.44,639.0
2017-12-27 11:15:00,107.405,107.51,107.405,107.47,1400.0
2017-12-27 11:16:00,107.41,107.43,107.39,107.43,1300.0
2017-12-27 11:18:00,107.57,107.57,107.42,107.42,1100.0
2017-12-27 11:21:00,107.58,107.58,107.58,107.58,200.0
2017-12-27 11:22:00,107.55,107.55,107.55,107.55,100.0
2017-12-27 11:24:00,107.51,107.6,107.505,107.5263,4238.0
2017-12-27 11:25:00,107.5201,107.53,107.51,107.51,1825.0
2017-12-27 11:27:00,107.57,107.59,107.56,107.58,1415.0
2017-12-27 11:28:00,107.56,107.59,107.53,107.585,4090.0
2017-12-27 11:29:00,107.565,107.5852,107.565,107.5852,500.0
2017-12-27 11:30:00,107.57,107.63,107.53,107.55,1140.0
2017-12-27 11:31:00,107.71,107.71,107.63,107.63,1700.0
2017-12-27 11:32:00,107.64,107.64,107.63,107.64,300.0
2017-12-27 11:33:00,107.66,107.68,107.64,107.64,1225.0
2017-12-27 11:34:00,107.635,107.635,107.635,107.635,100.0
2017-12-27 11:35:00,107.56,107.66,107.54,107.63,5300.0
2017-12-27 11:36:00,107.46,107.52,107.44,107.51,5754.0
2017-12-27 11:37:00,107.4439,107.4439,107.4439,107.4439,100.0
2017-12-27 11:38:00,107.44,107.48,107.44,107.45,2526.0
2017-12-27 11:39:00,107.41,107.45,107.41,107.45,1200.0
2017-12-27 11:40:00,107.35,107.35,107.35,107.35,300.0
2017-12-27 11:42:00,107.355,107.39,107.355,107.39,200.0
2017-12-27 11:43:00,107.3,107.4,107.3,107.345,4572.0
2017-12-27 11:44:00,107.3251,107.3251,107.3251,107.3251,250.0
2017-12-27 11:45:00,107.33,107.33,107.33,107.33,100.0
2017-12-27 11:47:00,107.49,107.495,107.355,107.36,1557.0
2017-12-27 11:48:00,107.54,107.54,107.54,107.54,100.0
2017-12-27 11:49:00,107.525,107.525,107.52,107.52,221.0
2017-12-27 11:50:00,107.46,107.55,107.45,107.55,1500.0
2017-12-27 11:51:00,107.475,107.475,107.475,107.475,100.0
2017-12-27 11:52:00,107.48,107.4863,107.48,107.4863,275.0
2017-12-27 11:54:00,107.42,107.52,107.42,107.51,7491.0
2017-12-27 11:55:00,107.52,107.52,107.43,107.45,1200.0
2017-12-27 11:57:00,107.55,107.55,107.5016,107.545,300.0
2017-12-27 11:58:00,107.555,107.6,107.555,107.58,300.0
2017-12-27 11:59:00,107.565,107.565,107.56,107.56,200.0
2017-12-27 12:00:00,107.57,107.6,107.57,107.59,401.0
2017-12-27 12:01:00,107.47,107.57,107.47,107.55,4800.0
2017-12-27 12:02:00,107.5,107.5,107.46,107.46,850.0
2017-12-27 12:03:00,107.48,107.48,107.48,107.48,100.0
2017-12-27 12:04:00,107.46,107.51,107.46,107.48,1779.0
2017-12-27 12:05:00,107.42,107.46,107.42,107.45,1400.0
2017-12-27 12:06:00,107.48,107.49,107.44,107.47,1100.0
2017-12-27 12:07:00,107.49,107.49,107.49,107.49,200.0
2017-12-27 12:08:00,107.5,107.51,107.5,107.51,600.0
2017-12-27 12:09:00,107.485,107.5,107.485,107.5,200.0
2017-12-27 12:10:00,107.51,107.51,107.51,107.51,100.0
2017-12-27 12:11:00,107.39,107.46,107.39,107.46,2774.0
2017-12-27 12:12:00,107.4,107.4,107.4,107.4,100.0
2017-12-27 12:14:00,107.48,107.48,107.42,107.43,2512.0
2017-12-27 12:15:00,107.4611,107.495,107.4611,107.48,907.0
2017-12-27 12:16:00,107.47,107.47,107.47,107.47,500.0
2017-12-27 12:17:00,107.5,107.5,107.5,107.5,556.0
2017-12-27 12:18:00,107.45,107.51,107.45,107.51,1700.0
2017-12-27 12:19:00,107.445,107.4475,107.43,107.44,1300.0
2017-12-27 12:20:00,107.46,107.46,107.46,107.46,500.0
2017-12-27 12:21:00,107.49,107.49,107.49,107.49,100.0
2017-12-27 12:22:00,107.5,107.5,107.465,107.5,317.0
2017-12-27 12:23:00,107.5,107.5,107.5,107.5,100.0
2017-12-27 12:24:00,107.5,107.5,107.5,107.5,100.0
2017-12-27 12:25:00,107.36,107.53,107.36,107.5,2205.0
2017-12-27 12:28:00,107.33,107.38,107.32,107.38,1979.0
2017-12-27 12:29:00,107.32,107.32,107.3,107.3,200.0
2017-12-27 12:30:00,107.25,107.3,107.25,107.3,2000.0
2017-12-27 12:32:00,107.25,107.28,107.235,107.27,1800.0
2017-12-27 12:33:00,107.25,107.26,107.23,107.25,1200.0
2017-12-27 12:34:00,107.29,107.29,107.275,107.275,225.0
2017-12-27 12:36:00,107.19,107.29,107.19,107.29,1303.0
2017-12-27 12:37:00,107.2,107.22,107.2,107.21,1900.0
2017-12-27 12:38:00,107.22,107.23,107.2,107.2,800.0
2017-12-27 12:39:00,107.22,107.24,107.22,107.24,200.0
2017-12-27 12:40:00,107.21,107.2208,107.2,107.2208,1124.0
2017-12-27 12:41:00,107.2,107.21,107.1908,107.21,1751.0
2017-12-27 12:43:00,107.21,107.21,107.21,107.21,500.0
2017-12-27 12:44:00,107.21,107.24,107.21,107.22,926.0
2017-12-27 12:45:00,107.14,107.19,107.11,107.19,1722.0
2017-12-27 12:46:00,107.16,107.19,107.14,107.16,700.0
2017-12-27 12:47:00,107.16,107.16,107.16,107.16,100.0
2017-12-27 12:48:00,107.21,107.22,107.21,107.22,1100.0
2017-12-27 12:49:00,107.21,107.22,107.2,107.22,1000.0
2017-12-27 12:50:00,107.22,107.22,107.20200000000001,107.22,1300.0
2017-12-27 12:51:00,107.25,107.25,107.22,107.23,600.0
2017-12-27 12:52:00,107.25,107.3288,107.25,107.3288,1452.0
2017-12-27 12:53:00,107.26,107.28,107.26,107.27,796.0
2017-12-27 12:54:00,107.26,107.27,107.26,107.27,401.0
2017-12-27 12:57:00,107.27,107.27,107.27,107.27,600.0
2017-12-27 12:58:00,107.28,107.28,107.27,107.27,300.0
2017-12-27 12:59:00,107.26,107.27,107.25,107.27,2988.0
2017-12-27 13:00:00,107.215,107.26,107.215,107.26,1000.0
2017-12-27 13:01:00,107.18,107.18,107.18,107.18,200.0
2017-12-27 13:03:00,107.19,107.22,107.18,107.19,2200.0
2017-12-27 13:04:00,107.24,107.25,107.2,107.2052,3540.0
2017-12-27 13:05:00,107.24,107.24,107.24,107.24,400.0
2017-12-27 13:06:00,107.2,107.24,107.19,107.24,2875.0
2017-12-27 13:07:00,107.2,107.2,107.2,107.2,200.0
2017-12-27 13:09:00,107.23,107.23,107.21,107.22,500.0
2017-12-27 13:10:00,107.24,107.24,107.215,107.215,400.0
2017-12-27 13:11:00,107.28,107.28,107.23,107.23,1200.0
2017-12-27 13:12:00,107.29,107.31,107.28,107.28,800.0
2017-12-27 13:13:00,107.27,107.38,107.27,107.31,2309.0
2017-12-27 13:15:00,107.31,107.31,107.31,107.31,100.0
2017-12-27 13:17:00,107.3,107.3,107.295,107.295,480.0
2017-12-27 13:18:00,107.28,107.33,107.28,107.32,700.0
2017-12-27 13:19:00,107.37,107.38,107.31,107.31,1789.0
2017-12-27 13:20:00,107.33,107.3692,107.33,107.3692,350.0
2017-12-27 13:21:00,107.215,107.36,107.21,107.36,4312.0
2017-12-27 13:22:00,107.23,107.25,107.19,107.19,900.0
2017-12-27 13:23:00,107.23,107.23,107.23,107.23,400.0
2017-12-27 13:24:00,107.28,107.29,107.23,107.23,1003.0
2017-12-27 13:25:00,107.28,107.29,107.28,107.29,400.0
2017-12-27 13:27:00,107.33,107.33,107.33,107.33,400.0
2017-12-27 13:28:00,107.24,107.28,107.24,107.28,1100.0
2017-12-27 13:29:00,107.2,107.27,107.2,107.26,1800.0
2017-12-27 13:30:00,107.22,107.22,107.22,107.22,1000.0
2017-12-27 13:33:00,107.18,107.26,107.18,107.22,2200.0
2017-12-27 13:34:00,107.17,107.17,107.17,107.17,855.0
2017-12-27 13:35:00,107.17,107.18,107.16,107.17,1200.0
2017-12-27 13:36:00,107.2,107.2,107.17,107.17,700.0
2017-12-27 13:37:00,107.2,107.22,107.17,107.18,400.0
2017-12-27 13:38:00,107.2,107.2,107.1891,107.1891,1350.0
2017-12-27 13:39:00,107.2,107.2,107.2,107.2,500.0
2017-12-27 13:40:00,107.26,107.26,107.2,107.2,300.0
2017-12-27 13:41:00,107.27,107.32,107.26,107.26,1000.0
2017-12-27 13:42:00,107.24,107.3,107.22,107.28,2633.0
2017-12-27 13:44:00,107.215,107.23,107.215,107.22,1540.0
2017-12-27 13:45:00,107.18,107.21,107.16,107.21,1900.0
2017-12-27 13:46:00,107.18,107.18,107.17,107.17,300.0
2017-12-27 13:47:00,107.17,107.2,107.17,107.18,1262.0
2017-12-27 13:48:00,107.1,107.16,107.07,107.16,6716.0
2017-12-27 13:49:00,107.1,107.105,107.1,107.1,1923.0
2017-12-27 13:50:00,107.08,107.08,107.07,107.07,500.0
2017-12-27 13:51:00,107.06,107.0944,107.06,107.08,2261.0
2017-12-27 13:52:00,107.07,107.08,107.07,107.07,1100.0
2017-12-27 13:53:00,107.07,107.07,107.07,107.07,200.0
2017-12-27 13:54:00,107.15,107.16,107.075,107.0775,2200.0
2017-12-27 13:55:00,107.15,107.15,107.15,107.15,400.0
2017-12-27 13:56:00,107.17,107.195,107.15,107.1894,920.0
2017-12-27 13:57:00,107.2,107.2,107.19,107.19,1400.0
2017-12-27 13:58:00,107.215,107.23,107.215,107.215,800.0
2017-12-27 13:59:00,107.26,107.26,107.22,107.23,1510.0
2017-12-27 14:00:00,107.2,107.24,107.19,107.24,3139.0
2017-12-27 14:01:00,107.2014,107.205,107.18,107.19,987.0
2017-12-27 14:02:00,107.23,107.23,107.22,107.22,700.0
2017-12-27 14:04:00,107.235,107.25,107.22,107.22,400.0
2017-12-27 14:05:00,107.13,107.22,107.13,107.22,3729.0
2017-12-27 14:06:00,107.155,107.16,107.15,107.15,2214.0
2017-12-27 14:07:00,107.12,107.14,107.11,107.14,900.0
2017-12-27 14:08:00,107.13,107.13,107.1,107.1,2216.0
2017-12-27 14:10:00,107.1,107.1,107.1,107.1,100.0
2017-12-27 14:11:00,107.095,107.1,107.095,107.1,1153.0
2017-12-27 14:12:00,107.07,107.09,107.07,107.07,440.0
2017-12-27 14:13:00,107.11,107.11,107.08,107.105,1600.0
2017-12-27 14:14:00,107.105,107.105,107.09,107.095,500.0
2017-12-27 14:15:00,107.16,107.17,107.09,107.09,3071.0
2017-12-27 14:16:00,107.09,107.17,107.09,107.16,3744.0
2017-12-27 14:17:00,107.14,107.14,107.1,107.1105,1557.0
2017-12-27 14:18:00,107.155,107.155,107.155,107.155,100.0
2017-12-27 14:20:00,107.16,107.16,107.16,107.16,100.0
2017-12-27 14:21:00,106.97,107.13,106.92,107.13,5501.0
2017-12-27 14:22:00,106.96,106.96,106.94,106.94,300.0
2017-12-27 14:23:00,106.99,106.99,106.94,106.94,200.0
2017-12-27 14:24:00,106.98,106.98,106.94,106.94,300.0
2017-12-27 14:25:00,107.07,107.07,106.99,106.99,2340.0
2017-12-27 14:26:00,107.09,107.09,107.08,107.08,300.0
2017-12-27 14:28:00,107.12,107.12,107.1,107.11,300.0
2017-12-27 14:29:00,107.14,107.14,107.11,107.12,500.0
2017-12-27 14:30:00,107.05,107.13,107.05,107.13,3038.0
2017-12-27 14:31:00,107.05,107.1,107.05,107.08,1400.0
2017-12-27 14:32:00,107.05,107.05,107.05,107.05,100.0
2017-12-27 14:33:00,107.07,107.08,107.055,107.08,300.0
2017-12-27 14:34:00,107.08,107.08,107.08,107.08,100.0
2017-12-27 14:35:00,107.05,107.05,107.05,107.05,300.0
2017-12-27 14:36:00,106.98,107.065,106.98,107.065,2805.0
2017-12-27 14:37:00,107.0152,107.02,106.97,106.97,2732.0
2017-12-27 14:38:00,107.04,107.04,107.02,107.02,200.0
2017-12-27 14:40:00,107.0402,107.05,107.025,107.04,885.0
2017-12-27 14:41:00,107.055,107.07,107.055,107.07,800.0
2017-12-27 14:42:00,107.07,107.07,107.07,107.07,100.0
2017-12-27 14:43:00,106.97,107.04,106.97,107.04,2995.0
2017-12-27 14:44:00,106.99,107.01,106.98,106.98,2265.0
2017-12-27 14:45:00,106.95,107.0,106.93,106.99,2600.0
2017-12-27 14:47:00,107.005,107.005,106.96,106.96,1300.0
2017-12-27 14:50:00,106.93,107.01,106.91,107.01,3775.0
2017-12-27 14:51:00,107.0,107.01,106.98,106.98,1051.0
2017-12-27 14:52:00,107.0,107.005,106.99,106.99,400.0
2017-12-27 14:53:00,107.04,107.04,107.01,107.01,900.0
2017-12-27 14:54:00,107.1,107.1,107.08,107.08,200.0
2017-12-27 14:55:00,107.085,107.11,107.085,107.11,200.0
2017-12-27 14:56:00,107.085,107.085,107.085,107.085,100.0
2017-12-27 14:57:00,107.06,107.11,107.05,107.085,6709.0
2017-12-27 14:58:00,107.14,107.14,107.06,107.06,2100.0
2017-12-27 14:59:00,107.13,107.15,107.13,107.15,1065.0
2017-12-27 15:00:00,107.18,107.18,107.16,107.17,2100.0
2017-12-27 15:01:00,107.11,107.19,107.07,107.19,4119.0
2017-12-27 15:02:00,107.14,107.14,107.115,107.115,867.0
2017-12-27 15:03:00,107.19,107.19,107.16,107.16,608.0
2017-12-27 15:04:00,107.1363,107.17,107.13,107.17,1214.0
2017-12-27 15:05:00,107.15,107.15,107.135,107.14,2100.0
2017-12-27 15:06:00,107.09,107.15,107.09,107.15,2419.0
2017-12-27 15:07:00,107.11,107.12,107.105,107.11,1789.0
2017-12-27 15:08:00,107.12,107.17,107.12,107.13,1900.0
2017-12-27 15:09:00,107.18,107.19,107.11,107.11,2314.0
2017-12-27 15:10:00,107.14,107.17,107.14,107.17,1543.0
2017-12-27 15:11:00,107.08,107.14,107.07,107.13,3433.0
2017-12-27 15:12:00,107.15,107.17,107.095,107.11,2269.0
2017-12-27 15:13:00,107.1831,107.1831,107.1831,107.1831,350.0
2017-12-27 15:14:00,107.1681,107.22,107.14,107.17,2122.0
2017-12-27 15:15:00,107.14,107.15,107.14,107.15,400.0
2017-12-27 15:16:00,107.24,107.24,107.15,107.15,1843.0
2017-12-27 15:17:00,107.215,107.215,107.215,107.215,468.0
2017-12-27 15:18:00,107.205,107.22,107.2,107.22,1430.0
2017-12-27 15:20:00,107.2,107.22,107.2,107.2019,400.0
2017-12-27 15:21:00,107.18,107.24,107.18,107.195,3079.0
2017-12-27 15:22:00,107.18,107.18,107.17,107.17,700.0
2017-12-27 15:23:00,107.16,107.19,107.16,107.19,1954.0
2017-12-27 15:24:00,107.15,107.18,107.14,107.16,4029.0
2017-12-27 15:25:00,107.085,107.14,107.07,107.14,2800.0
2017-12-27 15:26:00,107.095,107.11,107.0786,107.0786,3387.0
2017-12-27 15:27:00,107.05,107.09,107.05,107.09,4480.0
2017-12-27 15:28:00,107.0,107.04,106.98,107.04,11151.0
2017-12-27 15:29:00,106.98,107.0,106.98,107.0,4040.0
2017-12-27 15:30:00,107.0,107.0,106.99,107.0,3278.0
2017-12-27 15:31:00,106.995,107.0,106.985,107.0,6297.0
2017-12-27 15:32:00,106.99,107.0,106.98,107.0,3405.0
2017-12-27 15:33:00,107.0,107.005,106.98,106.98,3299.0
2017-12-27 15:34:00,107.0,107.01,106.9971,107.0,5081.0
2017-12-27 15:35:00,107.0,107.01,107.0,107.0,2069.0
2017-12-27 15:36:00,106.97,107.0,106.965,107.0,5762.0
2017-12-27 15:37:00,107.035,107.04,106.97,106.97,3147.0
2017-12-27 15:38:00,106.985,107.035,106.985,107.035,4280.0
2017-12-27 15:39:00,106.99,107.01,106.99,106.99,3162.0
2017-12-27 15:40:00,106.99,107.0,106.99,107.0,1000.0
2017-12-27 15:41:00,107.0,107.0,106.995,107.0,1779.0
2017-12-27 15:42:00,106.9699,106.99,106.93,106.99,4675.0
2017-12-27 15:43:00,107.01,107.03,107.005,107.01,3702.0
2017-12-27 15:44:00,107.0,107.04,106.99,107.04,6042.0
2017-12-27 15:45:00,107.0,107.015,106.99,107.01,6072.0
2017-12-27 15:46:00,107.06,107.06,106.995,107.0,4500.0
2017-12-27 15:47:00,107.05,107.06,107.0,107.06,8804.0
2017-12-27 15:48:00,107.005,107.035,106.99,107.035,4300.0
2017-12-27 15:49:00,107.0,107.01,106.99,107.005,10663.0
2017-12-27 15:50:00,107.0,107.01,106.99,107.01,8851.0
2017-12-27 15:51:00,107.025,107.04,107.0,107.0,8856.0
2017-12-27 15:52:00,107.06,107.06,107.01,107.01,7461.0
2017-12-27 15:53:00,107.07,107.07,107.055,107.055,2157.0
2017-12-27 15:54:00,107.02,107.12,106.985,107.065,16235.0
2017-12-27 15:55:00,107.035,107.035,106.995,107.02,5500.0
2017-12-27 15:56:00,107.0,107.05,106.97,107.035,11661.0
2017-12-27 15:57:00,107.03,107.03,106.99,107.0,6804.0
2017-12-27 15:58:00,107.01,107.02,106.99,107.02,9182.0
2017-12-27 15:59:00,107.02,107.05,106.99,107.0,14437.0
2017-12-27 16:00:00,107.07,107.12,106.99,107.01,21857.0
2017-12-28 09:30:00,106.56,106.56,106.56,106.56,4264.0
2017-12-28 09:31:00,107.005,107.005,106.84,106.84,869.0
2017-12-28 09:32:00,107.16,107.16,106.97,106.985,1200.0
2017-12-28 09:33:00,106.905,107.06,106.84,107.06,2200.0
2017-12-28 09:34:00,106.79,106.9,106.79,106.9,1300.0
2017-12-28 09:35:00,106.78,106.855,106.78,106.855,600.0
2017-12-28 09:36:00,106.85,106.85,106.85,106.85,100.0
2017-12-28 09:37:00,106.67,106.78,106.67,106.78,1100.0
2017-12-28 09:38:00,106.645,106.7,106.645,106.69,2600.0
2017-12-28 09:39:00,106.735,106.775,106.69,106.69,1000.0
2017-12-28 09:40:00,106.65,106.78,106.58,106.78,2220.0
2017-12-28 09:41:00,106.44,106.55,106.44,106.55,800.0
2017-12-28 09:42:00,106.47,106.475,106.44,106.44,400.0
2017-12-28 09:43:00,106.275,106.47,106.18,106.47,2425.0
2017-12-28 09:44:00,106.41,106.41,106.32,106.33,2700.0
2017-12-28 09:45:00,106.44,106.51,106.425,106.44,600.0
2017-12-28 09:46:00,106.645,106.65,106.44,106.44,2226.0
2017-12-28 09:47:00,106.5,106.61,106.495,106.61,1600.0
2017-12-28 09:48:00,106.47,106.5,106.43,106.495,1700.0
2017-12-28 09:49:00,106.42,106.52,106.4,106.52,4728.0
2017-12-28 09:50:00,106.41,106.41,106.41,106.41,200.0
2017-12-28 09:51:00,106.36,106.36,106.36,106.36,100.0
2017-12-28 09:52:00,106.24,106.36,106.24,106.36,1600.0
2017-12-28 09:53:00,106.37,106.38,106.24,106.265,2139.0
2017-12-28 09:54:00,106.37,106.37,106.355,106.355,231.0
2017-12-28 09:55:00,106.4,106.4,106.32,106.37,4200.0
2017-12-28 09:56:00,106.41,106.41,106.36,106.39,2600.0
2017-12-28 09:57:00,106.4126,106.4126,106.41,106.41,447.0
2017-12-28 09:58:00,106.36,106.37,106.36,106.37,300.0
2017-12-28 09:59:00,106.43,106.45,106.36,106.4,3700.0
2017-12-28 10:00:00,106.515,106.53,106.43,106.43,7694.0
2017-12-28 10:01:00,106.645,106.65,106.53,106.53,4279.0
2017-12-28 10:02:00,106.615,106.72,106.53,106.68,8574.0
2017-12-28 10:03:00,106.55,106.65,106.55,106.65,1178.0
2017-12-28 10:04:00,106.6,106.6,106.5416,106.5416,300.0
2017-12-28 10:06:00,106.56,106.59,106.54,106.58,2535.0
2017-12-28 10:07:00,106.5,106.54,106.5,106.54,1201.0
2017-12-28 10:08:00,106.4,106.5,106.4,106.5,5817.0
2017-12-28 10:09:00,106.38,106.45,106.38,106.44,2250.0
2017-12-28 10:10:00,106.43,106.455,106.38,106.41,1600.0
2017-12-28 10:11:00,106.46,106.46,106.34,106.39,6765.0
2017-12-28 10:12:00,106.44,106.48,106.43,106.46,1200.0
2017-12-28 10:13:00,106.41,106.41,106.41,106.41,200.0
2017-12-28 10:14:00,106.36,106.47,106.36,106.45,10875.0
2017-12-28 10:16:00,106.27,106.34,106.16,106.34,7092.0
2017-12-28 10:17:00,106.29,106.31,106.25,106.265,3200.0
2017-12-28 10:18:00,106.33,106.33,106.33,106.33,100.0
2017-12-28 10:19:00,106.25,106.27,106.25,106.27,1400.0
2017-12-28 10:20:00,106.2,106.25,106.2,106.25,4020.0
2017-12-28 10:22:00,106.04,106.18,106.04,106.18,2039.0
2017-12-28 10:23:00,106.03,106.08,106.02,106.06,1919.0
2017-12-28 10:24:00,106.0,106.01,106.0,106.01,965.0
2017-12-28 10:25:00,106.0,106.03,105.9247,105.93,4161.0
2017-12-28 10:26:00,105.98,106.02,105.98,106.0,800.0
2017-12-28 10:27:00,106.0,106.04,106.0,106.03,1675.0
2017-12-28 10:28:00,106.06,106.06,106.02,106.02,1288.0
2017-12-28 10:29:00,106.055,106.055,106.055,106.055,100.0
2017-12-28 10:30:00,105.97,106.08,105.97,106.06,2862.0
2017-12-28 10:31:00,106.0,106.03,105.93,105.95,1500.0
2017-12-28 10:32:00,106.01,106.01,105.99,106.01,1600.0
2017-12-28 10:34:00,105.965,105.98,105.93,105.98,5050.0
2017-12-28 10:35:00,105.925,106.03,105.91,105.99,5100.0
2017-12-28 10:36:00,105.88,105.925,105.87,105.87,550.0
2017-12-28 10:37:00,105.87,105.88,105.87,105.87,300.0
2017-12-28 10:38:00,106.01,106.01,105.95,105.95,2100.0
2017-12-28 10:39:00,106.07,106.07,106.03,106.06,900.0
2017-12-28 10:40:00,106.11,106.11,106.11,106.11,200.0
2017-12-28 10:41:00,106.16,106.17,106.16,106.16,600.0
2017-12-28 10:42:00,106.1,106.13,106.1,106.11,3313.0
2017-12-28 10:43:00,106.12,106.13,106.03,106.1,4363.0
2017-12-28 10:44:00,105.95,106.14,105.91,106.14,6950.0
2017-12-28 10:45:00,105.96,106.02,105.96,106.02,1200.0
2017-12-28 10:46:00,105.985,105.985,105.985,105.985,200.0
2017-12-28 10:47:00,105.96,105.985,105.91,105.95100000000001,1400.0
2017-12-28 10:48:00,105.91,105.97,105.91,105.97,1650.0
2017-12-28 10:50:00,105.93,105.93,105.93,105.93,100.0
2017-12-28 10:51:00,105.9035,105.9035,105.9035,105.9035,132.0
2017-12-28 10:52:00,105.905,105.94,105.905,105.94,200.0
2017-12-28 10:54:00,105.96,105.97,105.92,105.92,2402.0
2017-12-28 10:55:00,105.98,105.98,105.98,105.98,100.0
2017-12-28 10:57:00,105.97,105.97,105.97,105.97,600.0
2017-12-28 10:58:00,105.98,105.98,105.97,105.97,600.0
2017-12-28 10:59:00,105.985,106.01,105.98,105.99,701.0
2017-12-28 11:00:00,106.075,106.075,105.95,105.97,2450.0
2017-12-28 11:01:00,106.085,106.12,106.08,106.08,1200.0
2017-12-28 11:02:00,106.03,106.09,105.99,106.09,2578.0
2017-12-28 11:03:00,105.905,106.02,105.9,106.0,2309.0
2017-12-28 11:04:00,105.915,105.915,105.915,105.915,200.0
2017-12-28 11:06:00,105.9,105.912,105.9,105.912,223.0
2017-12-28 11:07:00,105.83,105.91,105.83,105.91,6781.0
2017-12-28 11:08:00,105.8,105.81,105.8,105.807,501.0
2017-12-28 11:09:00,105.83,105.83,105.83,105.83,100.0
2017-12-28 11:10:00,105.995,106.0106,105.83,105.83,2757.0
2017-12-28 11:11:00,106.055,106.055,106.0,106.0,1100.0
2017-12-28 11:12:00,105.84,106.14,105.84,106.135,3200.0
2017-12-28 11:13:00,105.885,105.89399999999999,105.885,105.89399999999999,300.0
2017-12-28 11:14:00,105.88,105.88,105.88,105.88,200.0
2017-12-28 11:15:00,105.71,105.85,105.71,105.85,7500.0
2017-12-28 11:16:00,105.86,105.86,105.78,105.78,1200.0
2017-12-28 11:17:00,105.76,105.86,105.74,105.86,1500.0
2017-12-28 11:18:00,105.82,105.91,105.71,105.71,3183.0
2017-12-28 11:19:00,105.765,105.92,105.66,105.89,6600.0
2017-12-28 11:20:00,105.82,105.82,105.74,105.74,900.0
2017-12-28 11:21:00,105.595,105.81,105.55,105.81,3937.0
2017-12-28 11:22:00,105.915,105.915,105.65,105.65,17497.0
2017-12-28 11:23:00,105.8558,105.9386,105.81,105.87,1210.0
2017-12-28 11:24:00,105.845,105.85,105.845,105.85,20100.0
2017-12-28 11:25:00,105.935,105.96,105.78,105.81,3200.0
2017-12-28 11:26:00,105.79,105.88,105.79,105.88,1200.0
2017-12-28 11:29:00,105.64,105.72,105.64,105.72,900.0
2017-12-28 11:30:00,105.69,105.69,105.65,105.68,1700.0
2017-12-28 11:31:00,105.71,105.71,105.66,105.695,1805.0
2017-12-28 11:32:00,105.78,105.78,105.69,105.71,4200.0
2017-12-28 11:33:00,105.735,105.735,105.72,105.72,300.0
2017-12-28 11:34:00,105.68,105.76,105.68,105.76,1100.0
2017-12-28 11:35:00,105.75,105.75,105.705,105.705,1556.0
2017-12-28 11:36:00,105.79,105.79,105.79,105.79,100.0
2017-12-28 11:37:00,105.745,105.77,105.72,105.77,1968.0
2017-12-28 11:38:00,105.85,105.85,105.77,105.77,3300.0
2017-12-28 11:40:00,105.82,105.9,105.82,105.855,1500.0
2017-12-28 11:41:00,105.83,105.84,105.83,105.84,200.0
2017-12-28 11:42:00,105.86,105.88,105.84,105.84,1500.0
2017-12-28 11:43:00,105.78,105.84,105.75,105.84,3600.0
2017-12-28 11:44:00,105.74,105.7691,105.74,105.76,2476.0
2017-12-28 11:45:00,105.85,105.85,105.77,105.77,1200.0
2017-12-28 11:46:00,105.84,105.84,105.81,105.82,500.0
2017-12-28 11:47:00,105.85,105.85,105.8,105.8,800.0
2017-12-28 11:48:00,105.87,105.87,105.85,105.85,400.0
2017-12-28 11:49:00,105.85,105.90299999999999,105.85,105.90299999999999,300.0
2017-12-28 11:53:00,105.84,105.91,105.79,105.88,6825.0
2017-12-28 11:54:00,105.8,105.83,105.795,105.83,1466.0
2017-12-28 11:56:00,105.8399,105.8399,105.8399,105.8399,100.0
2017-12-28 11:57:00,105.73,105.8,105.73,105.8,1600.0
2017-12-28 11:58:00,105.775,105.78,105.755,105.77,1400.0
2017-12-28 11:59:00,105.81,105.9,105.79,105.81,8700.0
2017-12-28 12:00:00,105.825,105.855,105.81,105.855,700.0
2017-12-28 12:01:00,105.75,105.8,105.75,105.8,890.0
2017-12-28 12:02:00,105.785,105.8,105.78,105.79,1600.0
2017-12-28 12:03:00,105.7628,105.78,105.73,105.77,2064.0
2017-12-28 12:04:00,105.77,105.84,105.77,105.7856,2831.0
2017-12-28 12:06:00,105.84,105.85,105.81,105.83,1569.0
2017-12-28 12:07:00,105.87,105.88,105.855,105.88,500.0
2017-12-28 12:08:00,105.885,105.99,105.8701,105.89,2005.0
2017-12-28 12:09:00,105.82,105.89,105.79,105.89,4200.0
2017-12-28 12:10:00,105.83,105.86,105.81,105.81,1200.0
2017-12-28 12:11:00,105.85,105.87,105.85,105.87,600.0
2017-12-28 12:12:00,105.85,105.88,105.85,105.85,970.0
2017-12-28 12:13:00,105.88,105.88,105.88,105.88,100.0
2017-12-28 12:14:00,105.84,105.84,105.79,105.83,2222.0
2017-12-28 12:15:00,105.85,105.86,105.81,105.86,1300.0
2017-12-28 12:16:00,105.81,105.831,105.81,105.831,700.0
2017-12-28 12:17:00,105.85,105.85,105.85,105.85,300.0
2017-12-28 12:18:00,105.805,105.85,105.79,105.85,2300.0
2017-12-28 12:19:00,105.82,105.82,105.8,105.8,1580.0
2017-12-28 12:20:00,105.79,105.79,105.78,105.78,1500.0
2017-12-28 12:21:00,105.77,105.8398,105.77,105.79,2000.0
2017-12-28 12:22:00,105.74,105.81,105.74,105.81,1600.0
2017-12-28 12:23:00,105.73,105.73,105.73,105.73,200.0
2017-12-28 12:24:00,105.7465,105.77,105.7465,105.75,607.0
2017-12-28 12:25:00,105.73,105.73,105.73,105.73,100.0
2017-12-28 12:26:00,105.8,105.8163,105.77,105.77,1200.0
2017-12-28 12:27:00,105.71,105.76,105.71,105.76,800.0
2017-12-28 12:29:00,105.74,105.76,105.69,105.69,1000.0
2017-12-28 12:30:00,105.74,105.76,105.71,105.76,2100.0
2017-12-28 12:31:00,105.75,105.75,105.74,105.74,200.0
2017-12-28 12:32:00,105.8,105.84,105.8,105.84,1300.0
2017-12-28 12:37:00,105.87,105.87,105.87,105.87,300.0
2017-12-28 12:38:00,105.82,105.83,105.8,105.81,1930.0
2017-12-28 12:39:00,105.85,105.85,105.82,105.82,800.0
2017-12-28 12:41:00,105.85,105.85,105.85,105.85,500.0
2017-12-28 12:42:00,105.8,105.87,105.8,105.85,4598.0
2017-12-28 12:43:00,105.8105,105.815,105.81,105.81,300.0
2017-12-28 12:44:00,105.8,105.8,105.77,105.8,2100.0
2017-12-28 12:45:00,105.8,105.8,105.77,105.78,1100.0
2017-12-28 12:47:00,105.79,105.79,105.79,105.79,400.0
2017-12-28 12:49:00,105.76,105.81,105.76,105.78,2300.0
2017-12-28 12:50:00,105.81,105.81,105.79,105.79,600.0
2017-12-28 12:51:00,105.815,105.84,105.815,105.84,200.0
2017-12-28 12:52:00,105.83,105.83,105.82,105.82,200.0
2017-12-28 12:53:00,105.82,105.83,105.82,105.83,1104.0
2017-12-28 12:54:00,105.81,105.81,105.81,105.81,100.0
2017-12-28 12:56:00,105.83,105.83,105.8192,105.8192,838.0
2017-12-28 12:57:00,105.85,105.85,105.85,105.85,100.0
2017-12-28 12:59:00,105.86,105.86,105.86,105.86,100.0
2017-12-28 13:01:00,105.845,105.85,105.845,105.85,1300.0
2017-12-28 13:02:00,105.85,105.85,105.85,105.85,100.0
2017-12-28 13:03:00,105.83,105.85,105.83,105.85,3113.0
2017-12-28 13:04:00,105.85,105.85,105.83,105.83,2219.0
2017-12-28 13:05:00,105.86,105.86,105.85,105.86,800.0
2017-12-28 13:06:00,105.85,105.86,105.83,105.84100000000001,2600.0
2017-12-28 13:07:00,105.83,105.83,105.81,105.83,2300.0
2017-12-28 13:08:00,105.87,105.87,105.83,105.83,1100.0
2017-12-28 13:09:00,105.86,105.86,105.82,105.86,3016.0
2017-12-28 13:12:00,105.89,105.89,105.855,105.86,2500.0
2017-12-28 13:13:00,105.8,105.87,105.8,105.87,3576.0
2017-12-28 13:14:00,105.87,105.87,105.81,105.81,1300.0
2017-12-28 13:15:00,105.88,105.885,105.88,105.885,200.0
2017-12-28 13:16:00,105.78,105.84,105.78,105.84,1194.0
2017-12-28 13:17:00,105.76700000000001,105.76700000000001,105.76,105.76,759.0
2017-12-28 13:18:00,105.8,105.8,105.76,105.78,500.0
2017-12-28 13:19:00,105.83,105.83,105.81,105.81,200.0
2017-12-28 13:20:00,105.795,105.8,105.795,105.8,804.0
2017-12-28 13:21:00,105.85,105.85,105.795,105.81,1800.0
2017-12-28 13:23:00,105.8,105.84,105.79,105.84,1895.0
2017-12-28 13:24:00,105.84,105.84,105.8,105.8,600.0
2017-12-28 13:25:00,105.78,105.85,105.76,105.85,3426.0
2017-12-28 13:26:00,105.865,105.88,105.82,105.83,1100.0
2017-12-28 13:30:00,105.9116,105.9116,105.9116,105.9116,156.0
2017-12-28 13:31:00,105.89,105.94,105.89,105.915,2100.0
2017-12-28 13:32:00,105.85,105.92,105.85,105.92,2900.0
2017-12-28 13:33:00,105.86,105.89,105.8,105.83,3800.0
2017-12-28 13:34:00,105.845,105.87,105.81,105.87,4980.0
2017-12-28 13:35:00,105.845,105.845,105.845,105.845,200.0
2017-12-28 13:37:00,105.83,105.8525,105.83,105.8525,1315.0
2017-12-28 13:38:00,105.79,105.835,105.79,105.82,5156.0
2017-12-28 13:39:00,105.805,105.81,105.795,105.8,1200.0
2017-12-28 13:40:00,105.8,105.815,105.79,105.815,400.0
2017-12-28 13:41:00,105.8,105.81,105.8,105.8,700.0
2017-12-28 13:42:00,105.8,105.81,105.8,105.8,700.0
2017-12-28 13:43:00,105.8,105.81,105.78,105.8,2200.0
2017-12-28 13:44:00,105.77,105.8125,105.76,105.8,2500.0
2017-12-28 13:45:00,105.755,105.79,105.755,105.78,2183.0
2017-12-28 13:46:00,105.78,105.78,105.78,105.78,800.0
2017-12-28 13:47:00,105.775,105.775,105.775,105.775,100.0
2017-12-28 13:48:00,105.82,105.82,105.77,105.77,1300.0
2017-12-28 13:49:00,105.82,105.82,105.82,105.82,200.0
2017-12-28 13:50:00,105.825,105.84,105.82,105.83,600.0
2017-12-28 13:51:00,105.75,105.81,105.73,105.81,3400.0
2017-12-28 13:52:00,105.81,105.81,105.76,105.78,800.0
2017-12-28 13:53:00,105.845,105.845,105.845,105.845,100.0
2017-12-28 13:54:00,105.82,105.85,105.82,105.85,700.0
2017-12-28 13:55:00,105.81,105.81,105.81,105.81,700.0
2017-12-28 13:56:00,105.8101,105.82,105.8,105.81,1100.0
2017-12-28 13:57:00,105.79,105.8,105.79,105.8,400.0
2017-12-28 13:58:00,105.81,105.81,105.795,105.795,800.0
2017-12-28 13:59:00,105.8,105.815,105.8,105.81,3400.0
2017-12-28 14:00:00,105.815,105.8399,105.78,105.82,6209.0
2017-12-28 14:01:00,105.85,105.85,105.79,105.8084,1600.0
2017-12-28 14:02:00,105.85,105.85,105.84,105.85,300.0
2017-12-28 14:03:00,105.84,105.84,105.84,105.84,600.0
2017-12-28 14:04:00,105.88,105.89,105.85,105.86,2400.0
2017-12-28 14:05:00,105.82,105.86,105.82,105.86,4800.0
2017-12-28 14:06:00,105.83,105.85,105.825,105.825,1500.0
2017-12-28 14:07:00,105.8,105.845,105.68,105.845,5291.0
2017-12-28 14:08:00,105.81,105.815,105.8,105.8,700.0
2017-12-28 14:09:00,105.755,105.815,105.755,105.81,1700.0
2017-12-28 14:13:00,105.77,105.77,105.77,105.77,100.0
2017-12-28 14:14:00,105.8,105.8,105.79899999999999,105.79899999999999,967.0
2017-12-28 14:15:00,105.785,105.785,105.735,105.75,5329.0
2017-12-28 14:16:00,105.77,105.785,105.77,105.785,1000.0
2017-12-28 14:17:00,105.77,105.77,105.75,105.751,700.0
2017-12-28 14:18:00,105.75,105.77,105.75,105.75,800.0
2017-12-28 14:19:00,105.76,105.76,105.75,105.75,500.0
2017-12-28 14:20:00,105.74,105.765,105.74,105.75,1600.0
2017-12-28 14:22:00,105.745,105.745,105.745,105.745,100.0
2017-12-28 14:24:00,105.755,105.77,105.75,105.755,1600.0
2017-12-28 14:25:00,105.73,105.75,105.71,105.74,3578.0
2017-12-28 14:26:00,105.78,105.78,105.7,105.71,2200.0
2017-12-28 14:27:00,105.7889,105.7889,105.7889,105.7889,330.0
2017-12-28 14:28:00,105.76,105.78,105.76,105.7788,993.0
2017-12-28 14:30:00,105.75,105.75,105.75,105.75,100.0
2017-12-28 14:31:00,105.77,105.77,105.77,105.77,100.0
2017-12-28 14:32:00,105.75,105.79,105.75,105.79,1000.0
2017-12-28 14:33:00,105.71,105.79,105.71,105.77,5696.0
2017-12-28 14:34:00,105.7,105.71,105.68,105.68,3108.0
2017-12-28 14:35:00,105.67,105.6845,105.67,105.67,500.0
2017-12-28 14:36:00,105.7,105.7,105.68,105.68,2300.0
2017-12-28 14:37:00,105.7,105.7,105.6932,105.7,1903.0
2017-12-28 14:38:00,105.71,105.725,105.71,105.725,361.0
2017-12-28 14:39:00,105.7125,105.715,105.7,105.7,1000.0
2017-12-28 14:40:00,105.7,105.725,105.7,105.725,200.0
2017-12-28 14:41:00,105.69,105.7196,105.69,105.7196,878.0
2017-12-28 14:42:00,105.66,105.68,105.66,105.68,912.0
2017-12-28 14:44:00,105.71,105.72,105.67,105.67,1100.0
2017-12-28 14:46:00,105.71,105.75,105.7,105.71,700.0
2017-12-28 14:48:00,105.72,105.76,105.72,105.76,1915.0
2017-12-28 14:49:00,105.72,105.74,105.72,105.74,2796.0
2017-12-28 14:50:00,105.7,105.72,105.69,105.72,2400.0
2017-12-28 14:51:00,105.69,105.7,105.66,105.69,2814.0
2017-12-28 14:52:00,105.685,105.685,105.685,105.685,600.0
2017-12-28 14:53:00,105.68,105.69,105.67,105.68,2370.0
2017-12-28 14:54:00,105.66,105.69,105.66,105.69,1450.0
2017-12-28 14:55:00,105.64,105.64,105.64,105.64,684.0
2017-12-28 14:56:00,105.64,105.65,105.61,105.61,1791.0
2017-12-28 14:57:00,105.65,105.66,105.64,105.64,1317.0
2017-12-28 14:58:00,105.63,105.66,105.63,105.66,1200.0
2017-12-28 14:59:00,105.635,105.635,105.635,105.635,100.0
2017-12-28 15:00:00,105.65,105.67,105.64,105.64,2326.0
2017-12-28 15:01:00,105.64,105.64,105.64,105.64,200.0
2017-12-28 15:02:00,105.6,105.64,105.6,105.64,3501.0
2017-12-28 15:03:00,105.66,105.66,105.56,105.6,5000.0
2017-12-28 15:04:00,105.625,105.625,105.625,105.625,200.0
2017-12-28 15:05:00,105.66,105.66,105.625,105.625,400.0
2017-12-28 15:06:00,105.6075,105.66,105.5901,105.6,938.0
2017-12-28 15:07:00,105.62,105.62,105.615,105.615,500.0
2017-12-28 15:08:00,105.62,105.63,105.62,105.62,2876.0
2017-12-28 15:09:00,105.66,105.66,105.55,105.62,7151.0
2017-12-28 15:10:00,105.62,105.62,105.62,105.62,100.0
2017-12-28 15:11:00,105.6,105.62,105.59,105.61,1700.0
2017-12-28 15:12:00,105.62,105.62,105.62,105.62,300.0
2017-12-28 15:13:00,105.62,105.62,105.62,105.62,500.0
2017-12-28 15:14:00,105.62,105.62,105.62,105.62,200.0
2017-12-28 15:15:00,105.615,105.63,105.6,105.6,500.0
2017-12-28 15:16:00,105.55,105.6,105.55,105.6,6600.0
2017-12-28 15:17:00,105.55,105.56,105.53,105.55,2200.0
2017-12-28 15:18:00,105.55,105.5648,105.55,105.5648,2300.0
2017-12-28 15:19:00,105.53,105.5675,105.53,105.5675,600.0
2017-12-28 15:20:00,105.52,105.54,105.52,105.54,3238.0
2017-12-28 15:21:00,105.525,105.525,105.525,105.525,400.0
2017-12-28 15:22:00,105.49,105.525,105.49,105.525,3861.0
2017-12-28 15:23:00,105.48,105.5,105.47,105.49,3200.0
2017-12-28 15:24:00,105.48,105.49,105.48,105.49,599.0
2017-12-28 15:25:00,105.52,105.535,105.49,105.49,1600.0
2017-12-28 15:26:00,105.5425,105.555,105.53,105.54,900.0
2017-12-28 15:27:00,105.49,105.52,105.485,105.52,4203.0
2017-12-28 15:28:00,105.4801,105.495,105.48,105.49,3024.0
2017-12-28 15:29:00,105.485,105.485,105.485,105.485,300.0
2017-12-28 15:30:00,105.4898,105.49,105.48,105.485,1000.0
2017-12-28 15:31:00,105.42,105.485,105.41,105.485,6403.0
2017-12-28 15:32:00,105.46,105.46,105.41,105.41,8632.0
2017-12-28 15:33:00,105.515,105.515,105.47,105.47,1400.0
2017-12-28 15:34:00,105.53,105.53,105.515,105.515,500.0
2017-12-28 15:35:00,105.525,105.54,105.52,105.52,900.0
2017-12-28 15:36:00,105.465,105.5325,105.455,105.5325,8234.0
2017-12-28 15:37:00,105.455,105.46,105.44,105.46,4350.0
2017-12-28 15:38:00,105.52,105.54,105.455,105.455,4557.0
2017-12-28 15:39:00,105.585,105.585,105.54,105.54,1300.0
2017-12-28 15:40:00,105.59,105.5911,105.5601,105.5911,1433.0
2017-12-28 15:41:00,105.56,105.5999,105.56,105.585,8440.0
2017-12-28 15:42:00,105.52,105.55,105.5,105.55,7150.0
2017-12-28 15:43:00,105.52,105.52,105.51,105.52,4014.0
2017-12-28 15:44:00,105.53,105.545,105.52,105.53,2684.0
2017-12-28 15:45:00,105.525,105.54,105.51,105.5301,14088.0
2017-12-28 15:46:00,105.51,105.54,105.51,105.515,9705.0
2017-12-28 15:47:00,105.5,105.51,105.4701,105.505,8631.0
2017-12-28 15:48:00,105.46,105.49,105.4501,105.49,4712.0
2017-12-28 15:49:00,105.5064,105.53,105.43,105.46,9475.0
2017-12-28 15:50:00,105.49,105.5,105.4548,105.4914,5082.0
2017-12-28 15:51:00,105.52,105.53,105.47,105.47,8689.0
2017-12-28 15:52:00,105.51,105.53,105.49,105.525,10017.0
2017-12-28 15:53:00,105.48,105.53,105.46,105.52,12324.0
2017-12-28 15:54:00,105.5,105.52,105.48,105.5,10835.0
2017-12-28 15:55:00,105.58,105.62,105.5,105.5,22072.0
2017-12-28 15:56:00,105.6,105.615,105.57,105.57,8600.0
2017-12-28 15:57:00,105.61,105.69,105.59,105.6,11843.0
2017-12-28 15:58:00,105.64,105.655,105.56,105.61,10394.0
2017-12-28 15:59:00,105.65,105.68,105.61,105.64,11403.0
2017-12-28 16:00:00,105.63,105.7,105.62,105.65,47484.0
2017-12-29 09:30:00,105.97,105.97,105.97,105.97,4928.0
2017-12-29 09:31:00,105.945,105.945,105.915,105.915,400.0
2017-12-29 09:32:00,106.33,106.415,105.98,105.98,900.0
2017-12-29 09:33:00,106.43,106.43,106.23,106.23,2300.0
2017-12-29 09:34:00,106.2,106.2,106.1152,106.1152,200.0
2017-12-29 09:35:00,106.37,106.37,106.195,106.195,400.0
2017-12-29 09:36:00,106.1,106.1,105.76,106.08,4300.0
2017-12-29 09:37:00,105.63,106.1,105.63,106.0448,2691.0
2017-12-29 09:38:00,105.8676,105.8676,105.83,105.84,2200.0
2017-12-29 09:39:00,105.65,105.8,105.63,105.8,2800.0
2017-12-29 09:40:00,105.71,105.78,105.65,105.65,1900.0
2017-12-29 09:43:00,105.725,105.79,105.64,105.76,3832.0
2017-12-29 09:44:00,105.69,105.69,105.69,105.69,200.0
2017-12-29 09:45:00,105.695,105.695,105.66,105.69,3443.0
2017-12-29 09:46:00,105.7,105.74,105.66,105.66,3821.0
2017-12-29 09:47:00,105.655,105.66,105.61,105.64,1700.0
2017-12-29 09:48:00,105.575,105.65,105.51,105.61,1900.0
2017-12-29 09:49:00,105.53,105.61,105.53,105.53,3390.0
2017-12-29 09:50:00,105.36200000000001,105.55,105.36200000000001,105.55,2405.0
2017-12-29 09:51:00,105.29,105.34,105.29,105.34,200.0
2017-12-29 09:52:00,105.28,105.3255,105.28,105.3255,1100.0
2017-12-29 09:53:00,105.35,105.385,105.3358,105.36,1662.0
2017-12-29 09:55:00,105.35,105.415,105.35,105.36,300.0
2017-12-29 09:56:00,105.35,105.42,105.35,105.36,309.0
2017-12-29 09:57:00,105.38,105.479,105.38,105.415,400.0
2017-12-29 09:58:00,105.41,105.41,105.35,105.405,4039.0
2017-12-29 09:59:00,105.44,105.53,105.36,105.36,10801.0
2017-12-29 10:00:00,105.44,105.485,105.44,105.485,611.0
2017-12-29 10:01:00,105.51,105.51,105.41,105.41,1800.0
2017-12-29 10:03:00,105.56,105.58,105.56,105.58,200.0
2017-12-29 10:04:00,105.6,105.6,105.56,105.56,800.0
2017-12-29 10:05:00,105.58,105.58,105.5,105.5,600.0
2017-12-29 10:06:00,105.62,105.62,105.6,105.6,932.0
2017-12-29 10:07:00,105.63,105.63,105.63,105.63,100.0
2017-12-29 10:08:00,105.63,105.65,105.63,105.65,300.0
2017-12-29 10:09:00,105.67,105.67,105.635,105.635,412.0
2017-12-29 10:11:00,105.655,105.69,105.655,105.68,3048.0
2017-12-29 10:12:00,105.63,105.655,105.63,105.655,751.0
2017-12-29 10:13:00,105.69,105.69,105.6654,105.6654,1763.0
2017-12-29 10:14:00,105.66,105.69,105.66,105.69,200.0
2017-12-29 10:15:00,105.48,105.66,105.45,105.63,10806.0
2017-12-29 10:17:00,105.52,105.54,105.475,105.48,1816.0
2017-12-29 10:18:00,105.525,105.525,105.525,105.525,200.0
2017-12-29 10:19:00,105.535,105.57,105.53,105.53,600.0
2017-12-29 10:20:00,105.42,105.53,105.38,105.53,3909.0
2017-12-29 10:21:00,105.49,105.49,105.46,105.46,1154.0
2017-12-29 10:22:00,105.39,105.49,105.39,105.42,4776.0
2017-12-29 10:23:00,105.4,105.46,105.4,105.46,254.0
2017-12-29 10:24:00,105.415,105.415,105.4,105.4,400.0
2017-12-29 10:25:00,105.45,105.45,105.39,105.42,2083.0
2017-12-29 10:26:00,105.45,105.46,105.44,105.45,700.0
2017-12-29 10:27:00,105.52,105.52,105.46,105.46,600.0
2017-12-29 10:28:00,105.49,105.49,105.45,105.46,2451.0
2017-12-29 10:29:00,105.49,105.49,105.49,105.49,200.0
2017-12-29 10:30:00,105.52,105.52,105.485,105.49,652.0
2017-12-29 10:32:00,105.58,105.58,105.47,105.52,1659.0
2017-12-29 10:33:00,105.63,105.63,105.6,105.61,300.0
2017-12-29 10:34:00,105.595,105.595,105.595,105.595,100.0
2017-12-29 10:35:00,105.595,105.595,105.595,105.595,300.0
2017-12-29 10:37:00,105.605,105.605,105.56,105.56,200.0
2017-12-29 10:38:00,105.61,105.61,105.585,105.585,3000.0
2017-12-29 10:39:00,105.64,105.64,105.585,105.61,3500.0
2017-12-29 10:40:00,105.56,105.64,105.53,105.6279,6431.0
2017-12-29 10:41:00,105.55,105.56,105.5,105.5,797.0
2017-12-29 10:42:00,105.62,105.62,105.58,105.58,400.0
2017-12-29 10:43:00,105.56,105.59,105.56,105.57,800.0
2017-12-29 10:44:00,105.61,105.61,105.58,105.58,1269.0
2017-12-29 10:45:00,105.57,105.57,105.57,105.57,800.0
2017-12-29 10:46:00,105.555,105.58,105.555,105.57,1120.0
2017-12-29 10:48:00,105.5846,105.6,105.58,105.58,472.0
2017-12-29 10:49:00,105.5,105.56,105.5,105.56,2454.0
2017-12-29 10:50:00,105.505,105.505,105.505,105.505,257.0
2017-12-29 10:51:00,105.53,105.53,105.53,105.53,100.0
2017-12-29 10:53:00,105.52,105.54,105.505,105.505,1593.0
2017-12-29 10:54:00,105.59,105.59,105.565,105.565,200.0
2017-12-29 10:55:00,105.49,105.54,105.49,105.54,2954.0
2017-12-29 10:57:00,105.44,105.48,105.40100000000001,105.48,4400.0
2017-12-29 10:58:00,105.49,105.49,105.44,105.44,3182.0
2017-12-29 10:59:00,105.49,105.49,105.47,105.4808,2300.0
2017-12-29 11:00:00,105.4934,105.4934,105.4934,105.4934,1000.0
2017-12-29 11:01:00,105.5,105.5,105.5,105.5,500.0
2017-12-29 11:02:00,105.42,105.48,105.42,105.47,2433.0
2017-12-29 11:03:00,105.47,105.47,105.41,105.41,1591.0
2017-12-29 11:04:00,105.47,105.48,105.47,105.48,200.0
2017-12-29 11:05:00,105.46,105.46,105.46,105.46,500.0
2017-12-29 11:06:00,105.49,105.49,105.49,105.49,891.0
2017-12-29 11:07:00,105.5,105.55,105.49,105.49,835.0
2017-12-29 11:08:00,105.52,105.57,105.52,105.55,1000.0
2017-12-29 11:09:00,105.53,105.53,105.53,105.53,100.0
2017-12-29 11:10:00,105.5365,105.57,105.51,105.52,1848.0
2017-12-29 11:11:00,105.54,105.55,105.54,105.55,1000.0
2017-12-29 11:12:00,105.52,105.53,105.49,105.53,1331.0
2017-12-29 11:13:00,105.52,105.52,105.49,105.49,600.0
2017-12-29 11:14:00,105.51,105.53,105.505,105.52,1784.0
2017-12-29 11:15:00,105.54,105.54,105.51,105.51,859.0
2017-12-29 11:16:00,105.56,105.56,105.55,105.55,300.0
2017-12-29 11:17:00,105.54,105.56,105.52,105.56,1900.0
2017-12-29 11:18:00,105.49,105.55,105.49,105.55,300.0
2017-12-29 11:19:00,105.525,105.525,105.49,105.5,1200.0
2017-12-29 11:20:00,105.49,105.49,105.48,105.49,740.0
2017-12-29 11:21:00,105.49,105.49,105.46,105.46,800.0
2017-12-29 11:23:00,105.425,105.49,105.41,105.49,1850.0
2017-12-29 11:24:00,105.4,105.4,105.37,105.4,1100.0
2017-12-29 11:25:00,105.36,105.36,105.36,105.36,300.0
2017-12-29 11:26:00,105.32,105.365,105.32,105.365,700.0
2017-12-29 11:28:00,105.36,105.36,105.33,105.33,1891.0
2017-12-29 11:29:00,105.2476,105.36,105.2476,105.36,2946.0
2017-12-29 11:30:00,105.24,105.27,105.23,105.27,2699.0
2017-12-29 11:31:00,105.21,105.21,105.21,105.21,100.0
2017-12-29 11:32:00,105.25,105.25,105.2,105.21,800.0
2017-12-29 11:33:00,105.24,105.24,105.18,105.18,1595.0
2017-12-29 11:34:00,105.26,105.28,105.225,105.23,1832.0
2017-12-29 11:35:00,105.445,105.445,105.29,105.29,1759.0
2017-12-29 11:36:00,105.385,105.385,105.385,105.385,100.0
2017-12-29 11:37:00,105.42,105.46,105.42,105.44,400.0
2017-12-29 11:38:00,105.46,105.46,105.4191,105.4191,900.0
2017-12-29 11:39:00,105.425,105.46,105.425,105.46,200.0
2017-12-29 11:40:00,105.42,105.46,105.39,105.46,1810.0
2017-12-29 11:41:00,105.43,105.43,105.3801,105.3801,536.0
2017-12-29 11:42:00,105.405,105.43,105.405,105.405,1300.0
2017-12-29 11:43:00,105.33,105.38,105.33,105.38,1795.0
2017-12-29 11:44:00,105.26,105.32,105.26,105.32,300.0
2017-12-29 11:45:00,105.34,105.34,105.305,105.34,648.0
2017-12-29 11:46:00,105.2966,105.2966,105.2966,105.2966,446.0
2017-12-29 11:47:00,105.305,105.34,105.305,105.34,400.0
2017-12-29 11:50:00,105.34,105.34,105.28,105.29,3152.0
2017-12-29 11:51:00,105.39,105.43,105.36,105.36,2746.0
2017-12-29 11:52:00,105.35,105.42,105.35,105.41,400.0
2017-12-29 11:53:00,105.385,105.385,105.385,105.385,100.0
2017-12-29 11:54:00,105.35,105.39,105.35,105.39,200.0
2017-12-29 11:55:00,105.375,105.375,105.375,105.375,100.0
2017-12-29 11:56:00,105.4,105.4,105.35,105.35,1373.0
2017-12-29 11:57:00,105.39,105.4,105.369,105.369,700.0
2017-12-29 11:59:00,105.4,105.4,105.375,105.3889,1000.0
2017-12-29 12:00:00,105.35,105.38,105.35,105.38,2141.0
2017-12-29 12:01:00,105.4,105.4,105.37,105.38,1916.0
2017-12-29 12:02:00,105.39,105.43,105.39,105.42,500.0
2017-12-29 12:03:00,105.43,105.43,105.43,105.43,100.0
2017-12-29 12:04:00,105.43,105.43,105.43,105.43,100.0
2017-12-29 12:05:00,105.42,105.42,105.4,105.41,600.0
2017-12-29 12:06:00,105.4,105.42,105.38,105.42,800.0
2017-12-29 12:07:00,105.32,105.4,105.32,105.39,4392.0
2017-12-29 12:08:00,105.36,105.36,105.3545,105.3545,1844.0
2017-12-29 12:09:00,105.42,105.42,105.37,105.37,700.0
2017-12-29 12:10:00,105.4,105.43,105.39,105.43,1094.0
2017-12-29 12:11:00,105.4,105.43,105.38,105.43,4494.0
2017-12-29 12:12:00,105.4,105.4,105.38,105.38,1045.0
2017-12-29 12:13:00,105.42,105.42,105.38,105.38,400.0
2017-12-29 12:14:00,105.38,105.38,105.38,105.38,100.0
2017-12-29 12:15:00,105.43,105.43,105.43,105.43,500.0
2017-12-29 12:16:00,105.4,105.43,105.4,105.4,528.0
2017-12-29 12:17:00,105.42,105.42,105.42,105.42,300.0
2017-12-29 12:18:00,105.39,105.43,105.39,105.43,952.0
2017-12-29 12:21:00,105.4,105.43,105.39,105.42,3714.0
2017-12-29 12:22:00,105.4,105.41,105.39,105.41,400.0
2017-12-29 12:23:00,105.43,105.43,105.415,105.415,550.0
2017-12-29 12:24:00,105.43,105.43,105.43,105.43,100.0
2017-12-29 12:25:00,105.4,105.41,105.4,105.41,1475.0
2017-12-29 12:26:00,105.38,105.4,105.37,105.4,2011.0
2017-12-29 12:28:00,105.36,105.38,105.34,105.36,2348.0
2017-12-29 12:29:00,105.3599,105.3599,105.345,105.345,200.0
2017-12-29 12:30:00,105.32,105.3475,105.32,105.3475,1215.0
2017-12-29 12:31:00,105.33,105.33,105.31,105.31,300.0
2017-12-29 12:32:00,105.3441,105.3441,105.29,105.29,1019.0
2017-12-29 12:34:00,105.4,105.4,105.35,105.35,1118.0
2017-12-29 12:35:00,105.34,105.38,105.34,105.37,1200.0
2017-12-29 12:37:00,105.359,105.36,105.335,105.335,667.0
2017-12-29 12:38:00,105.37,105.37,105.335,105.36,800.0
2017-12-29 12:39:00,105.42,105.42,105.38,105.4,414.0
2017-12-29 12:40:00,105.425,105.425,105.425,105.425,100.0
2017-12-29 12:41:00,105.4,105.43,105.4,105.43,400.0
2017-12-29 12:42:00,105.405,105.42,105.405,105.42,300.0
2017-12-29 12:43:00,105.4,105.42,105.385,105.42,2431.0
2017-12-29 12:44:00,105.385,105.385,105.385,105.385,100.0
2017-12-29 12:45:00,105.42,105.43,105.385,105.385,1149.0
2017-12-29 12:46:00,105.39,105.43,105.39,105.43,2558.0
2017-12-29 12:47:00,105.4,105.41,105.4,105.4,866.0
2017-12-29 12:48:00,105.42,105.43,105.42,105.42,5410.0
2017-12-29 12:49:00,105.435,105.445,105.42,105.42,3447.0
2017-12-29 12:50:00,105.43,105.445,105.42,105.445,600.0
2017-12-29 12:51:00,105.55,105.55,105.43,105.43,1964.0
2017-12-29 12:52:00,105.5,105.57,105.5,105.55,1917.0
2017-12-29 12:54:00,105.5,105.5,105.5,105.5,200.0
2017-12-29 12:55:00,105.505,105.505,105.505,105.505,300.0
2017-12-29 12:56:00,105.47,105.5,105.455,105.49,2560.0
2017-12-29 12:58:00,105.53,105.53,105.5199,105.5199,400.0
2017-12-29 12:59:00,105.55,105.55,105.51,105.53,1730.0
2017-12-29 13:00:00,105.56,105.56,105.54,105.54,500.0
2017-12-29 13:01:00,105.58,105.59,105.56,105.58,3460.0
2017-12-29 13:02:00,105.55,105.57,105.55,105.57,733.0
2017-12-29 13:04:00,105.57,105.57,105.56,105.56,600.0
2017-12-29 13:05:00,105.45,105.58,105.445,105.58,6630.0
2017-12-29 13:06:00,105.46,105.475,105.46,105.46,431.0
2017-12-29 13:07:00,105.53,105.53,105.5,105.51,1600.0
2017-12-29 13:09:00,105.53,105.53,105.53,105.53,200.0
2017-12-29 13:10:00,105.52,105.52,105.5111,105.5111,1100.0
2017-12-29 13:11:00,105.54,105.54,105.51,105.53,1600.0
2017-12-29 13:12:00,105.54,105.55,105.535,105.535,400.0
2017-12-29 13:13:00,105.5,105.55,105.5,105.521,1154.0
2017-12-29 13:14:00,105.54,105.54,105.51,105.52,1483.0
2017-12-29 13:15:00,105.57,105.57,105.54,105.54,900.0
2017-12-29 13:16:00,105.58,105.58,105.58,105.58,200.0
2017-12-29 13:17:00,105.54,105.56,105.52,105.54,1100.0
2017-12-29 13:18:00,105.535,105.535,105.5349,105.535,1200.0
2017-12-29 13:19:00,105.53,105.55,105.53,105.53,300.0
2017-12-29 13:20:00,105.55,105.55,105.535,105.55,1057.0
2017-12-29 13:21:00,105.57,105.57,105.57,105.57,100.0
2017-12-29 13:22:00,105.58,105.58,105.57,105.57,284.0
2017-12-29 13:23:00,105.58,105.58,105.5548,105.58,340.0
2017-12-29 13:24:00,105.56,105.58,105.55,105.58,5967.0
2017-12-29 13:25:00,105.58,105.58,105.56,105.58,5082.0
2017-12-29 13:26:00,105.58,105.58,105.57,105.58,2838.0
2017-12-29 13:27:00,105.58,105.58,105.57,105.57,2125.0
2017-12-29 13:28:00,105.58,105.58,105.5678,105.5678,610.0
2017-12-29 13:29:00,105.56,105.58,105.56,105.58,500.0
2017-12-29 13:30:00,105.58,105.58,105.57,105.58,1130.0
2017-12-29 13:31:00,105.56,105.58,105.56,105.58,1600.0
2017-12-29 13:32:00,105.58,105.58,105.58,105.58,100.0
2017-12-29 13:33:00,105.545,105.58,105.53,105.58,1900.0
2017-12-29 13:36:00,105.56,105.565,105.556,105.56,700.0
2017-12-29 13:37:00,105.58,105.58,105.53,105.53,1501.0
2017-12-29 13:38:00,105.57,105.57,105.5625,105.5625,600.0
2017-12-29 13:40:00,105.55,105.55,105.535,105.54,1571.0
2017-12-29 13:41:00,105.57,105.57,105.57,105.57,100.0
2017-12-29 13:42:00,105.56,105.5671,105.56,105.5671,300.0
2017-12-29 13:43:00,105.55,105.55,105.54,105.54,400.0
2017-12-29 13:44:00,105.54,105.555,105.54,105.55,795.0
2017-12-29 13:45:00,105.555,105.555,105.555,105.555,400.0
2017-12-29 13:46:00,105.58,105.58,105.555,105.555,2438.0
2017-12-29 13:47:00,105.57,105.58,105.57,105.58,1905.0
2017-12-29 13:49:00,105.5683,105.5799,105.5683,105.5799,301.0
2017-12-29 13:50:00,105.54,105.57,105.54,105.57,1173.0
2017-12-29 13:51:00,105.555,105.555,105.555,105.555,453.0
2017-12-29 13:52:00,105.55,105.58,105.535,105.54,2411.0
2017-12-29 13:53:00,105.54,105.54,105.54,105.54,300.0
2017-12-29 13:55:00,105.5,105.52,105.5,105.52,2122.0
2017-12-29 13:56:00,105.53,105.53,105.425,105.5,9530.0
2017-12-29 13:57:00,105.55,105.56,105.55,105.56,500.0
2017-12-29 13:58:00,105.635,105.635,105.58,105.58,1246.0
2017-12-29 13:59:00,105.64,105.64,105.64,105.64,200.0
2017-12-29 14:00:00,105.62,105.67,105.62,105.67,284.0
2017-12-29 14:01:00,105.64,105.64,105.64,105.64,200.0
2017-12-29 14:02:00,105.62,105.62,105.62,105.62,200.0
2017-12-29 14:03:00,105.65,105.65,105.62,105.62,1741.0
2017-12-29 14:04:00,105.75,105.75,105.68,105.68,1900.0
2017-12-29 14:05:00,105.735,105.735,105.735,105.735,200.0
2017-12-29 14:06:00,105.72,105.735,105.71,105.71,2882.0
2017-12-29 14:07:00,105.67,105.73,105.67,105.71,2000.0
2017-12-29 14:08:00,105.68,105.68,105.68,105.68,894.0
2017-12-29 14:09:00,105.685,105.685,105.685,105.685,400.0
2017-12-29 14:10:00,105.685,105.685,105.685,105.685,100.0
2017-12-29 14:11:00,105.685,105.685,105.685,105.685,300.0
2017-12-29 14:12:00,105.71,105.71,105.71,105.71,349.0
2017-12-29 14:13:00,105.715,105.715,105.7003,105.71,563.0
2017-12-29 14:14:00,105.74,105.74,105.69,105.7,892.0
2017-12-29 14:15:00,105.7268,105.7268,105.72,105.72,300.0
2017-12-29 14:16:00,105.695,105.71,105.69,105.71,2120.0
2017-12-29 14:18:00,105.62,105.67,105.62,105.67,1800.0
2017-12-29 14:19:00,105.62,105.62,105.62,105.62,300.0
2017-12-29 14:20:00,105.685,105.71,105.63,105.63,2277.0
2017-12-29 14:21:00,105.71,105.71,105.71,105.71,100.0
2017-12-29 14:22:00,105.6632,105.71,105.66,105.71,1673.0
2017-12-29 14:23:00,105.65,105.65,105.65,105.65,200.0
2017-12-29 14:24:00,105.71,105.72,105.68,105.68,1789.0
2017-12-29 14:25:00,105.71,105.73,105.71,105.73,1400.0
2017-12-29 14:26:00,105.74,105.74,105.74,105.74,1600.0
2017-12-29 14:27:00,105.73,105.73,105.725,105.725,600.0
2017-12-29 14:28:00,105.69,105.74,105.68,105.74,3994.0
2017-12-29 14:31:00,105.68,105.68,105.68,105.68,139.0
2017-12-29 14:32:00,105.695,105.695,105.68,105.68,974.0
2017-12-29 14:33:00,105.6911,105.6911,105.6911,105.6911,229.0
2017-12-29 14:36:00,105.62,105.695,105.62,105.695,2707.0
2017-12-29 14:37:00,105.62,105.635,105.61,105.61,718.0
2017-12-29 14:38:00,105.58,105.61,105.58,105.61,400.0
2017-12-29 14:39:00,105.585,105.585,105.585,105.585,300.0
2017-12-29 14:40:00,105.585,105.585,105.585,105.585,200.0
2017-12-29 14:41:00,105.56,105.56,105.56,105.56,280.0
2017-12-29 14:42:00,105.6,105.61,105.6,105.6,800.0
2017-12-29 14:43:00,105.62,105.62,105.61,105.61,1003.0
2017-12-29 14:44:00,105.635,105.6399,105.625,105.625,600.0
2017-12-29 14:45:00,105.66,105.66,105.66,105.66,100.0
2017-12-29 14:46:00,105.66,105.66,105.65,105.65,300.0
2017-12-29 14:47:00,105.61,105.66,105.61,105.65,2100.0
2017-12-29 14:49:00,105.59,105.605,105.56,105.605,2837.0
2017-12-29 14:51:00,105.54,105.58,105.54,105.58,1010.0
2017-12-29 14:52:00,105.58,105.58,105.58,105.58,200.0
2017-12-29 14:53:00,105.56,105.56,105.55,105.55,554.0
2017-12-29 14:54:00,105.55,105.58,105.55,105.56,595.0
2017-12-29 14:55:00,105.58,105.58,105.56,105.56,545.0
2017-12-29 14:56:00,105.67,105.67,105.565,105.565,2461.0
2017-12-29 14:57:00,105.6,105.63,105.59,105.61,940.0
2017-12-29 14:58:00,105.62,105.62,105.6,105.6,900.0
2017-12-29 14:59:00,105.65,105.65,105.615,105.615,574.0
2017-12-29 15:00:00,105.645,105.67,105.645,105.65,1331.0
2017-12-29 15:01:00,105.64,105.65,105.62,105.62,1100.0
2017-12-29 15:02:00,105.6297,105.64,105.6297,105.63,900.0
2017-12-29 15:03:00,105.63,105.63,105.6,105.625,3261.0
2017-12-29 15:04:00,105.62,105.64,105.62,105.64,200.0
2017-12-29 15:05:00,105.64,105.64,105.625,105.625,600.0
2017-12-29 15:06:00,105.63,105.63,105.62,105.62,987.0
2017-12-29 15:07:00,105.64,105.65,105.64,105.65,343.0
2017-12-29 15:08:00,105.67,105.69,105.65,105.66,1401.0
2017-12-29 15:09:00,105.665,105.665,105.665,105.665,500.0
2017-12-29 15:10:00,105.64,105.65,105.64,105.65,1303.0
2017-12-29 15:12:00,105.7,105.7,105.66,105.66,2893.0
2017-12-29 15:13:00,105.71,105.71,105.67,105.685,1236.0
2017-12-29 15:14:00,105.69,105.69,105.69,105.69,100.0
2017-12-29 15:15:00,105.69,105.71,105.685,105.685,2699.0
2017-12-29 15:16:00,105.72,105.72,105.68,105.68,2953.0
2017-12-29 15:17:00,105.72,105.72,105.72,105.72,400.0
2017-12-29 15:18:00,105.67,105.725,105.67,105.71,4100.0
2017-12-29 15:19:00,105.61,105.66,105.61,105.66,3350.0
2017-12-29 15:20:00,105.65,105.65,105.61,105.62,1689.0
2017-12-29 15:21:00,105.625,105.64,105.62,105.64,2985.0
2017-12-29 15:22:00,105.69,105.71,105.63,105.63,6699.0
2017-12-29 15:23:00,105.665,105.74,105.65,105.71,5522.0
2017-12-29 15:24:00,105.72,105.72,105.68,105.68,1576.0
2017-12-29 15:25:00,105.71,105.715,105.7,105.7,1048.0
2017-12-29 15:26:00,105.67,105.71,105.67,105.71,2230.0
2017-12-29 15:28:00,105.635,105.635,105.625,105.625,600.0
2017-12-29 15:29:00,105.65,105.67,105.64,105.65,1720.0
2017-12-29 15:30:00,105.67,105.67,105.67,105.67,200.0
2017-12-29 15:31:00,105.68,105.69,105.67,105.68,1234.0
2017-12-29 15:32:00,105.62,105.68,105.6,105.67,4163.0
2017-12-29 15:33:00,105.61,105.62,105.61,105.62,200.0
2017-12-29 15:34:00,105.61,105.62,105.605,105.605,2326.0
2017-12-29 15:35:00,105.6,105.6,105.595,105.6,1400.0
2017-12-29 15:36:00,105.58,105.58,105.55,105.58,2021.0
2017-12-29 15:37:00,105.54,105.56,105.54,105.56,2555.0
2017-12-29 15:38:00,105.55,105.56,105.535,105.54,1160.0
2017-12-29 15:39:00,105.52,105.53,105.48,105.53,6000.0
2017-12-29 15:40:00,105.5,105.53,105.49,105.51,2323.0
2017-12-29 15:41:00,105.5,105.515,105.49,105.5,2796.0
2017-12-29 15:42:00,105.5,105.51,105.48,105.51,2341.0
2017-12-29 15:43:00,105.51,105.52,105.49,105.51,1474.0
2017-12-29 15:44:00,105.5,105.515,105.48,105.515,4416.0
2017-12-29 15:45:00,105.51,105.51,105.49,105.51,2021.0
2017-12-29 15:46:00,105.47,105.5,105.47,105.49,3110.0
2017-12-29 15:47:00,105.4,105.44,105.38,105.44,3634.0
2017-12-29 15:48:00,105.44,105.45,105.42,105.42,1389.0
2017-12-29 15:49:00,105.43,105.46,105.43,105.46,2809.0
2017-12-29 15:50:00,105.42,105.44,105.41,105.43,2635.0
2017-12-29 15:51:00,105.38,105.42,105.37,105.42,4194.0
2017-12-29 15:52:00,105.41,105.41,105.37,105.38,3736.0
2017-12-29 15:53:00,105.445,105.48,105.39,105.39,1992.0
2017-12-29 15:54:00,105.4,105.48,105.4,105.43,7967.0
2017-12-29 15:55:00,105.35,105.41,105.34,105.41,5969.0
2017-12-29 15:56:00,105.39,105.44,105.35,105.365,6615.0
2017-12-29 15:57:00,105.39,105.4,105.34,105.395,6697.0
2017-12-29 15:58:00,105.36,105.4,105.36,105.39,4085.0
2017-12-29 15:59:00,105.36,105.39,105.33,105.36,5779.0
2017-12-29 16:00:00,105.27,105.355,105.19,105.355,23065.0
2018-01-02 09:30:00,106.28,106.28,106.28,106.28,6376.0
2018-01-02 09:31:00,106.18,106.18,105.66,105.78,2037.0
2018-01-02 09:32:00,106.07,106.07,105.92,105.92,600.0
2018-01-02 09:33:00,105.9751,105.9751,105.9751,105.9751,500.0
2018-01-02 09:34:00,106.09,106.1,106.085,106.085,2300.0
2018-01-02 09:35:00,105.87,106.1,105.87,106.1,400.0
2018-01-02 09:36:00,105.77,105.91,105.7,105.87,4100.0
2018-01-02 09:37:00,105.74,105.74,105.74,105.74,100.0
2018-01-02 09:38:00,105.76,105.76,105.76,105.76,100.0
2018-01-02 09:40:00,105.95,105.98,105.81,105.92,5249.0
2018-01-02 09:41:00,105.9616,106.04,105.835,105.89,7525.0
2018-01-02 09:42:00,106.0,106.16,106.0,106.0,1495.0
2018-01-02 09:43:00,105.98,106.0,105.98,106.0,600.0
2018-01-02 09:44:00,105.55,105.82,105.55,105.82,500.0
2018-01-02 09:45:00,105.52,105.59200000000001,105.52,105.59200000000001,1200.0
2018-01-02 09:46:00,105.53,105.6,105.53,105.6,400.0
2018-01-02 09:47:00,105.635,105.65,105.535,105.64,1300.0
2018-01-02 09:48:00,105.42,105.53,105.4,105.53,2825.0
2018-01-02 09:49:00,105.3,105.36,105.26,105.36,1000.0
2018-01-02 09:50:00,105.3,105.3,105.242,105.25,2000.0
2018-01-02 09:51:00,105.3656,105.37,105.262,105.3,4974.0
2018-01-02 09:52:00,105.37,105.37,105.37,105.37,100.0
2018-01-02 09:53:00,105.44,105.44,105.36,105.36,600.0
2018-01-02 09:54:00,105.43,105.43,105.43,105.43,400.0
2018-01-02 09:55:00,105.4,105.4,105.39,105.39,700.0
2018-01-02 09:56:00,105.32,105.43,105.27,105.43,20564.0
2018-01-02 09:57:00,105.32,105.325,105.31,105.325,500.0
2018-01-02 09:58:00,105.47,105.47,105.305,105.35,2300.0
2018-01-02 09:59:00,105.495,105.505,105.495,105.495,700.0
2018-01-02 10:00:00,105.45,105.53,105.45,105.495,1900.0
2018-01-02 10:01:00,105.6499,105.6499,105.51,105.54,1131.0
2018-01-02 10:02:00,105.65,105.65,105.605,105.605,600.0
2018-01-02 10:03:00,105.6,105.6,105.5125,105.5701,3532.0
2018-01-02 10:04:00,105.57,105.65,105.57,105.61,4419.0
2018-01-02 10:05:00,105.61,105.61,105.56,105.6,1100.0
2018-01-02 10:06:00,105.5901,105.63,105.58,105.58,1532.0
2018-01-02 10:07:00,105.76,105.76,105.64,105.64,2250.0
2018-01-02 10:08:00,105.94,105.96,105.82,105.82,2601.0
2018-01-02 10:09:00,105.9201,105.9201,105.9201,105.9201,100.0
2018-01-02 10:11:00,105.89,106.01,105.89,106.0088,3474.0
2018-01-02 10:12:00,105.905,105.925,105.885,105.885,645.0
2018-01-02 10:14:00,105.86,105.912,105.86,105.91,6832.0
2018-01-02 10:15:00,105.9,105.92,105.9,105.91,800.0
2018-01-02 10:16:00,105.98,105.98,105.92,105.95,600.0
2018-01-02 10:18:00,106.17,106.17,106.07,106.07,1400.0
2018-01-02 10:19:00,106.14,106.19,106.1,106.14,2723.0
2018-01-02 10:20:00,105.96,106.11,105.96,106.11,1365.0
2018-01-02 10:21:00,105.82,105.96,105.82,105.95,2750.0
2018-01-02 10:22:00,105.83,105.92,105.83,105.85,2500.0
2018-01-02 10:23:00,105.82,105.83,105.82,105.83,200.0
2018-01-02 10:25:00,105.62,105.78,105.57,105.7452,4229.0
2018-01-02 10:26:00,105.67,105.7,105.615,105.615,900.0
2018-01-02 10:27:00,105.67,105.71,105.67,105.71,300.0
2018-01-02 10:29:00,105.63,105.72,105.6,105.695,3787.0
2018-01-02 10:30:00,105.62,105.62,105.61,105.61,400.0
2018-01-02 10:31:00,105.57,105.59899999999999,105.52,105.59899999999999,1255.0
2018-01-02 10:32:00,105.5762,105.59,105.5533,105.57,1600.0
2018-01-02 10:34:00,105.61,105.61,105.58,105.5854,1714.0
2018-01-02 10:36:00,105.62,105.62,105.59,105.61,2300.0
2018-01-02 10:37:00,105.635,105.66,105.635,105.66,300.0
2018-01-02 10:38:00,105.44,105.635,105.43,105.635,5500.0
2018-01-02 10:39:00,105.3,105.37,105.22,105.37,1594.0
2018-01-02 10:40:00,105.39,105.39,105.29,105.29,2088.0
2018-01-02 10:41:00,105.31,105.4,105.31,105.39,1880.0
2018-01-02 10:42:00,105.499,105.499,105.499,105.499,2000.0
2018-01-02 10:43:00,105.4,105.47,105.37,105.46,700.0
2018-01-02 10:44:00,105.29,105.41,105.29,105.39,6549.0
2018-01-02 10:46:00,105.53,105.57,105.37,105.37,2996.0
2018-01-02 10:47:00,105.645,105.645,105.59100000000001,105.6,900.0
2018-01-02 10:48:00,105.63,105.63,105.57,105.6,2202.0
2018-01-02 10:49:00,105.645,105.645,105.645,105.645,100.0
2018-01-02 10:50:00,105.625,105.625,105.615,105.62,400.0
2018-01-02 10:51:00,105.665,105.665,105.615,105.64,703.0
2018-01-02 10:52:00,105.675,105.675,105.665,105.665,200.0
2018-01-02 10:53:00,105.645,105.675,105.56,105.665,4588.0
2018-01-02 10:54:00,105.61,105.61,105.61,105.61,100.0
2018-01-02 10:55:00,105.67,105.67,105.625,105.66,1000.0
2018-01-02 10:56:00,105.71,105.71,105.71,105.71,200.0
2018-01-02 10:57:00,105.66,105.7,105.66,105.7,2900.0
2018-01-02 10:58:00,105.685,105.6925,105.68,105.68,1200.0
2018-01-02 10:59:00,105.715,105.715,105.68,105.705,400.0
2018-01-02 11:00:00,105.7176,105.73,105.7176,105.73,590.0
2018-01-02 11:01:00,105.6501,105.71,105.6501,105.7,3100.0
2018-01-02 11:02:00,105.665,105.67,105.6375,105.65,800.0
2018-01-02 11:03:00,105.675,105.675,105.67,105.67,200.0
2018-01-02 11:04:00,105.66,105.665,105.63,105.63,1300.0
2018-01-02 11:05:00,105.615,105.68,105.61,105.63,2300.0
2018-01-02 11:06:00,105.615,105.645,105.615,105.645,200.0
2018-01-02 11:07:00,105.67,105.67,105.6,105.61,3300.0
2018-01-02 11:08:00,105.62,105.65,105.61,105.62,1700.0
2018-01-02 11:09:00,105.64,105.64,105.64,105.64,100.0
2018-01-02 11:10:00,105.66,105.71,105.62,105.65,2600.0
2018-01-02 11:11:00,105.69,105.69,105.69,105.69,234.0
2018-01-02 11:12:00,105.72,105.72,105.72,105.72,200.0
2018-01-02 11:13:00,105.76,105.77,105.76,105.77,200.0
2018-01-02 11:14:00,105.82,105.82,105.72,105.73,2840.0
2018-01-02 11:15:00,105.83,105.83,105.785,105.82,1400.0
2018-01-02 11:16:00,105.78,105.84,105.76,105.84,2563.0
2018-01-02 11:17:00,105.9,105.9,105.8,105.82,1734.0
2018-01-02 11:18:00,105.87,105.87,105.82,105.86,2900.0
2018-01-02 11:19:00,105.9,105.9,105.86,105.89,841.0
2018-01-02 11:20:00,105.86,105.86,105.86,105.86,123.0
2018-01-02 11:21:00,105.86,105.89,105.83,105.86,2800.0
2018-01-02 11:22:00,105.865,105.865,105.865,105.865,100.0
2018-01-02 11:23:00,105.83,105.85,105.8,105.84,1800.0
2018-01-02 11:24:00,105.9275,105.9275,105.84,105.87,1600.0
2018-01-02 11:25:00,105.95,105.95,105.88,105.89,700.0
2018-01-02 11:26:00,105.94,105.965,105.91,105.95,3325.0
2018-01-02 11:27:00,105.98,105.98,105.945,105.98,634.0
2018-01-02 11:28:00,105.96,105.97,105.92,105.97,3533.0
2018-01-02 11:29:00,106.115,106.13,105.97,105.97,7223.0
2018-01-02 11:30:00,106.085,106.09,106.08,106.08,600.0
2018-01-02 11:31:00,106.06,106.07,106.06,106.07,631.0
2018-01-02 11:33:00,106.03,106.08,106.01,106.08,1609.0
2018-01-02 11:34:00,105.92,106.06,105.92,106.06,3900.0
2018-01-02 11:35:00,105.94,105.94,105.94,105.94,200.0
2018-01-02 11:36:00,105.96,105.96,105.96,105.96,200.0
2018-01-02 11:37:00,106.03,106.03,105.95,105.955,900.0
2018-01-02 11:38:00,106.045,106.06,106.02,106.06,600.0
2018-01-02 11:39:00,105.9,106.06,105.9,106.06,4526.0
2018-01-02 11:40:00,105.93,105.93,105.88,105.88,200.0
2018-01-02 11:41:00,105.9,105.93,105.9,105.93,800.0
2018-01-02 11:42:00,106.09,106.09,105.9075,105.92,2349.0
2018-01-02 11:43:00,106.03,106.07,106.03,106.04,1209.0
2018-01-02 11:44:00,106.05,106.11,106.03,106.04,1900.0
2018-01-02 11:45:00,106.0,106.02,106.0,106.02,500.0
2018-01-02 11:46:00,106.0797,106.09,106.0575,106.08,866.0
2018-01-02 11:48:00,106.02,106.12,106.02,106.07,3128.0
2018-01-02 11:49:00,105.9675,105.98,105.9575,105.96,1061.0
2018-01-02 11:51:00,105.96,105.97,105.93,105.97,2880.0
2018-01-02 11:52:00,106.13,106.13,105.96,105.98,1100.0
2018-01-02 11:53:00,106.22,106.22,106.11,106.11,800.0
2018-01-02 11:54:00,106.24,106.28,106.18,106.23,3086.0
2018-01-02 11:55:00,106.21,106.28,106.17,106.19,2704.0
2018-01-02 11:56:00,106.295,106.31,106.25,106.27,3915.0
2018-01-02 11:57:00,106.27,106.31,106.26,106.27,2020.0
2018-01-02 11:58:00,106.2737,106.31,106.27,106.27,4466.0
2018-01-02 11:59:00,106.35,106.36,106.27,106.29,7100.0
2018-01-02 12:00:00,106.32,106.34,106.28,106.34,3418.0
2018-01-02 12:01:00,106.29,106.32,106.29,106.32,200.0
2018-01-02 12:02:00,106.3125,106.33,106.3125,106.33,300.0
2018-01-02 12:03:00,106.37,106.39,106.34,106.35,3987.0
2018-01-02 12:04:00,106.37,106.37,106.34,106.345,800.0
2018-01-02 12:05:00,106.36,106.375,106.34,106.35,1969.0
2018-01-02 12:06:00,106.34,106.384,106.33,106.38,1750.0
2018-01-02 12:07:00,106.46,106.46,106.37,106.37,1800.0
2018-01-02 12:08:00,106.47,106.48,106.44,106.48,786.0
2018-01-02 12:09:00,106.5,106.5,106.46,106.48,800.0
2018-01-02 12:10:00,106.4,106.5,106.4,106.49,3400.0
2018-01-02 12:11:00,106.41,106.4199,106.39,106.39,1300.0
2018-01-02 12:13:00,106.5699,106.5699,106.38,106.38,3265.0
2018-01-02 12:14:00,106.5,106.54,106.48,106.54,1500.0
2018-01-02 12:15:00,106.525,106.525,106.48,106.48,300.0
2018-01-02 12:16:00,106.52,106.55,106.52,106.53,600.0
2018-01-02 12:17:00,106.56,106.59,106.56,106.56,2900.0
2018-01-02 12:18:00,106.52,106.54,106.51,106.53,2050.0
2018-01-02 12:19:00,106.66,106.67,106.5,106.52,7404.0
2018-01-02 12:20:00,106.64,106.64,106.54,106.6,2100.0
2018-01-02 12:21:00,106.57,106.63,106.57,106.6,1500.0
2018-01-02 12:22:00,106.53,106.6,106.53,106.6,1200.0
2018-01-02 12:23:00,106.55,106.57,106.55,106.57,200.0
2018-01-02 12:24:00,106.57,106.59,106.5407,106.5407,633.0
2018-01-02 12:25:00,106.57,106.585,106.53,106.585,1900.0
2018-01-02 12:26:00,106.59,106.59,106.54,106.54,200.0
2018-01-02 12:27:00,106.7,106.7,106.54,106.54,2129.0
2018-01-02 12:28:00,106.6,106.66,106.6,106.65,3000.0
2018-01-02 12:29:00,106.65,106.66,106.64,106.64,1300.0
2018-01-02 12:30:00,106.6,106.68,106.6,106.68,800.0
2018-01-02 12:31:00,106.61,106.62,106.6,106.6,24850.0
2018-01-02 12:32:00,106.57,106.6,106.56,106.6,1200.0
2018-01-02 12:33:00,106.55,106.55,106.55,106.55,600.0
2018-01-02 12:34:00,106.5,106.56,106.5,106.55,1400.0
2018-01-02 12:35:00,106.59,106.64,106.55,106.55,1100.0
2018-01-02 12:36:00,106.59,106.7,106.59,106.59,3389.0
2018-01-02 12:37:00,106.58,106.62,106.58,106.6,550.0
2018-01-02 12:38:00,106.605,106.62,106.58,106.58,2090.0
2018-01-02 12:39:00,106.6,106.67,106.6,106.62,2035.0
2018-01-02 12:40:00,106.635,106.66,106.635,106.66,300.0
2018-01-02 12:41:00,106.58,106.71,106.58,106.65,2687.0
2018-01-02 12:42:00,106.56,106.58,106.56,106.58,200.0
2018-01-02 12:43:00,106.555,106.59,106.555,106.59,1808.0
2018-01-02 12:44:00,106.5,106.54,106.49,106.54,1300.0
2018-01-02 12:45:00,106.48,106.48,106.47,106.47,300.0
2018-01-02 12:46:00,106.42,106.46,106.42,106.46,600.0
2018-01-02 12:47:00,106.38,106.41,106.38,106.41,500.0
2018-01-02 12:48:00,106.39,106.46,106.38,106.4,3451.0
2018-01-02 12:49:00,106.4,106.44,106.4,106.42,1125.0
2018-01-02 12:50:00,106.38,106.4,106.38,106.38,600.0
2018-01-02 12:51:00,106.36,106.39,106.36,106.38,1400.0
2018-01-02 12:52:00,106.465,106.465,106.3905,106.3909,1282.0
2018-01-02 12:53:00,106.42,106.47,106.42,106.43,800.0
2018-01-02 12:54:00,106.435,106.449,106.435,106.449,300.0
2018-01-02 12:55:00,106.4228,106.46,106.4228,106.435,1100.0
2018-01-02 12:56:00,106.41,106.45,106.4,106.45,1937.0
2018-01-02 12:57:00,106.41,106.425,106.41,106.425,1800.0
2018-01-02 12:58:00,106.41,106.44,106.391,106.41,5201.0
2018-01-02 12:59:00,106.37,106.415,106.37,106.39,2800.0
2018-01-02 13:00:00,106.41,106.41,106.3301,106.36,3346.0
2018-01-02 13:01:00,106.44,106.5,106.42,106.42,2500.0
2018-01-02 13:02:00,106.42,106.4495,106.42,106.43,5210.0
2018-01-02 13:03:00,106.475,106.49,106.44,106.44,900.0
2018-01-02 13:04:00,106.59,106.59,106.5,106.5,1200.0
2018-01-02 13:05:00,106.61,106.61,106.565,106.565,1300.0
2018-01-02 13:06:00,106.595,106.6392,106.56,106.57,2411.0
2018-01-02 13:07:00,106.64,106.64,106.5901,106.5901,400.0
2018-01-02 13:08:00,106.64,106.64,106.57,106.61,2350.0
2018-01-02 13:09:00,106.68,106.69,106.61,106.625,1109.0
2018-01-02 13:10:00,106.7225,106.74,106.67,106.69,6300.0
2018-01-02 13:11:00,106.72,106.72,106.705,106.705,300.0
2018-01-02 13:12:00,106.7501,106.77,106.75,106.75,2115.0
2018-01-02 13:13:00,106.815,106.83,106.78,106.8,1759.0
2018-01-02 13:14:00,106.79,106.8,106.72,106.8,4771.0
2018-01-02 13:15:00,106.76,106.8199,106.75,106.77,2100.0
2018-01-02 13:16:00,106.8,106.83,106.76,106.76,900.0
2018-01-02 13:17:00,106.78,106.83,106.705,106.83,4286.0
2018-01-02 13:18:00,106.72,106.8,106.72,106.74,2400.0
2018-01-02 13:19:00,106.76,106.76,106.72,106.7201,806.0
2018-01-02 13:20:00,106.77,106.77,106.74,106.76,1100.0
2018-01-02 13:21:00,106.67,106.77,106.67,106.74,2443.0
2018-01-02 13:22:00,106.73,106.73,106.7,106.73,1700.0
2018-01-02 13:23:00,106.7599,106.7599,106.72,106.72,300.0
2018-01-02 13:24:00,106.7385,106.7699,106.7385,106.76,1455.0
2018-01-02 13:25:00,106.69,106.76,106.69,106.75,1400.0
2018-01-02 13:26:00,106.71,106.72,106.68,106.7199,1575.0
2018-01-02 13:27:00,106.7,106.72,106.67,106.695,500.0
2018-01-02 13:28:00,106.72,106.72,106.7199,106.7199,300.0
2018-01-02 13:29:00,106.76,106.76,106.71,106.71,2600.0
2018-01-02 13:30:00,106.73,106.74,106.72,106.74,1016.0
2018-01-02 13:31:00,106.7599,106.7599,106.73,106.73,400.0
2018-01-02 13:32:00,106.765,106.77,106.74,106.74,1459.0
2018-01-02 13:33:00,106.77,106.7999,106.75,106.7799,1250.0
2018-01-02 13:34:00,106.71,106.78,106.68,106.77,7384.0
2018-01-02 13:35:00,106.75,106.76,106.73,106.73,1044.0
2018-01-02 13:36:00,106.71,106.8,106.65,106.755,16995.0
2018-01-02 13:37:00,106.715,106.75,106.71,106.71,3300.0
2018-01-02 13:38:00,106.74,106.76,106.71,106.75,1300.0
2018-01-02 13:39:00,106.74,106.87,106.735,106.74,7922.0
2018-01-02 13:40:00,106.8199,106.8199,106.68,106.75,9040.0
2018-01-02 13:41:00,106.77,106.77,106.77,106.77,150.0
2018-01-02 13:42:00,106.705,106.85,106.69,106.75,9198.0
2018-01-02 13:43:00,106.735,106.7445,106.71,106.73,600.0
2018-01-02 13:44:00,106.79,106.85,106.76,106.76,2301.0
2018-01-02 13:45:00,106.8,106.8,106.78,106.78,600.0
2018-01-02 13:46:00,106.72,106.7812,106.69,106.78,5195.0
2018-01-02 13:47:00,106.73,106.73,106.72,106.72,2936.0
2018-01-02 13:48:00,106.76,106.78,106.735,106.735,1300.0
2018-01-02 13:49:00,106.75,106.75,106.73,106.74,953.0
2018-01-02 13:50:00,106.75,106.75,106.72,106.75,500.0
2018-01-02 13:51:00,106.72,106.74,106.71,106.73,2707.0
2018-01-02 13:52:00,106.735,106.74,106.71,106.71,1321.0
2018-01-02 13:53:00,106.73,106.7344,106.72,106.7344,1000.0
2018-01-02 13:54:00,106.71,106.75,106.7,106.72,2601.0
2018-01-02 13:56:00,106.77,106.77,106.72,106.73,2670.0
2018-01-02 13:57:00,106.85,106.85,106.77,106.78,1500.0
2018-01-02 13:58:00,106.71,106.83,106.71,106.83,6016.0
2018-01-02 13:59:00,106.68,106.74,106.68,106.74,722.0
2018-01-02 14:00:00,106.79,106.79,106.715,106.715,1661.0
2018-01-02 14:01:00,106.73,106.81,106.73,106.79,3790.0
2018-01-02 14:02:00,106.72,106.81,106.72,106.78,4867.0
2018-01-02 14:03:00,106.74,106.765,106.7,106.71,8291.0
2018-01-02 14:04:00,106.71,106.71,106.71,106.71,100.0
2018-01-02 14:05:00,106.74,106.78,106.74,106.745,800.0
2018-01-02 14:06:00,106.78,106.78,106.78,106.78,100.0
2018-01-02 14:07:00,106.77,106.78,106.74,106.76,3606.0
2018-01-02 14:08:00,106.73,106.76,106.73,106.75,4601.0
2018-01-02 14:09:00,106.66,106.76,106.66,106.76,9163.0
2018-01-02 14:10:00,106.6,106.67,106.6,106.67,650.0
2018-01-02 14:11:00,106.64,106.64,106.64,106.64,100.0
2018-01-02 14:12:00,106.59,106.67,106.54,106.67,2412.0
2018-01-02 14:13:00,106.59,106.59,106.55,106.55,200.0
2018-01-02 14:14:00,106.6,106.61,106.56,106.59,2900.0
2018-01-02 14:15:00,106.61,106.61,106.57,106.61,1301.0
2018-01-02 14:16:00,106.66,106.66,106.62,106.62,1500.0
2018-01-02 14:17:00,106.7,106.705,106.69,106.69,800.0
2018-01-02 14:18:00,106.71,106.71,106.67,106.705,2905.0
2018-01-02 14:19:00,106.72,106.72,106.7,106.71,1000.0
2018-01-02 14:20:00,106.72,106.725,106.68,106.725,2826.0
2018-01-02 14:21:00,106.66,106.7,106.66,106.7,681.0
2018-01-02 14:22:00,106.58,106.65,106.58,106.64,1111.0
2018-01-02 14:23:00,106.65,106.65,106.61,106.61,1200.0
2018-01-02 14:24:00,106.565,106.64,106.54,106.63,3338.0
2018-01-02 14:25:00,106.62,106.62,106.6,106.6,500.0
2018-01-02 14:26:00,106.64,106.64,106.62,106.64,400.0
2018-01-02 14:27:00,106.66,106.69,106.64,106.64,700.0
2018-01-02 14:28:00,106.64,106.66,106.6,106.66,1400.0
2018-01-02 14:29:00,106.66,106.66,106.62,106.64,600.0
2018-01-02 14:30:00,106.68,106.68,106.66,106.66,400.0
2018-01-02 14:31:00,106.7,106.71,106.68,106.68,1776.0
2018-01-02 14:32:00,106.71,106.71,106.69,106.7,2499.0
2018-01-02 14:33:00,106.6,106.71,106.6,106.71,3543.0
2018-01-02 14:34:00,106.68,106.68,106.6505,106.6505,941.0
2018-01-02 14:35:00,106.68,106.685,106.66,106.67,1200.0
2018-01-02 14:36:00,106.68,106.68,106.67,106.67,400.0
2018-01-02 14:37:00,106.68,106.68,106.67,106.67,600.0
2018-01-02 14:38:00,106.678,106.7,106.67,106.69,1900.0
2018-01-02 14:39:00,106.68,106.69,106.6708,106.68,2800.0
2018-01-02 14:40:00,106.69,106.695,106.67,106.69,2277.0
2018-01-02 14:41:00,106.71,106.71,106.69,106.69,725.0
2018-01-02 14:42:00,106.695,106.7,106.68,106.7,1400.0
2018-01-02 14:43:00,106.7098,106.73,106.69,106.71,3365.0
2018-01-02 14:45:00,106.69,106.71,106.67,106.7,3151.0
2018-01-02 14:46:00,106.6701,106.72,106.6701,106.7,3259.0
2018-01-02 14:47:00,106.67,106.68,106.64,106.68,7200.0
2018-01-02 14:48:00,106.71,106.71,106.67,106.67,1200.0
2018-01-02 14:49:00,106.66,106.71,106.65,106.71,2400.0
2018-01-02 14:50:00,106.705,106.71,106.65,106.67,3195.0
2018-01-02 14:51:00,106.7,106.71,106.7,106.7,300.0
2018-01-02 14:52:00,106.68,106.7,106.65,106.69,2819.0
2018-01-02 14:53:00,106.6849,106.69,106.6849,106.69,1163.0
2018-01-02 14:54:00,106.71,106.71,106.685,106.685,800.0
2018-01-02 14:55:00,106.705,106.72,106.7,106.72,942.0
2018-01-02 14:56:00,106.76,106.76,106.71,106.72,1532.0
2018-01-02 14:57:00,106.7,106.78,106.65,106.765,9631.0
2018-01-02 14:58:00,106.72,106.72,106.7,106.7014,1080.0
2018-01-02 14:59:00,106.725,106.73,106.7149,106.72,1291.0
2018-01-02 15:00:00,106.74,106.75,106.725,106.725,2200.0
2018-01-02 15:01:00,106.75,106.75,106.73,106.73,1679.0
2018-01-02 15:02:00,106.73,106.76,106.7,106.74,5552.0
2018-01-02 15:03:00,106.71,106.74,106.71,106.74,2300.0
2018-01-02 15:04:00,106.73,106.74,106.72,106.72,2301.0
2018-01-02 15:05:00,106.72,106.72,106.715,106.715,400.0
2018-01-02 15:06:00,106.74,106.75,106.71,106.71,5166.0
2018-01-02 15:07:00,106.68,106.75,106.68,106.74,5967.0
2018-01-02 15:08:00,106.7,106.73,106.69,106.69,2700.0
2018-01-02 15:09:00,106.72,106.72,106.695,106.7,672.0
2018-01-02 15:10:00,106.71,106.73,106.7,106.7,3000.0
2018-01-02 15:11:00,106.74,106.75,106.74,106.74,2734.0
2018-01-02 15:12:00,106.7,106.74,106.69,106.74,5110.0
2018-01-02 15:13:00,106.7,106.71,106.69,106.69,1100.0
2018-01-02 15:14:00,106.705,106.72,106.7,106.71,3272.0
2018-01-02 15:15:00,106.72,106.74,106.7,106.71,8807.0
2018-01-02 15:16:00,106.74,106.74,106.72,106.72,2100.0
2018-01-02 15:17:00,106.72,106.735,106.71,106.73,3300.0
2018-01-02 15:18:00,106.74,106.74,106.73,106.73,1738.0
2018-01-02 15:19:00,106.7345,106.74,106.73,106.735,1833.0
2018-01-02 15:20:00,106.71,106.74,106.7,106.73,13260.0
2018-01-02 15:21:00,106.74,106.75,106.72,106.72,5700.0
2018-01-02 15:22:00,106.73,106.735,106.72,106.73,2252.0
2018-01-02 15:23:00,106.7097,106.74,106.7097,106.74,2525.0
2018-01-02 15:24:00,106.73,106.73,106.7,106.7,1383.0
2018-01-02 15:25:00,106.71,106.72,106.695,106.71,3301.0
2018-01-02 15:26:00,106.74,106.74,106.72,106.72,4000.0
2018-01-02 15:27:00,106.72,106.74,106.72,106.735,3100.0
2018-01-02 15:28:00,106.72,106.73,106.705,106.73,5707.0
2018-01-02 15:29:00,106.74,106.74,106.73,106.74,1700.0
2018-01-02 15:30:00,106.72,106.73,106.7,106.725,8457.0
2018-01-02 15:31:00,106.64,106.71,106.64,106.71,4755.0
2018-01-02 15:32:00,106.65,106.65,106.62,106.64,2475.0
2018-01-02 15:33:00,106.62,106.66,106.62,106.655,4674.0
2018-01-02 15:34:00,106.63,106.63,106.61,106.61,1200.0
2018-01-02 15:35:00,106.63,106.64,106.61,106.63,7675.0
2018-01-02 15:36:00,106.67,106.67,106.62,106.62,2700.0
2018-01-02 15:37:00,106.71,106.71,106.66,106.66,4075.0
2018-01-02 15:38:00,106.7,106.74,106.7,106.72,6700.0
2018-01-02 15:39:00,106.72,106.72,106.7,106.7,1518.0
2018-01-02 15:40:00,106.73,106.73,106.7,106.71,3400.0
2018-01-02 15:41:00,106.73,106.74,106.72,106.73,6418.0
2018-01-02 15:42:00,106.7,106.7324,106.68,106.7324,6184.0
2018-01-02 15:43:00,106.7023,106.71,106.69,106.7,3050.0
2018-01-02 15:44:00,106.71,106.71,106.7,106.7,4297.0
2018-01-02 15:45:00,106.71,106.76,106.71,106.71,13857.0
2018-01-02 15:46:00,106.74,106.74,106.7,106.7,7848.0
2018-01-02 15:47:00,106.77,106.8,106.71,106.73,17564.0
2018-01-02 15:48:00,106.8,106.83,106.71,106.75,19994.0
2018-01-02 15:49:00,106.84,106.84,106.78,106.78,3509.0
2018-01-02 15:50:00,106.97,106.97,106.84,106.84,5948.0
2018-01-02 15:51:00,107.01,107.02,106.97,106.97,4800.0
2018-01-02 15:52:00,107.09,107.1,107.02,107.02,10395.0
2018-01-02 15:53:00,107.11,107.12,107.06,107.075,7533.0
2018-01-02 15:54:00,107.16,107.17,107.1,107.1,7841.0
2018-01-02 15:55:00,107.175,107.18,107.14,107.16,13210.0
2018-01-02 15:56:00,107.09,107.16,107.09,107.16,10601.0
2018-01-02 15:57:00,107.05,107.1,107.02,107.08,15516.0
2018-01-02 15:58:00,107.07,107.09,107.04,107.04,11080.0
2018-01-02 15:59:00,107.06,107.09,107.01,107.08,13562.0
2018-01-02 16:00:00,107.08,107.16,107.06,107.07,31845.0
2018-01-03 09:30:00,107.12,107.12,107.12,107.12,4659.0
2018-01-03 09:31:00,107.225,107.225,107.065,107.14,2000.0
2018-01-03 09:32:00,107.2805,107.33,107.12,107.12,1700.0
2018-01-03 09:33:00,107.01,107.28,107.01,107.28,1400.0
2018-01-03 09:34:00,107.215,107.24,107.16,107.16,700.0
2018-01-03 09:35:00,107.31,107.31,107.22,107.22,200.0
2018-01-03 09:37:00,107.34,107.34,107.31,107.31,300.0
2018-01-03 09:38:00,107.295,107.355,107.28,107.355,1000.0
2018-01-03 09:39:00,107.3,107.36,107.3,107.36,600.0
2018-01-03 09:40:00,107.34,107.34,107.27,107.3,711.0
2018-01-03 09:41:00,107.32,107.32,107.32,107.32,350.0
2018-01-03 09:42:00,106.915,107.32,106.915,107.3,2539.0
2018-01-03 09:43:00,107.0,107.04,106.9,106.9,900.0
2018-01-03 09:44:00,107.02,107.02,106.921,106.935,320.0
2018-01-03 09:45:00,106.895,106.92,106.895,106.92,200.0
2018-01-03 09:46:00,106.98,106.98,106.91,106.91,600.0
2018-01-03 09:48:00,106.99,107.0,106.9368,107.0,800.0
2018-01-03 09:49:00,106.85,106.89,106.79,106.89,1265.0
2018-01-03 09:50:00,106.78,106.86,106.6975,106.71,1100.0
2018-01-03 09:52:00,106.89,107.0,106.86,106.9,3038.0
2018-01-03 09:53:00,106.885,106.96,106.885,106.96,200.0
2018-01-03 09:54:00,106.76,106.8,106.72,106.8,1600.0
2018-01-03 09:55:00,106.72,106.88,106.705,106.77,1800.0
2018-01-03 09:56:00,106.68,106.74,106.68,106.7201,1434.0
2018-01-03 09:57:00,106.73,106.74,106.65,106.71,1504.0
2018-01-03 09:58:00,106.94,106.95,106.79,106.79,1150.0
2018-01-03 10:00:00,106.97,106.97,106.97,106.97,100.0
2018-01-03 10:01:00,106.89,106.96,106.89,106.96,200.0
2018-01-03 10:02:00,106.96,106.96,106.88,106.95,1199.0
2018-01-03 10:03:00,106.86,106.93,106.77,106.93,2700.0
2018-01-03 10:04:00,106.78299999999999,106.78299999999999,106.78299999999999,106.78299999999999,1128.0
2018-01-03 10:05:00,106.85,106.85,106.85,106.85,200.0
2018-01-03 10:06:00,106.82,106.82,106.82,106.82,100.0
2018-01-03 10:07:00,106.86,106.86,106.78,106.8192,3830.0
2018-01-03 10:08:00,106.91,106.96,106.86,106.86,1312.0
2018-01-03 10:09:00,107.06,107.06,106.98,106.98,1100.0
2018-01-03 10:10:00,106.9701,107.08,106.9701,107.08,3000.0
2018-01-03 10:11:00,106.87,106.97,106.87,106.97,2500.0
2018-01-03 10:12:00,106.8,106.83,106.8,106.83,400.0
2018-01-03 10:13:00,106.9,106.9,106.806,106.806,1142.0
2018-01-03 10:14:00,106.89,106.89,106.89,106.89,100.0
2018-01-03 10:15:00,107.01,107.04,106.95,106.95,2000.0
2018-01-03 10:16:00,106.9,107.02,106.89,107.02,4100.0
2018-01-03 10:17:00,106.97,106.99,106.9,106.9,800.0
2018-01-03 10:18:00,107.01,107.02,106.9611,106.9611,1533.0
2018-01-03 10:19:00,107.03,107.09,107.03,107.09,200.0
2018-01-03 10:20:00,106.92,107.02,106.91,107.02,6600.0
2018-01-03 10:21:00,106.87,106.91,106.87,106.91,800.0
2018-01-03 10:22:00,106.87,106.905,106.87,106.905,200.0
2018-01-03 10:23:00,106.97,106.97,106.86,106.87,5716.0
2018-01-03 10:24:00,106.9,107.02,106.9,106.92,2800.0
2018-01-03 10:25:00,106.95,106.95,106.92,106.92,600.0
2018-01-03 10:26:00,107.04,107.06,106.95,106.95,1300.0
2018-01-03 10:27:00,107.13,107.16,107.0701,107.14,5500.0
2018-01-03 10:28:00,107.01,107.1,107.01,107.1,4656.0
2018-01-03 10:29:00,106.99,107.0,106.93,106.96,3027.0
2018-01-03 10:30:00,106.99,106.99,106.99,106.99,100.0
2018-01-03 10:31:00,107.03,107.08,106.98,107.035,1700.0
2018-01-03 10:32:00,107.0064,107.03,106.99,106.99,340.0
2018-01-03 10:33:00,107.06,107.06,106.99,106.99,300.0
2018-01-03 10:34:00,106.85,107.035,106.85,107.035,3073.0
2018-01-03 10:35:00,106.88,106.9,106.8,106.81,5500.0
2018-01-03 10:37:00,106.86,106.91,106.86,106.91,988.0
2018-01-03 10:38:00,106.84,106.84,106.84,106.84,100.0
2018-01-03 10:39:00,106.9175,106.9175,106.86,106.86,600.0
2018-01-03 10:40:00,106.96,106.96,106.88,106.9296,1500.0
2018-01-03 10:41:00,106.9,106.9,106.9,106.9,100.0
2018-01-03 10:42:00,106.94,107.0,106.94,106.96,4200.0
2018-01-03 10:43:00,107.00399999999999,107.01,106.96,106.96,1090.0
2018-01-03 10:44:00,107.0,107.0,106.92,106.96,500.0
2018-01-03 10:45:00,106.94,107.0,106.94,106.94,1700.0
2018-01-03 10:46:00,106.95,106.99,106.94,106.99,1350.0
2018-01-03 10:47:00,106.93,106.94,106.93,106.94,700.0
2018-01-03 10:48:00,106.89,106.91,106.89,106.91,1000.0
2018-01-03 10:49:00,106.86,106.8868,106.86,106.8868,1600.0
2018-01-03 10:51:00,106.89,106.89,106.85,106.87,1284.0
2018-01-03 10:52:00,106.88,106.88,106.88,106.88,100.0
2018-01-03 10:53:00,106.9,106.97,106.9,106.97,500.0
2018-01-03 10:54:00,106.9575,106.9575,106.9575,106.9575,100.0
2018-01-03 10:55:00,106.92,106.98,106.92,106.92,800.0
2018-01-03 10:56:00,106.97,106.97,106.92,106.92,200.0
2018-01-03 10:57:00,106.92,106.92,106.92,106.92,700.0
2018-01-03 10:59:00,106.92,106.92,106.88,106.88,200.0
2018-01-03 11:00:00,106.91,106.91,106.9,106.9,400.0
2018-01-03 11:01:00,106.77,106.87,106.74,106.87,3115.0
2018-01-03 11:02:00,106.73,106.77,106.72,106.73,1826.0
2018-01-03 11:03:00,106.7716,106.8,106.74,106.74,1363.0
2018-01-03 11:04:00,106.8432,106.8432,106.7601,106.825,1228.0
2018-01-03 11:05:00,106.87,106.87,106.825,106.825,500.0
2018-01-03 11:06:00,106.88,106.88,106.8,106.8444,975.0
2018-01-03 11:08:00,106.88,106.88,106.82,106.87,5393.0
2018-01-03 11:09:00,106.85,106.89,106.85,106.89,200.0
2018-01-03 11:10:00,106.84,106.85,106.84,106.85,1446.0
2018-01-03 11:11:00,106.8,106.8,106.8,106.8,200.0
2018-01-03 11:12:00,106.82,106.82,106.82,106.82,100.0
2018-01-03 11:13:00,106.81,106.81,106.81,106.81,100.0
2018-01-03 11:14:00,106.82,106.87,106.82,106.87,200.0
2018-01-03 11:15:00,106.9,106.9,106.88,106.88,400.0
2018-01-03 11:16:00,106.94,106.95,106.89,106.89,600.0
2018-01-03 11:17:00,106.945,106.97,106.92,106.92,500.0
2018-01-03 11:18:00,107.02,107.03,107.02,107.03,200.0
2018-01-03 11:19:00,107.04,107.04,106.96,106.96,1000.0
2018-01-03 11:20:00,106.89,107.04,106.89,106.98,2400.0
2018-01-03 11:21:00,106.87,106.87,106.87,106.87,100.0
2018-01-03 11:22:00,106.84,106.84,106.82,106.82,360.0
2018-01-03 11:24:00,106.81,106.88,106.77,106.82,3305.0
2018-01-03 11:25:00,106.73,106.77,106.72,106.75,3100.0
2018-01-03 11:26:00,106.73,106.73,106.73,106.73,100.0
2018-01-03 11:29:00,106.81,106.81,106.75,106.75,300.0
2018-01-03 11:30:00,106.77,106.82,106.72,106.8,1000.0
2018-01-03 11:31:00,106.81,106.81,106.77,106.81,300.0
2018-01-03 11:32:00,106.7,106.83,106.6855,106.82,3700.0
2018-01-03 11:33:00,106.75,106.75,106.74,106.75,300.0
2018-01-03 11:35:00,106.76,106.83,106.76,106.775,700.0
2018-01-03 11:36:00,106.8,106.8,106.8,106.8,300.0
2018-01-03 11:38:00,106.8276,106.8276,106.8,106.8,495.0
2018-01-03 11:39:00,106.84,106.87,106.84,106.84,885.0
2018-01-03 11:40:00,106.87,106.87,106.81,106.81,300.0
2018-01-03 11:41:00,106.79,106.93,106.79,106.89,5197.0
2018-01-03 11:46:00,106.78,106.81,106.78,106.8,500.0
2018-01-03 11:47:00,106.745,106.78,106.74,106.78,1644.0
2018-01-03 11:48:00,106.8,106.82,106.77,106.77,1039.0
2018-01-03 11:50:00,106.8,106.8,106.8,106.8,100.0
2018-01-03 11:51:00,106.85,106.85,106.85,106.85,100.0
2018-01-03 11:52:00,107.01,107.01,106.9604,106.9604,1300.0
2018-01-03 11:53:00,107.0,107.0,106.95,106.96,1500.0
2018-01-03 11:54:00,106.94,106.99,106.94,106.99,1156.0
2018-01-03 11:55:00,106.93,106.93,106.92,106.93,600.0
2018-01-03 11:56:00,106.91,106.91,106.91,106.91,100.0
2018-01-03 11:57:00,106.96,106.96,106.9275,106.94,800.0
2018-01-03 11:58:00,106.965,106.98,106.95,106.97,600.0
2018-01-03 11:59:00,106.89,106.95,106.87,106.95,2654.0
2018-01-03 12:00:00,106.79,106.86,106.79,106.86,1400.0
2018-01-03 12:02:00,106.84,106.87,106.82,106.83,1001.0
2018-01-03 12:03:00,106.84,106.85,106.84,106.84100000000001,375.0
2018-01-03 12:04:00,106.78,106.84,106.7,106.84,4896.0
2018-01-03 12:05:00,106.79,106.8,106.79,106.8,300.0
2018-01-03 12:06:00,106.81,106.83,106.805,106.83,600.0
2018-01-03 12:07:00,106.85,106.87,106.85,106.87,700.0
2018-01-03 12:08:00,106.87,106.87,106.83,106.84,2818.0
2018-01-03 12:09:00,106.949,106.949,106.949,106.949,300.0
2018-01-03 12:10:00,106.885,106.885,106.86,106.87,500.0
2018-01-03 12:11:00,106.85,106.88,106.85,106.88,300.0
2018-01-03 12:12:00,106.85,106.85,106.85,106.85,600.0
2018-01-03 12:13:00,106.8,106.81,106.8,106.81,700.0
2018-01-03 12:14:00,106.8,106.82,106.8,106.81,2799.0
2018-01-03 12:15:00,106.81,106.81,106.81,106.81,100.0
2018-01-03 12:16:00,106.82,106.82,106.805,106.82,2000.0
2018-01-03 12:17:00,106.775,106.81,106.76,106.81,2254.0
2018-01-03 12:18:00,106.8,106.82,106.79,106.8,800.0
2018-01-03 12:19:00,106.83,106.83,106.81,106.83,2000.0
2018-01-03 12:20:00,106.81,106.83,106.81,106.83,1493.0
2018-01-03 12:22:00,106.8362,106.8362,106.8362,106.8362,250.0
2018-01-03 12:23:00,106.75,106.835,106.75,106.835,1213.0
2018-01-03 12:25:00,106.78,106.78,106.76,106.76,300.0
2018-01-03 12:26:00,106.79,106.79,106.74,106.78,633.0
2018-01-03 12:28:00,106.79,106.79,106.79,106.79,100.0
2018-01-03 12:30:00,106.78,106.78,106.7489,106.7489,350.0
2018-01-03 12:31:00,106.8,106.8,106.79,106.79,300.0
2018-01-03 12:32:00,106.82,106.84,106.8,106.8,800.0
2018-01-03 12:33:00,106.82,106.82,106.82,106.82,100.0
2018-01-03 12:34:00,106.809,106.83,106.79,106.82,1000.0
2018-01-03 12:36:00,106.86,106.86,106.8,106.81,900.0
2018-01-03 12:37:00,106.8,106.9,106.8,106.88,2403.0
2018-01-03 12:38:00,106.82,106.83,106.81,106.81,500.0
2018-01-03 12:39:00,106.8,106.85,106.79,106.81,2780.0
2018-01-03 12:40:00,106.79,106.83,106.79,106.8,2883.0
2018-01-03 12:41:00,106.7986,106.7986,106.7986,106.7986,200.0
2018-01-03 12:43:00,106.805,106.805,106.805,106.805,300.0
2018-01-03 12:44:00,106.81,106.81,106.805,106.805,500.0
2018-01-03 12:45:00,106.74,106.8,106.74,106.8,2486.0
2018-01-03 12:46:00,106.73,106.78,106.73,106.78,1271.0
2018-01-03 12:47:00,106.63,106.72,106.63,106.72,1392.0
2018-01-03 12:48:00,106.58,106.66,106.58,106.65,2467.0
2018-01-03 12:49:00,106.42,106.58,106.42,106.58,3794.0
2018-01-03 12:50:00,106.52,106.56,106.44,106.46,3400.0
2018-01-03 12:51:00,106.51,106.625,106.51,106.52,2691.0
2018-01-03 12:52:00,106.66,106.66,106.51,106.56,1400.0
2018-01-03 12:53:00,106.72,106.72,106.67,106.67,800.0
2018-01-03 12:54:00,106.84,106.84,106.84,106.84,100.0
2018-01-03 12:55:00,106.74,106.8,106.69,106.8,2400.0
2018-01-03 12:56:00,106.68,106.73,106.66,106.73,1500.0
2018-01-03 12:59:00,106.67,106.75,106.63,106.7425,2600.0
2018-01-03 13:00:00,106.7,106.73,106.69,106.71,1199.0
2018-01-03 13:01:00,106.67,106.71,106.67,106.7,2500.0
2018-01-03 13:02:00,106.65,106.67,106.63,106.64,1900.0
2018-01-03 13:04:00,106.67,106.67,106.67,106.67,320.0
2018-01-03 13:05:00,106.67,106.67,106.67,106.67,100.0
2018-01-03 13:07:00,106.78,106.78,106.76,106.76,200.0
2018-01-03 13:09:00,106.84,106.84,106.76,106.8,500.0
2018-01-03 13:10:00,106.77,106.81,106.76,106.8,3527.0
2018-01-03 13:13:00,106.78,106.78,106.78,106.78,100.0
2018-01-03 13:15:00,106.78,106.78,106.7799,106.7799,455.0
2018-01-03 13:16:00,106.77,106.7768,106.77,106.7768,200.0
2018-01-03 13:17:00,106.73,106.78,106.73,106.755,531.0
2018-01-03 13:18:00,106.73,106.75,106.71,106.75,2600.0
2018-01-03 13:19:00,106.69,106.7258,106.68,106.7,1800.0
2018-01-03 13:20:00,106.67,106.69,106.67,106.69,300.0
2018-01-03 13:21:00,106.64,106.66,106.63,106.66,763.0
2018-01-03 13:23:00,106.71,106.71,106.65,106.65,1113.0
2018-01-03 13:24:00,106.73,106.76,106.69,106.7,1800.0
2018-01-03 13:25:00,106.745,106.825,106.72,106.73,5641.0
2018-01-03 13:26:00,106.773,106.773,106.75,106.75,300.0
2018-01-03 13:27:00,106.73,106.73,106.71,106.73,600.0
2018-01-03 13:28:00,106.66,106.72,106.62,106.7083,1600.0
2018-01-03 13:29:00,106.65,106.68,106.63,106.64,1900.0
2018-01-03 13:30:00,106.73,106.73,106.68,106.68,200.0
2018-01-03 13:32:00,106.73,106.73,106.73,106.73,100.0
2018-01-03 13:33:00,106.7688,106.78,106.73,106.73,600.0
2018-01-03 13:34:00,106.76,106.78,106.7527,106.7527,643.0
2018-01-03 13:35:00,106.74,106.76,106.74,106.75299999999999,2500.0
2018-01-03 13:36:00,106.71,106.71,106.71,106.71,100.0
2018-01-03 13:37:00,106.6,106.72,106.6,106.72,4740.0
2018-01-03 13:38:00,106.63,106.66,106.61,106.6172,1045.0
2018-01-03 13:39:00,106.64,106.665,106.63,106.63,600.0
2018-01-03 13:40:00,106.67,106.67,106.65,106.65,300.0
2018-01-03 13:41:00,106.76,106.76,106.69,106.69,420.0
2018-01-03 13:42:00,106.7,106.77,106.67,106.73,3711.0
2018-01-03 13:43:00,106.75,106.75,106.74,106.74,300.0
2018-01-03 13:44:00,106.78,106.78,106.78,106.78,200.0
2018-01-03 13:45:00,106.85,106.85,106.81,106.81,700.0
2018-01-03 13:46:00,106.8,106.815,106.8,106.815,300.0
2018-01-03 13:47:00,106.88,106.88,106.88,106.88,100.0
2018-01-03 13:48:00,106.85,106.88,106.85,106.8635,900.0
2018-01-03 13:49:00,106.91,106.91,106.91,106.91,100.0
2018-01-03 13:50:00,106.85,106.87,106.81,106.85,2100.0
2018-01-03 13:51:00,106.84,106.85,106.83,106.85,2291.0
2018-01-03 13:52:00,106.85,106.87,106.85,106.85,700.0
2018-01-03 13:53:00,106.83,106.9,106.82,106.87,2586.0
2018-01-03 13:54:00,106.89,106.9,106.82,106.88,1538.0
2018-01-03 13:55:00,106.88,106.88,106.88,106.88,100.0
2018-01-03 13:56:00,106.84,106.95,106.84,106.88,4104.0
2018-01-03 13:57:00,106.89,106.89,106.83,106.84,3850.0
2018-01-03 13:58:00,106.79,106.91,106.79,106.87,4057.0
2018-01-03 13:59:00,106.87,106.87,106.79,106.79,3498.0
2018-01-03 14:00:00,106.93,106.93,106.84,106.84,800.0
2018-01-03 14:02:00,107.05,107.1,106.94,106.98,2653.0
2018-01-03 14:03:00,107.11,107.11,107.05,107.1,2800.0
2018-01-03 14:04:00,107.05,107.11,107.04,107.1,1740.0
2018-01-03 14:05:00,107.08,107.08,107.04,107.07,1000.0
2018-01-03 14:06:00,107.14,107.14,107.0883,107.0883,400.0
2018-01-03 14:07:00,107.17,107.17,107.09,107.11,1922.0
2018-01-03 14:08:00,107.17,107.2,107.15,107.17,1720.0
2018-01-03 14:09:00,107.19,107.19,107.16,107.19,1600.0
2018-01-03 14:10:00,107.18,107.19,107.18,107.19,312.0
2018-01-03 14:11:00,107.205,107.23,107.18,107.19,6689.0
2018-01-03 14:12:00,107.19,107.23,107.19,107.19,5388.0
2018-01-03 14:13:00,107.225,107.24,107.17,107.2,4601.0
2018-01-03 14:14:00,107.155,107.225,107.155,107.225,4000.0
2018-01-03 14:15:00,107.165,107.17,107.155,107.155,1000.0
2018-01-03 14:16:00,107.18,107.18,107.1703,107.1703,450.0
2018-01-03 14:17:00,107.125,107.18,107.11,107.16,6280.0
2018-01-03 14:18:00,107.08,107.1259,107.08,107.11,1250.0
2018-01-03 14:19:00,107.16,107.18,107.08,107.08,2955.0
2018-01-03 14:20:00,107.11,107.175,107.11,107.175,2000.0
2018-01-03 14:21:00,107.07,107.07,107.07,107.07,100.0
2018-01-03 14:22:00,107.09,107.09,107.09,107.09,100.0
2018-01-03 14:23:00,107.07,107.09,107.05,107.08,2329.0
2018-01-03 14:24:00,107.07,107.07,107.07,107.07,100.0
2018-01-03 14:25:00,107.16,107.16,107.11,107.11,633.0
2018-01-03 14:26:00,107.182,107.182,107.17,107.17,291.0
2018-01-03 14:27:00,107.1842,107.2,107.1842,107.2,365.0
2018-01-03 14:28:00,107.16,107.18,107.16,107.18,1450.0
2018-01-03 14:29:00,107.1702,107.1702,107.14,107.16,1962.0
2018-01-03 14:30:00,107.18,107.18,107.17,107.18,856.0
2018-01-03 14:31:00,107.175,107.175,107.175,107.175,100.0
2018-01-03 14:32:00,107.21,107.21,107.19,107.19,600.0
2018-01-03 14:33:00,107.15,107.2,107.15,107.2,2267.0
2018-01-03 14:34:00,107.14,107.18,107.14,107.16,2698.0
2018-01-03 14:35:00,107.149,107.155,107.12,107.14,1100.0
2018-01-03 14:36:00,107.25,107.25,107.13,107.15,3037.0
2018-01-03 14:37:00,107.225,107.245,107.22,107.22,9598.0
2018-01-03 14:38:00,107.18,107.21,107.18,107.21,1200.0
2018-01-03 14:39:00,107.16,107.18,107.15,107.18,1800.0
2018-01-03 14:40:00,107.18,107.2,107.16,107.16,2329.0
2018-01-03 14:41:00,107.175,107.195,107.14,107.17,2500.0
2018-01-03 14:42:00,107.17,107.2,107.15,107.18,3356.0
2018-01-03 14:43:00,107.1,107.17,107.1,107.16,3400.0
2018-01-03 14:44:00,107.215,107.24,107.08,107.08,4086.0
2018-01-03 14:45:00,107.17,107.19,107.17,107.19,800.0
2018-01-03 14:46:00,107.17,107.17,107.16,107.16,600.0
2018-01-03 14:47:00,107.16,107.16,107.16,107.16,100.0
2018-01-03 14:48:00,107.1774,107.1774,107.1774,107.1774,250.0
2018-01-03 14:49:00,107.1686,107.17,107.13,107.16,1456.0
2018-01-03 14:50:00,107.16,107.16,107.14,107.15,1400.0
2018-01-03 14:52:00,107.1374,107.1374,107.1374,107.1374,250.0
2018-01-03 14:53:00,107.09,107.15,107.06,107.15,3257.0
2018-01-03 14:54:00,107.07,107.08,107.07,107.08,500.0
2018-01-03 14:55:00,107.1,107.1,107.06,107.06,1100.0
2018-01-03 14:56:00,107.15,107.15,107.07,107.07,2360.0
2018-01-03 14:57:00,107.16,107.16,107.16,107.16,100.0
2018-01-03 14:58:00,107.14,107.2,107.14,107.2,1400.0
2018-01-03 14:59:00,107.1374,107.1374,107.1374,107.1374,150.0
2018-01-03 15:00:00,107.2,107.2,107.13,107.14,2619.0
2018-01-03 15:01:00,107.15,107.185,107.15,107.18,1727.0
2018-01-03 15:02:00,107.18,107.18,107.16,107.16,1950.0
2018-01-03 15:03:00,107.19,107.19,107.13,107.18,1999.0
2018-01-03 15:04:00,107.19,107.19,107.19,107.19,125.0
2018-01-03 15:05:00,107.19,107.2,107.15,107.19,4100.0
2018-01-03 15:06:00,107.18,107.18,107.16,107.18,900.0
2018-01-03 15:07:00,107.17,107.175,107.17,107.175,300.0
2018-01-03 15:08:00,107.16,107.19,107.16,107.17,2200.0
2018-01-03 15:09:00,107.16,107.16,107.13,107.15,2036.0
2018-01-03 15:10:00,107.21,107.21,107.17,107.17,2850.0
2018-01-03 15:11:00,107.18,107.21,107.17,107.21,1921.0
2018-01-03 15:12:00,107.1546,107.1556,107.15,107.15,725.0
2018-01-03 15:13:00,107.15,107.17,107.15,107.15,2800.0
2018-01-03 15:14:00,107.16,107.16,107.16,107.16,100.0
2018-01-03 15:15:00,107.16,107.16,107.15,107.15,800.0
2018-01-03 15:16:00,107.13,107.155,107.12,107.14,2306.0
2018-01-03 15:17:00,107.19,107.19,107.13,107.14,2575.0
2018-01-03 15:19:00,107.18,107.18,107.18,107.18,100.0
2018-01-03 15:20:00,107.16,107.18,107.16,107.18,2857.0
2018-01-03 15:21:00,107.11,107.15,107.11,107.15,1800.0
2018-01-03 15:22:00,107.08,107.11,107.08,107.11,1191.0
2018-01-03 15:23:00,107.07,107.08,107.06,107.075,800.0
2018-01-03 15:24:00,107.06,107.08,107.04,107.05,4177.0
2018-01-03 15:25:00,107.09,107.09,107.06,107.06,2075.0
2018-01-03 15:26:00,107.06,107.08,107.06,107.08,1500.0
2018-01-03 15:27:00,107.1,107.11,107.0675,107.07,3875.0
2018-01-03 15:28:00,107.08,107.09,107.06,107.09,3442.0
2018-01-03 15:29:00,107.01,107.065,107.01,107.065,742.0
2018-01-03 15:30:00,106.98,107.02,106.98,107.02,2870.0
2018-01-03 15:31:00,106.9862,107.0,106.9862,107.0,871.0
2018-01-03 15:32:00,107.0,107.029,106.99,107.0,4641.0
2018-01-03 15:33:00,107.01,107.03,107.005,107.02,1468.0
2018-01-03 15:34:00,107.0205,107.03,107.0,107.03,1765.0
2018-01-03 15:35:00,107.02,107.03,107.01,107.015,1404.0
2018-01-03 15:36:00,107.12,107.12,107.03,107.04,5386.0
2018-01-03 15:37:00,107.14,107.15,107.11,107.15,2700.0
2018-01-03 15:38:00,107.13,107.13,107.12,107.12,2180.0
2018-01-03 15:39:00,107.16,107.17,107.115,107.12,2400.0
2018-01-03 15:40:00,107.17,107.185,107.165,107.17,1719.0
2018-01-03 15:41:00,107.15,107.17,107.14,107.17,3567.0
2018-01-03 15:42:00,107.0988,107.14,107.09,107.14,3454.0
2018-01-03 15:43:00,107.075,107.09,107.06,107.09,2799.0
2018-01-03 15:44:00,107.15,107.15,107.06,107.06,5525.0
2018-01-03 15:45:00,107.15,107.16,107.115,107.14,6174.0
2018-01-03 15:46:00,107.13,107.16,107.1275,107.14,5339.0
2018-01-03 15:47:00,107.11,107.14,107.11,107.125,3838.0
2018-01-03 15:48:00,107.09,107.13,107.09,107.12,4576.0
2018-01-03 15:49:00,106.99,107.09,106.99,107.07,5250.0
2018-01-03 15:50:00,106.88,106.97,106.88,106.97,5758.0
2018-01-03 15:51:00,106.94,106.96,106.9,106.9,7002.0
2018-01-03 15:52:00,106.92,106.95,106.92,106.94,4643.0
2018-01-03 15:53:00,106.9,106.93,106.87,106.93,6200.0
2018-01-03 15:54:00,106.99,106.99,106.895,106.9025,5444.0
2018-01-03 15:55:00,107.0,107.04,106.98,106.99,3801.0
2018-01-03 15:56:00,106.95,106.99,106.94,106.98,8988.0
2018-01-03 15:57:00,106.95,106.96,106.92,106.95,7453.0
2018-01-03 15:58:00,106.91,106.95,106.86,106.95,9848.0
2018-01-03 15:59:00,106.95,106.95,106.89,106.89,6693.0
2018-01-03 16:00:00,107.07,107.18,106.9499,106.95,40653.0
2018-01-04 09:30:00,107.58,107.58,107.58,107.58,5589.0
2018-01-04 09:31:00,107.6,107.6,107.6,107.6,100.0
2018-01-04 09:32:00,107.89,107.89,107.59,107.6,1100.0
2018-01-04 09:33:00,107.49,107.55,107.49,107.55,200.0
2018-01-04 09:34:00,107.45,107.465,107.45,107.46,800.0
2018-01-04 09:35:00,107.3,107.4737,107.29,107.47,1666.0
2018-01-04 09:36:00,107.34,107.34,107.32,107.32,200.0
2018-01-04 09:37:00,107.5025,107.5025,107.34,107.34,457.0
2018-01-04 09:38:00,107.48,107.57,107.36,107.36,500.0
2018-01-04 09:39:00,107.53,107.53,107.42,107.44,1751.0
2018-01-04 09:40:00,107.65,107.66,107.55,107.56,1800.0
2018-01-04 09:41:00,107.63,107.64,107.63,107.64,200.0
2018-01-04 09:42:00,107.64,107.64,107.6,107.64,900.0
2018-01-04 09:43:00,107.34,107.58,107.34,107.58,1050.0
2018-01-04 09:44:00,107.27,107.33,107.27,107.33,1550.0
2018-01-04 09:45:00,107.29,107.31,107.28,107.28,1263.0
2018-01-04 09:46:00,107.29,107.37,107.23,107.29,1300.0
2018-01-04 09:47:00,107.3,107.31,107.3,107.31,200.0
2018-01-04 09:48:00,107.275,107.275,107.275,107.275,400.0
2018-01-04 09:49:00,107.15,107.21,107.15,107.21,1547.0
2018-01-04 09:50:00,107.2,107.25,107.2,107.21,600.0
2018-01-04 09:51:00,107.24,107.24,107.18,107.18,400.0
2018-01-04 09:52:00,107.37,107.37,107.23,107.27,2637.0
2018-01-04 09:53:00,107.36,107.4,107.36,107.4,200.0
2018-01-04 09:54:00,107.38,107.38,107.37,107.37,600.0
2018-01-04 09:55:00,107.42,107.4635,107.42,107.455,1700.0
2018-01-04 09:56:00,107.45,107.45,107.45,107.45,500.0
2018-01-04 09:57:00,107.4,107.47,107.25,107.47,2700.0
2018-01-04 09:58:00,107.425,107.425,107.425,107.425,100.0
2018-01-04 09:59:00,107.4455,107.4455,107.43,107.43,1200.0
2018-01-04 10:00:00,107.38,107.42,107.38,107.42,600.0
2018-01-04 10:01:00,107.25,107.38,107.25,107.38,2270.0
2018-01-04 10:02:00,107.23,107.23,107.19,107.22,2860.0
2018-01-04 10:03:00,107.25,107.25,107.195,107.195,1721.0
2018-01-04 10:04:00,107.26,107.26,107.26,107.26,600.0
2018-01-04 10:05:00,107.26,107.26,107.26,107.26,100.0
2018-01-04 10:06:00,107.27,107.27,107.23,107.26,900.0
2018-01-04 10:07:00,107.29,107.3,107.28,107.28,802.0
2018-01-04 10:08:00,107.34,107.34,107.3,107.3,1317.0
2018-01-04 10:09:00,107.35,107.35,107.35,107.35,100.0
2018-01-04 10:10:00,107.2,107.32,107.2,107.32,2350.0
2018-01-04 10:11:00,107.15,107.15,107.15,107.15,100.0
2018-01-04 10:12:00,107.19,107.23,107.19,107.22,2550.0
2018-01-04 10:13:00,107.13,107.17,107.07,107.17,2199.0
2018-01-04 10:14:00,106.72,107.13,106.72,107.13,6289.0
2018-01-04 10:15:00,106.85,106.96,106.85,106.89,3512.0
2018-01-04 10:16:00,106.85,106.8768,106.85,106.8768,300.0
2018-01-04 10:17:00,106.93,106.93,106.85,106.85,1050.0
2018-01-04 10:18:00,106.95,107.0,106.95,107.0,400.0
2018-01-04 10:19:00,106.92,106.92,106.92,106.92,200.0
2018-01-04 10:20:00,106.96,107.0,106.96,106.96,891.0
2018-01-04 10:21:00,106.98,107.044,106.98,107.03,2950.0
2018-01-04 10:23:00,107.03,107.03,107.03,107.03,100.0
2018-01-04 10:24:00,107.05,107.06,107.01,107.04,1986.0
2018-01-04 10:26:00,106.98,107.1,106.98,107.1,2063.0
2018-01-04 10:27:00,107.03,107.05,107.02,107.05,625.0
2018-01-04 10:28:00,107.06,107.06,107.0,107.02,1700.0
2018-01-04 10:29:00,107.03,107.06,106.99,107.06,600.0
2018-01-04 10:30:00,106.99,107.07,106.99,107.06,1600.0
2018-01-04 10:31:00,106.93,106.98,106.93,106.98,739.0
2018-01-04 10:33:00,106.95,106.98,106.95,106.9699,3938.0
2018-01-04 10:34:00,106.98,106.98,106.97,106.97,600.0
2018-01-04 10:36:00,106.92,106.96,106.92,106.95,1500.0
2018-01-04 10:37:00,106.95,106.95,106.95,106.95,100.0
2018-01-04 10:38:00,107.01,107.01,106.9,106.96,4873.0
2018-01-04 10:39:00,107.025,107.0255,107.0,107.0,1100.0
2018-01-04 10:40:00,106.96,107.0,106.96,107.0,4729.0
2018-01-04 10:41:00,106.91,106.96,106.91,106.96,1552.0
2018-01-04 10:42:00,106.96,106.97,106.91,106.91,499.0
2018-01-04 10:43:00,106.97,106.98,106.96,106.97,2018.0
2018-01-04 10:44:00,107.07,107.07,107.01,107.01,1040.0
2018-01-04 10:47:00,106.85,107.05,106.82,107.05,4679.0
2018-01-04 10:48:00,106.88,106.92,106.87,106.87,2300.0
2018-01-04 10:50:00,106.76,106.85,106.76,106.85,3135.0
2018-01-04 10:51:00,106.76,106.76,106.76,106.76,100.0
2018-01-04 10:53:00,106.82,106.82,106.79,106.79,1000.0
2018-01-04 10:54:00,106.77,106.79,106.74,106.79,3336.0
2018-01-04 10:55:00,106.78,106.81,106.7497,106.7497,5420.0
2018-01-04 10:56:00,106.79,106.82,106.75,106.76,5939.0
2018-01-04 11:00:00,106.8,106.82,106.7915,106.7915,2706.0
2018-01-04 11:01:00,106.94,106.94,106.77,106.8,3100.0
2018-01-04 11:02:00,106.87,106.88,106.86,106.88,1293.0
2018-01-04 11:03:00,106.98,106.99,106.8958,106.8958,2110.0
2018-01-04 11:05:00,106.99,107.04,106.97,107.02,1110.0
2018-01-04 11:06:00,107.01,107.01,106.9793,106.9793,500.0
2018-01-04 11:10:00,106.92,106.98,106.92,106.98,2200.0
2018-01-04 11:11:00,106.97,106.98,106.95,106.96,1340.0
2018-01-04 11:12:00,107.0,107.0,107.0,107.0,100.0
2018-01-04 11:15:00,107.0,107.0,107.0,107.0,100.0
2018-01-04 11:16:00,107.04,107.09,107.04,107.06,1877.0
2018-01-04 11:17:00,106.91,107.02,106.91,107.0,1100.0
2018-01-04 11:18:00,106.91,106.93,106.91,106.92,1000.0
2018-01-04 11:19:00,106.87,106.87,106.87,106.87,200.0
2018-01-04 11:20:00,106.83,106.9229,106.83,106.9,1350.0
2018-01-04 11:21:00,106.84,106.84,106.84,106.84,300.0
2018-01-04 11:22:00,106.81,106.82,106.81,106.82,200.0
2018-01-04 11:23:00,106.89,106.89,106.875,106.875,2121.0
2018-01-04 11:24:00,106.85,106.89,106.85,106.89,1200.0
2018-01-04 11:26:00,106.81,106.85,106.77,106.85,3341.0
2018-01-04 11:27:00,106.80799999999999,106.80799999999999,106.80799999999999,106.80799999999999,200.0
2018-01-04 11:28:00,106.78,106.805,106.78,106.805,200.0
2018-01-04 11:29:00,106.7,106.8179,106.68,106.8179,5025.0
2018-01-04 11:30:00,106.66,106.68,106.66,106.68,600.0
2018-01-04 11:31:00,106.65,106.65,106.54,106.61,1600.0
2018-01-04 11:32:00,106.7,106.7,106.7,106.7,100.0
2018-01-04 11:33:00,106.71,106.71,106.71,106.71,809.0
2018-01-04 11:34:00,106.66,106.66,106.66,106.66,901.0
2018-01-04 11:35:00,106.64200000000001,106.66,106.64200000000001,106.66,200.0
2018-01-04 11:36:00,106.54,106.62,106.54,106.61,1100.0
2018-01-04 11:38:00,106.55,106.61,106.53,106.61,3630.0
2018-01-04 11:39:00,106.46,106.56,106.46,106.53,2969.0
2018-01-04 11:40:00,106.44,106.44,106.44,106.44,100.0
2018-01-04 11:41:00,106.43,106.43,106.43,106.43,100.0
2018-01-04 11:42:00,106.47,106.49,106.43,106.43,300.0
2018-01-04 11:43:00,106.45,106.49,106.43,106.475,3530.0
2018-01-04 11:44:00,106.49,106.49,106.49,106.49,100.0
2018-01-04 11:45:00,106.62,106.62,106.4816,106.49,3257.0
2018-01-04 11:46:00,106.665,106.67,106.61,106.61,1650.0
2018-01-04 11:47:00,106.69,106.74,106.69,106.7,831.0
2018-01-04 11:48:00,106.665,106.7,106.66,106.68,1209.0
2018-01-04 11:50:00,106.64,106.64,106.64,106.64,100.0
2018-01-04 11:53:00,106.66,106.665,106.62,106.665,2391.0
2018-01-04 11:54:00,106.62,106.62,106.62,106.62,300.0
2018-01-04 11:56:00,106.68,106.68,106.55,106.67,3520.0
2018-01-04 11:57:00,106.595,106.61,106.58,106.59,900.0
2018-01-04 11:58:00,106.61,106.61,106.555,106.56,700.0
2018-01-04 11:59:00,106.565,106.565,106.565,106.565,200.0
2018-01-04 12:00:00,106.565,106.57,106.5,106.55,1707.0
2018-01-04 12:02:00,106.51,106.58,106.51,106.58,300.0
2018-01-04 12:03:00,106.57,106.57,106.57,106.57,500.0
2018-01-04 12:04:00,106.57,106.57,106.57,106.57,200.0
2018-01-04 12:05:00,106.62,106.62,106.565,106.565,900.0
2018-01-04 12:07:00,106.75,106.75,106.69,106.69,400.0
2018-01-04 12:08:00,106.785,106.785,106.75,106.77,1216.0
2018-01-04 12:09:00,106.77,106.785,106.74,106.785,3103.0
2018-01-04 12:10:00,106.78,106.81,106.7528,106.7528,2200.0
2018-01-04 12:11:00,106.8,106.83,106.79,106.79,2400.0
2018-01-04 12:12:00,106.83,106.83,106.8,106.8,700.0
2018-01-04 12:13:00,106.83,106.83,106.771,106.8,1925.0
2018-01-04 12:14:00,106.8851,106.8851,106.8,106.8,2297.0
2018-01-04 12:15:00,106.86,106.89,106.84,106.88600000000001,3565.0
2018-01-04 12:16:00,106.96,106.96,106.885,106.91,4500.0
2018-01-04 12:17:00,106.97,107.03,106.97,106.9992,400.0
2018-01-04 12:18:00,106.97,107.005,106.94,106.97,2400.0
2018-01-04 12:19:00,106.95,107.0,106.95,107.0,3111.0
2018-01-04 12:20:00,106.9845,106.99,106.97,106.97,545.0
2018-01-04 12:21:00,106.97,106.97,106.93,106.94,900.0
2018-01-04 12:22:00,106.96,106.96,106.91,106.93,1538.0
2018-01-04 12:23:00,106.94,106.98,106.94,106.97,700.0
2018-01-04 12:24:00,106.91,106.97,106.91,106.969,800.0
2018-01-04 12:25:00,106.9,106.91,106.9,106.91,700.0
2018-01-04 12:26:00,106.92,106.94,106.91,106.91,900.0
2018-01-04 12:27:00,106.88,106.9,106.88,106.9,1100.0
2018-01-04 12:28:00,106.89,106.92,106.87,106.88,1600.0
2018-01-04 12:29:00,106.99,106.99,106.9,106.91,2400.0
2018-01-04 12:30:00,107.08,107.08,106.99,107.0,903.0
2018-01-04 12:31:00,107.06,107.06,107.06,107.06,3100.0
2018-01-04 12:32:00,107.07,107.085,107.06,107.06,700.0
2018-01-04 12:33:00,107.14,107.14,107.08,107.0847,780.0
2018-01-04 12:35:00,107.1,107.105,107.1,107.105,300.0
2018-01-04 12:36:00,107.12,107.12,107.12,107.12,100.0
2018-01-04 12:37:00,107.1,107.1,107.0891,107.0891,285.0
2018-01-04 12:38:00,107.12,107.12,107.1188,107.12,500.0
2018-01-04 12:39:00,107.12,107.12,107.1,107.11,300.0
2018-01-04 12:40:00,107.115,107.12,107.1,107.11,2100.0
2018-01-04 12:41:00,107.145,107.15,107.12,107.12,1200.0
2018-01-04 12:42:00,107.13,107.215,107.13,107.16,6553.0
2018-01-04 12:43:00,107.2,107.23,107.135,107.16,3445.0
2018-01-04 12:44:00,107.14,107.2,107.08,107.2,6163.0
2018-01-04 12:45:00,107.148,107.21,107.148,107.15,2100.0
2018-01-04 12:46:00,107.17,107.1799,107.13,107.13,300.0
2018-01-04 12:47:00,107.255,107.26,107.2,107.2,4000.0
2018-01-04 12:48:00,107.22,107.285,107.22,107.25,4500.0
2018-01-04 12:49:00,107.31,107.35,107.21,107.22,20865.0
2018-01-04 12:50:00,107.34,107.4,107.28,107.29,5131.0
2018-01-04 12:51:00,107.38,107.42,107.34,107.4,5683.0
2018-01-04 12:52:00,107.37,107.425,107.37,107.39,1200.0
2018-01-04 12:53:00,107.39,107.42,107.39,107.4,800.0
2018-01-04 12:54:00,107.425,107.4275,107.42,107.42,1250.0
2018-01-04 12:55:00,107.44,107.47,107.435,107.4448,2400.0
2018-01-04 12:56:00,107.4,107.44,107.38,107.44,1519.0
2018-01-04 12:58:00,107.4,107.4147,107.4,107.4147,350.0
2018-01-04 12:59:00,107.36,107.375,107.33,107.37,1392.0
2018-01-04 13:00:00,107.33,107.41,107.33,107.39,2900.0
2018-01-04 13:01:00,107.3475,107.35,107.34,107.34,600.0
2018-01-04 13:04:00,107.32,107.39,107.32,107.3768,2360.0
2018-01-04 13:05:00,107.3,107.34,107.3,107.3,1100.0
2018-01-04 13:06:00,107.16,107.27,107.16,107.27,1720.0
2018-01-04 13:07:00,107.23,107.23,107.185,107.21,1000.0
2018-01-04 13:08:00,107.13,107.21,107.13,107.18,2049.0
2018-01-04 13:09:00,107.19,107.19,107.19,107.19,100.0
2018-01-04 13:10:00,107.145,107.145,107.14,107.14,500.0
2018-01-04 13:11:00,107.195,107.21,107.14,107.14,900.0
2018-01-04 13:12:00,107.18,107.23,107.18,107.23,1060.0
2018-01-04 13:13:00,107.14,107.18,107.14,107.155,950.0
2018-01-04 13:15:00,107.15,107.15,107.15,107.15,100.0
2018-01-04 13:16:00,107.03,107.12,107.03,107.12,1076.0
2018-01-04 13:17:00,107.065,107.09,107.065,107.08,500.0
2018-01-04 13:18:00,107.09,107.09,107.09,107.09,100.0
2018-01-04 13:20:00,107.08,107.08,107.08,107.08,100.0
2018-01-04 13:21:00,107.08,107.09,107.08,107.09,1200.0
2018-01-04 13:22:00,107.08,107.1,107.08,107.1,200.0
2018-01-04 13:23:00,107.14,107.14,107.14,107.14,100.0
2018-01-04 13:24:00,107.11,107.12,107.11,107.12,240.0
2018-01-04 13:25:00,107.19,107.19,107.15,107.15,200.0
2018-01-04 13:27:00,107.11,107.16,107.11,107.16,725.0
2018-01-04 13:28:00,107.12,107.12,107.12,107.12,100.0
2018-01-04 13:29:00,107.1,107.1,107.1,107.1,200.0
2018-01-04 13:30:00,107.12,107.12,107.12,107.12,100.0
2018-01-04 13:31:00,107.1037,107.1037,107.1037,107.1037,125.0
2018-01-04 13:36:00,107.08,107.14,107.08,107.14,2100.0
2018-01-04 13:37:00,107.0936,107.0936,107.0936,107.0936,100.0
2018-01-04 13:40:00,107.1,107.1,107.1,107.1,200.0
2018-01-04 13:41:00,107.08,107.11,107.04,107.09,2400.0
2018-01-04 13:45:00,107.1,107.105,107.06,107.09,2700.0
2018-01-04 13:47:00,107.08,107.12,107.08,107.105,1800.0
2018-01-04 13:49:00,107.1,107.1,107.1,107.1,300.0
2018-01-04 13:50:00,107.1,107.1,107.1,107.1,100.0
2018-01-04 13:51:00,107.04,107.105,107.04,107.09,5300.0
2018-01-04 13:52:00,107.045,107.045,107.045,107.045,300.0
2018-01-04 13:55:00,107.0,107.03,107.0,107.03,1650.0
2018-01-04 13:56:00,107.04,107.05,107.04,107.04,800.0
2018-01-04 13:58:00,107.05,107.05,107.0,107.0,278.0
2018-01-04 13:59:00,107.1,107.1,107.04,107.05,2000.0
2018-01-04 14:00:00,107.195,107.195,107.12,107.12,400.0
2018-01-04 14:01:00,107.22,107.22,107.22,107.22,100.0
2018-01-04 14:02:00,107.18,107.21,107.18,107.21,1000.0
2018-01-04 14:04:00,107.25,107.25,107.21,107.22,1000.0
2018-01-04 14:06:00,107.25,107.25,107.25,107.25,200.0
2018-01-04 14:07:00,107.24,107.25,107.23,107.235,1700.0
2018-01-04 14:08:00,107.23,107.25,107.23,107.24,2600.0
2018-01-04 14:09:00,107.2768,107.2768,107.24,107.24,800.0
2018-01-04 14:10:00,107.3,107.305,107.2625,107.2625,800.0
2018-01-04 14:11:00,107.26,107.3,107.26,107.28,2269.0
2018-01-04 14:12:00,107.27,107.27,107.27,107.27,396.0
2018-01-04 14:13:00,107.25,107.25,107.25,107.25,100.0
2018-01-04 14:15:00,107.3,107.3,107.3,107.3,100.0
2018-01-04 14:16:00,107.29899999999999,107.3,107.275,107.275,800.0
2018-01-04 14:17:00,107.3,107.31,107.29,107.3,1816.0
2018-01-04 14:18:00,107.3,107.3,107.3,107.3,1700.0
2018-01-04 14:19:00,107.31,107.31,107.27,107.3,800.0
2018-01-04 14:20:00,107.3,107.32,107.28,107.32,1100.0
2018-01-04 14:21:00,107.3,107.32,107.3,107.32,200.0
2018-01-04 14:22:00,107.32,107.32,107.305,107.305,500.0
2018-01-04 14:23:00,107.27,107.29,107.27,107.29,1900.0
2018-01-04 14:24:00,107.21,107.27,107.21,107.27,2100.0
2018-01-04 14:26:00,107.2,107.22,107.1915,107.195,2035.0
2018-01-04 14:27:00,107.18,107.18,107.18,107.18,100.0
2018-01-04 14:28:00,107.18,107.18,107.18,107.18,100.0
2018-01-04 14:29:00,107.23,107.23,107.18,107.18,1000.0
2018-01-04 14:30:00,107.27,107.27,107.22,107.22,3334.0
2018-01-04 14:34:00,107.21,107.245,107.21,107.22,1500.0
2018-01-04 14:36:00,107.235,107.235,107.235,107.235,300.0
2018-01-04 14:37:00,107.21,107.21,107.21,107.21,100.0
2018-01-04 14:38:00,107.18,107.23,107.18,107.21,2500.0
2018-01-04 14:39:00,107.1,107.1625,107.08,107.16,8786.0
2018-01-04 14:40:00,107.1303,107.15,107.1303,107.14,1395.0
2018-01-04 14:41:00,107.17,107.17,107.16,107.16,300.0
2018-01-04 14:42:00,107.16,107.16,107.16,107.16,200.0
2018-01-04 14:44:00,107.18,107.19,107.16,107.17,1990.0
2018-01-04 14:45:00,107.24,107.24,107.19,107.19,584.0
2018-01-04 14:46:00,107.27,107.27,107.2347,107.2347,244.0
2018-01-04 14:47:00,107.2546,107.2546,107.2546,107.2546,200.0
2018-01-04 14:48:00,107.29,107.29,107.29,107.29,400.0
2018-01-04 14:49:00,107.31,107.32,107.29,107.32,2000.0
2018-01-04 14:50:00,107.25,107.31,107.25,107.305,2555.0
2018-01-04 14:51:00,107.28,107.28,107.24,107.24,1300.0
2018-01-04 14:52:00,107.265,107.265,107.26,107.26,500.0
2018-01-04 14:53:00,107.25,107.28,107.25,107.28,200.0
2018-01-04 14:54:00,107.22,107.27,107.22,107.25,1500.0
2018-01-04 14:55:00,107.2,107.229,107.2,107.21,800.0
2018-01-04 14:56:00,107.19,107.23,107.19,107.21,1200.0
2018-01-04 14:57:00,107.2,107.22,107.18,107.18,1546.0
2018-01-04 14:58:00,107.2023,107.22,107.19,107.22,1260.0
2018-01-04 14:59:00,107.2,107.2,107.2,107.2,100.0
2018-01-04 15:00:00,107.21,107.21,107.1954,107.1954,365.0
2018-01-04 15:01:00,107.2,107.2,107.16,107.19,2400.0
2018-01-04 15:03:00,107.186,107.186,107.186,107.186,500.0
2018-01-04 15:04:00,107.15,107.18,107.15,107.18,900.0
2018-01-04 15:05:00,107.15,107.17,107.135,107.17,1000.0
2018-01-04 15:06:00,107.07,107.14,107.07,107.13,3659.0
2018-01-04 15:07:00,107.0,107.02,107.0,107.02,1148.0
2018-01-04 15:09:00,107.01,107.01,107.01,107.01,200.0
2018-01-04 15:11:00,107.0,107.03,107.0,107.02,1057.0
2018-01-04 15:12:00,107.0,107.01,107.0,107.0,300.0
2018-01-04 15:13:00,107.0,107.02,107.0,107.0,1115.0
2018-01-04 15:14:00,107.0,107.01,106.99,107.01,600.0
2018-01-04 15:15:00,106.98,106.99,106.98,106.99,300.0
2018-01-04 15:16:00,106.96,106.9997,106.96,106.9997,2900.0
2018-01-04 15:17:00,106.95,106.95,106.93,106.95,1550.0
2018-01-04 15:18:00,106.95,106.97,106.94,106.94,2079.0
2018-01-04 15:19:00,107.01,107.01,106.98,106.98,800.0
2018-01-04 15:20:00,106.96,107.0017,106.96,107.0017,1450.0
2018-01-04 15:23:00,106.96,106.9752,106.96,106.9752,800.0
2018-01-04 15:24:00,106.93,106.96,106.92,106.96,1300.0
2018-01-04 15:25:00,106.96,106.96,106.96,106.96,200.0
2018-01-04 15:26:00,106.95,106.98,106.95,106.98,1500.0
2018-01-04 15:27:00,106.96,106.96,106.95,106.95,950.0
2018-01-04 15:28:00,106.97,107.0093,106.97,106.98,2715.0
2018-01-04 15:29:00,106.95,106.985,106.95,106.9705,2040.0
2018-01-04 15:30:00,106.9793,106.9793,106.96,106.96,275.0
2018-01-04 15:31:00,106.98,106.98,106.9664,106.9664,1300.0
2018-01-04 15:32:00,106.95,107.0,106.95,106.98,2894.0
2018-01-04 15:33:00,106.92,106.9495,106.92,106.94,869.0
2018-01-04 15:34:00,106.94,106.94,106.92,106.92,200.0
2018-01-04 15:35:00,106.96,106.99,106.9,106.94,4166.0
2018-01-04 15:36:00,106.96,106.97,106.94,106.97,700.0
2018-01-04 15:37:00,106.93,106.96,106.93,106.95,3279.0
2018-01-04 15:38:00,106.93,106.93,106.91,106.91,400.0
2018-01-04 15:39:00,106.92,106.95,106.92,106.92,2892.0
2018-01-04 15:41:00,106.98,106.98,106.91,106.917,3791.0
2018-01-04 15:42:00,106.99,107.0,106.95,106.99,2250.0
2018-01-04 15:43:00,106.95,106.99,106.95,106.97,1150.0
2018-01-04 15:44:00,106.98,106.99,106.9695,106.97,850.0
2018-01-04 15:45:00,106.89,106.985,106.89,106.97,5918.0
2018-01-04 15:46:00,106.91,106.93,106.89,106.89,3397.0
2018-01-04 15:47:00,106.89,106.9,106.89,106.9,1400.0
2018-01-04 15:48:00,106.86,106.89,106.84,106.89,3973.0
2018-01-04 15:49:00,106.85,106.87,106.85,106.86,1300.0
2018-01-04 15:50:00,106.88,106.9,106.85,106.85,3444.0
2018-01-04 15:51:00,106.9199,106.9199,106.87,106.87899999999999,4329.0
2018-01-04 15:52:00,106.87,106.91,106.87,106.88,4155.0
2018-01-04 15:53:00,106.86,106.87,106.85,106.87,3449.0
2018-01-04 15:54:00,106.86,106.86,106.85,106.85,2020.0
2018-01-04 15:55:00,106.87,106.89,106.85,106.865,5017.0
2018-01-04 15:56:00,106.95,106.97,106.88,106.88,3057.0
2018-01-04 15:57:00,107.03,107.03,106.95,106.98,3743.0
2018-01-04 15:58:00,107.07,107.07,107.0,107.0,7176.0
2018-01-04 15:59:00,107.09,107.1,107.05,107.07,5928.0
2018-01-04 16:00:00,107.0,107.12,106.99,107.09,22281.0
2018-01-05 09:30:00,107.75,107.75,107.75,107.75,5488.0
2018-01-05 09:32:00,108.04,108.04,107.5534,107.5534,600.0
2018-01-05 09:33:00,108.45,108.45,107.87,107.945,1200.0
2018-01-05 09:34:00,108.1,108.39,108.1,108.39,1300.0
2018-01-05 09:35:00,108.5,108.5,108.12,108.12,700.0
2018-01-05 09:36:00,108.18,108.355,108.1701,108.355,1190.0
2018-01-05 09:37:00,107.93,108.17,107.93,108.17,1000.0
2018-01-05 09:38:00,108.145,108.18,108.0,108.0,4600.0
2018-01-05 09:39:00,108.4189,108.4189,108.03,108.03,8052.0
2018-01-05 09:40:00,108.325,108.3985,108.31,108.3985,4010.0
2018-01-05 09:41:00,108.399,108.4299,108.325,108.325,6754.0
2018-01-05 09:42:00,108.27,108.45,108.27,108.39,1650.0
2018-01-05 09:43:00,108.26,108.29,108.25,108.29,1098.0
2018-01-05 09:44:00,108.15,108.25,108.13,108.13,2483.0
2018-01-05 09:45:00,108.21,108.21,108.12,108.12,2089.0
2018-01-05 09:46:00,108.19,108.26,108.09,108.19,1900.0
2018-01-05 09:47:00,108.14,108.14,108.14,108.14,200.0
2018-01-05 09:48:00,107.93,108.17,107.93,108.17,1589.0
2018-01-05 09:49:00,107.97,108.045,107.92,107.99,1000.0
2018-01-05 09:50:00,107.88,107.92,107.79,107.87,600.0
2018-01-05 09:51:00,107.92,108.0285,107.92,107.995,1238.0
2018-01-05 09:52:00,107.88,107.88,107.87,107.87,300.0
2018-01-05 09:53:00,107.985,108.05,107.92,108.0,2500.0
2018-01-05 09:54:00,107.96,108.09,107.93,108.05,900.0
2018-01-05 09:55:00,108.015,108.024,107.94,107.95,663.0
2018-01-05 09:56:00,107.865,108.027,107.865,108.027,3442.0
2018-01-05 09:57:00,107.939,107.94,107.88,107.94,600.0
2018-01-05 09:58:00,107.82,107.88,107.82,107.83,300.0
2018-01-05 09:59:00,107.9,107.93,107.9,107.91,623.0
2018-01-05 10:00:00,107.84,107.895,107.777,107.895,1350.0
2018-01-05 10:01:00,107.83,107.8965,107.77,107.84,500.0
2018-01-05 10:02:00,107.65,107.87,107.65,107.845,3486.0
2018-01-05 10:03:00,107.64,107.685,107.64,107.67,600.0
2018-01-05 10:04:00,107.62,107.68,107.61,107.64,700.0
2018-01-05 10:05:00,107.645,107.645,107.645,107.645,100.0
2018-01-05 10:06:00,107.66,107.7356,107.62,107.68,8312.0
2018-01-05 10:07:00,107.79,107.8071,107.65,107.697,7498.0
2018-01-05 10:08:00,107.745,107.81,107.66,107.74,2615.0
2018-01-05 10:09:00,108.035,108.07,107.76,107.8,7300.0
2018-01-05 10:10:00,107.94,108.01,107.94,108.01,2400.0
2018-01-05 10:11:00,108.02,108.06,107.98,107.98,500.0
2018-01-05 10:12:00,108.13,108.13,108.015,108.02,1982.0
2018-01-05 10:13:00,108.19,108.19,108.095,108.1,600.0
2018-01-05 10:14:00,108.115,108.23,108.11,108.16,27000.0
2018-01-05 10:15:00,108.08,108.11,108.04,108.11,2543.0
2018-01-05 10:16:00,108.16,108.16,108.115,108.115,800.0
2018-01-05 10:17:00,107.895,108.0801,107.895,108.0801,1800.0
2018-01-05 10:18:00,107.91,107.95,107.91,107.94,1700.0
2018-01-05 10:19:00,107.855,107.9,107.82,107.88,4141.0
2018-01-05 10:20:00,107.87,107.88,107.81,107.855,3885.0
2018-01-05 10:21:00,107.68,107.87,107.68,107.86,5598.0
2018-01-05 10:22:00,107.75,107.78,107.68,107.7,9158.0
2018-01-05 10:23:00,107.73,107.84,107.73,107.77,5800.0
2018-01-05 10:24:00,107.73,107.78,107.7,107.755,5728.0
2018-01-05 10:25:00,107.6,107.755,107.6,107.72,5300.0
2018-01-05 10:26:00,107.69,107.74,107.61,107.67,2250.0
2018-01-05 10:27:00,107.6,107.71,107.59,107.7,4900.0
2018-01-05 10:28:00,107.6,107.705,107.58,107.65,5500.0
2018-01-05 10:29:00,107.755,107.84,107.63,107.63,6300.0
2018-01-05 10:30:00,107.82,107.82,107.75,107.76,13300.0
2018-01-05 10:31:00,107.78,107.83,107.76,107.82,4507.0
2018-01-05 10:32:00,107.9,107.9,107.8025,107.8025,1900.0
2018-01-05 10:33:00,107.97,107.97,107.93,107.93,1700.0
2018-01-05 10:34:00,107.94,108.0,107.92,107.99,3509.0
2018-01-05 10:35:00,108.05,108.05,107.95,107.97,1300.0
2018-01-05 10:36:00,108.115,108.12,108.08,108.11,500.0
2018-01-05 10:37:00,108.065,108.12,108.05,108.09,3200.0
2018-01-05 10:38:00,108.095,108.15,108.09,108.09,2901.0
2018-01-05 10:39:00,108.07,108.11,108.045,108.11,7200.0
2018-01-05 10:40:00,108.01,108.11,108.0,108.08,3627.0
2018-01-05 10:41:00,108.03,108.04,108.0,108.0,1900.0
2018-01-05 10:42:00,107.99,108.02,107.99,108.02,4507.0
2018-01-05 10:43:00,107.97,108.02,107.97,107.995,4419.0
2018-01-05 10:44:00,107.875,107.97,107.87,107.97,3750.0
2018-01-05 10:45:00,107.96,107.96,107.93,107.93,700.0
2018-01-05 10:46:00,107.945,107.99,107.9,107.99,1700.0
2018-01-05 10:47:00,107.88,107.95,107.88,107.93,1200.0
2018-01-05 10:48:00,107.94,107.94,107.86,107.91,7068.0
2018-01-05 10:49:00,107.93,107.99,107.93,107.945,4109.0
2018-01-05 10:50:00,107.7711,107.935,107.7711,107.93,5200.0
2018-01-05 10:51:00,107.975,107.975,107.88,107.88,2947.0
2018-01-05 10:52:00,107.97,108.01,107.96,107.96,8820.0
2018-01-05 10:53:00,107.99,108.01,107.97,108.0,1540.0
2018-01-05 10:54:00,107.96,107.98,107.96,107.98,750.0
2018-01-05 10:55:00,107.85,107.98,107.78,107.97,3606.0
2018-01-05 10:56:00,107.875,107.89,107.81,107.835,1300.0
2018-01-05 10:57:00,107.95,107.95,107.92,107.92,600.0
2018-01-05 10:58:00,108.055,108.06,107.965,107.97,13685.0
2018-01-05 10:59:00,108.09,108.1,108.05,108.07,7407.0
2018-01-05 11:00:00,108.02,108.09,108.0,108.08,8759.0
2018-01-05 11:01:00,107.98,108.02,107.98,108.015,4840.0
2018-01-05 11:02:00,108.0,108.02,107.95,108.005,6240.0
2018-01-05 11:03:00,108.08,108.1,108.0,108.0,2396.0
2018-01-05 11:04:00,108.03,108.09,108.0,108.08,4680.0
2018-01-05 11:05:00,108.05,108.09,108.0,108.06,7200.0
2018-01-05 11:06:00,108.01,108.08,108.01,108.07,10188.0
2018-01-05 11:07:00,108.0,108.06,107.95,108.04,5800.0
2018-01-05 11:08:00,108.02,108.04,107.9908,107.9908,1265.0
2018-01-05 11:09:00,108.05,108.07,108.0,108.05,4000.0
2018-01-05 11:10:00,108.0,108.08,107.98,108.06,5200.0
2018-01-05 11:11:00,108.04,108.06,107.97,107.97,3900.0
2018-01-05 11:12:00,108.04,108.08,108.0,108.06,6457.0
2018-01-05 11:13:00,107.97,108.08,107.97,108.06,5200.0
2018-01-05 11:14:00,108.05,108.06,108.0,108.0,5300.0
2018-01-05 11:15:00,108.25,108.25,107.97,108.02,11400.0
2018-01-05 11:16:00,108.4,108.41,108.24,108.24,1825.0
2018-01-05 11:17:00,108.44,108.46600000000001,108.38,108.43,2600.0
2018-01-05 11:18:00,108.4401,108.4625,108.43,108.43,676.0
2018-01-05 11:19:00,108.53,108.53,108.45,108.45,1353.0
2018-01-05 11:20:00,108.525,108.64,108.5,108.5342,8949.0
2018-01-05 11:21:00,108.5675,108.59,108.555,108.59,531.0
2018-01-05 11:22:00,108.67,108.69,108.64,108.64,1900.0
2018-01-05 11:23:00,108.695,108.695,108.64,108.66,5000.0
2018-01-05 11:24:00,108.76,108.76,108.64,108.69,5832.0
2018-01-05 11:25:00,108.75,108.79,108.74,108.78,2200.0
2018-01-05 11:26:00,108.8,108.83,108.75,108.75,2920.0
2018-01-05 11:27:00,108.72,108.815,108.72,108.815,4300.0
2018-01-05 11:28:00,108.62,108.69,108.55,108.69,11400.0
2018-01-05 11:29:00,108.595,108.62,108.57,108.6,600.0
2018-01-05 11:30:00,108.6075,108.62,108.5975,108.62,1301.0
2018-01-05 11:31:00,108.56,108.66,108.56,108.66,1800.0
2018-01-05 11:32:00,108.48,108.56,108.44,108.55,4823.0
2018-01-05 11:33:00,108.54,108.59,108.44,108.44,3930.0
2018-01-05 11:34:00,108.48,108.54,108.41,108.54,4900.0
2018-01-05 11:35:00,108.38,108.51,108.38,108.48,4503.0
2018-01-05 11:36:00,108.41,108.44,108.35,108.39,6857.0
2018-01-05 11:37:00,108.28,108.41,108.25,108.41,5700.0
2018-01-05 11:38:00,108.24,108.25,108.16,108.25,4825.0
2018-01-05 11:39:00,108.21,108.23,108.16,108.23,1800.0
2018-01-05 11:40:00,108.06,108.22,108.06,108.22,2600.0
2018-01-05 11:41:00,108.16,108.22,108.03,108.06,5768.0
2018-01-05 11:42:00,108.1745,108.2,108.12,108.12,600.0
2018-01-05 11:43:00,108.1532,108.19,108.14,108.14,1000.0
2018-01-05 11:44:00,108.1339,108.1339,108.1339,108.1339,106.0
2018-01-05 11:45:00,108.11,108.13,108.09,108.13,600.0
2018-01-05 11:47:00,108.07,108.11,108.07,108.11,600.0
2018-01-05 11:48:00,108.1,108.1,108.06,108.06,956.0
2018-01-05 11:49:00,108.08,108.1,108.065,108.09,800.0
2018-01-05 11:51:00,108.03,108.08,108.03,108.08,200.0
2018-01-05 11:52:00,108.02,108.09,108.02,108.09,2005.0
2018-01-05 11:53:00,108.08,108.08,108.02,108.05,1500.0
2018-01-05 11:54:00,108.0,108.05,108.0,108.05,400.0
2018-01-05 11:55:00,108.01,108.01,107.99,107.99,300.0
2018-01-05 11:56:00,108.01,108.01,108.01,108.01,100.0
2018-01-05 11:57:00,108.02,108.02,108.02,108.02,100.0
2018-01-05 11:58:00,108.02,108.02,108.02,108.02,100.0
2018-01-05 11:59:00,108.02,108.02,108.02,108.02,100.0
2018-01-05 12:00:00,108.07,108.07,108.025,108.04,1900.0
2018-01-05 12:01:00,108.05,108.08,108.05,108.08,650.0
2018-01-05 12:03:00,107.9,108.045,107.9,108.045,2000.0
2018-01-05 12:04:00,107.9,107.9,107.88,107.88,606.0
2018-01-05 12:05:00,107.945,107.945,107.945,107.945,100.0
2018-01-05 12:06:00,107.96,107.96,107.96,107.96,100.0
2018-01-05 12:07:00,107.85,107.94,107.8,107.93,2100.0
2018-01-05 12:08:00,107.885,107.885,107.885,107.885,100.0
2018-01-05 12:09:00,107.88,107.885,107.88,107.885,353.0
2018-01-05 12:10:00,107.9,107.9,107.88,107.88,201.0
2018-01-05 12:11:00,107.905,107.92,107.9,107.9,300.0
2018-01-05 12:12:00,107.96,107.96,107.92,107.92,900.0
2018-01-05 12:13:00,107.9,107.93,107.85,107.93,2600.0
2018-01-05 12:14:00,107.87,107.92,107.87,107.88,1100.0
2018-01-05 12:15:00,107.82,107.82,107.82,107.82,100.0
2018-01-05 12:18:00,107.825,107.825,107.81,107.82,300.0
2018-01-05 12:19:00,107.8494,107.8494,107.81,107.81,340.0
2018-01-05 12:20:00,107.835,107.835,107.835,107.835,100.0
2018-01-05 12:21:00,107.83,107.84,107.82,107.8383,500.0
2018-01-05 12:22:00,107.84,107.85,107.83,107.85,2540.0
2018-01-05 12:23:00,107.675,107.86,107.675,107.86,2531.0
2018-01-05 12:24:00,107.6731,107.6731,107.6731,107.6731,150.0
2018-01-05 12:25:00,107.67,107.69,107.66,107.66,500.0
2018-01-05 12:26:00,107.66,107.66,107.66,107.66,100.0
2018-01-05 12:27:00,107.76,107.76,107.69,107.69,1300.0
2018-01-05 12:28:00,107.8,107.81,107.7,107.805,9390.0
2018-01-05 12:29:00,107.89,107.89,107.81,107.81,3420.0
2018-01-05 12:30:00,107.88,107.89,107.88,107.89,200.0
2018-01-05 12:31:00,107.83,107.89,107.83,107.86,1400.0
2018-01-05 12:32:00,107.83,107.83,107.81,107.83,352.0
2018-01-05 12:33:00,107.825,107.825,107.825,107.825,100.0
2018-01-05 12:35:00,107.82,107.85,107.82,107.825,500.0
2018-01-05 12:36:00,107.85,107.85,107.8,107.84,1602.0
2018-01-05 12:37:00,107.87,107.87,107.845,107.845,426.0
2018-01-05 12:38:00,107.84,107.875,107.84,107.86,2124.0
2018-01-05 12:39:00,107.81,107.84,107.78,107.84,1200.0
2018-01-05 12:40:00,107.81,107.82,107.81,107.82,800.0
2018-01-05 12:41:00,107.84,107.84,107.8172,107.8172,1087.0
2018-01-05 12:42:00,107.88,107.89,107.88,107.89,327.0
2018-01-05 12:43:00,107.93,107.94,107.91,107.9393,731.0
2018-01-05 12:44:00,107.935,107.935,107.935,107.935,100.0
2018-01-05 12:45:00,107.94,107.94,107.94,107.94,100.0
2018-01-05 12:46:00,107.97,107.97,107.92,107.92,1400.0
2018-01-05 12:47:00,107.98,108.01,107.945,107.97,4840.0
2018-01-05 12:48:00,108.02,108.02,107.97,107.9899,2540.0
2018-01-05 12:49:00,108.059,108.059,108.015,108.02,540.0
2018-01-05 12:50:00,108.06,108.06,108.04,108.04,2600.0
2018-01-05 12:51:00,108.1,108.1,108.05,108.06,1585.0
2018-01-05 12:52:00,108.1,108.1,108.085,108.085,200.0
2018-01-05 12:53:00,108.055,108.08,108.055,108.08,2420.0
2018-01-05 12:54:00,108.105,108.105,108.07,108.07,1500.0
2018-01-05 12:55:00,108.14,108.14,108.12,108.12,736.0
2018-01-05 12:56:00,108.14,108.14,108.11,108.13,2100.0
2018-01-05 12:57:00,108.11,108.14,108.11,108.1398,1600.0
2018-01-05 12:58:00,108.13,108.13,108.11,108.11,1005.0
2018-01-05 12:59:00,108.11,108.13,108.11,108.13,2000.0
2018-01-05 13:00:00,108.15,108.15,108.11,108.11,700.0
2018-01-05 13:01:00,108.17,108.17,108.13,108.13,300.0
2018-01-05 13:02:00,108.15,108.17,108.13,108.14,3300.0
2018-01-05 13:03:00,108.29,108.29,108.175,108.175,1566.0
2018-01-05 13:04:00,108.29,108.3,108.27,108.3,740.0
2018-01-05 13:05:00,108.29,108.29,108.28,108.28,400.0
2018-01-05 13:06:00,108.335,108.34,108.3,108.3,1500.0
2018-01-05 13:07:00,108.37,108.37,108.22,108.32,10018.0
2018-01-05 13:08:00,108.37,108.44,108.325,108.36,6426.0
2018-01-05 13:09:00,108.375,108.38,108.345,108.37,700.0
2018-01-05 13:10:00,108.39,108.44,108.39,108.42,3460.0
2018-01-05 13:11:00,108.39,108.4,108.34,108.39,1500.0
2018-01-05 13:12:00,108.43,108.44,108.38,108.38,707.0
2018-01-05 13:13:00,108.395,108.42,108.395,108.42,2400.0
2018-01-05 13:14:00,108.45,108.45,108.4,108.4,7200.0
2018-01-05 13:15:00,108.5,108.57,108.44,108.4414,11515.0
2018-01-05 13:16:00,108.49,108.52,108.465,108.49,1800.0
2018-01-05 13:17:00,108.25,108.45,108.25,108.44,3256.0
2018-01-05 13:18:00,108.43,108.5,108.29,108.29,5200.0
2018-01-05 13:19:00,108.4,108.45,108.31,108.44,8776.0
2018-01-05 13:20:00,108.4,108.4,108.36,108.39,2300.0
2018-01-05 13:21:00,108.41,108.42,108.41,108.41,700.0
2018-01-05 13:22:00,108.485,108.485,108.41,108.41,3837.0
2018-01-05 13:23:00,108.54,108.545,108.51,108.51,1800.0
2018-01-05 13:24:00,108.365,108.54,108.31,108.54,3445.0
2018-01-05 13:25:00,108.38,108.38,108.36,108.36,200.0
2018-01-05 13:26:00,108.365,108.41,108.365,108.375,4250.0
2018-01-05 13:27:00,108.45,108.48,108.365,108.365,1900.0
2018-01-05 13:28:00,108.4,108.44,108.39,108.42,1100.0
2018-01-05 13:30:00,108.4799,108.4799,108.45,108.45,200.0
2018-01-05 13:31:00,108.37,108.45,108.37,108.45,2369.0
2018-01-05 13:32:00,108.39,108.41,108.365,108.4,1100.0
2018-01-05 13:33:00,108.295,108.33,108.29,108.33,1611.0
2018-01-05 13:34:00,108.33,108.33,108.29,108.295,3722.0
2018-01-05 13:35:00,108.3275,108.4,108.315,108.33,6886.0
2018-01-05 13:36:00,108.375,108.38,108.33,108.33,1500.0
2018-01-05 13:37:00,108.395,108.395,108.38,108.39,300.0
2018-01-05 13:38:00,108.46,108.46,108.395,108.395,2839.0
2018-01-05 13:39:00,108.43,108.45200000000001,108.43,108.45,3086.0
2018-01-05 13:40:00,108.44,108.45,108.435,108.435,1100.0
2018-01-05 13:41:00,108.29,108.43,108.29,108.43,4000.0
2018-01-05 13:42:00,108.43,108.43,108.3,108.31,3529.0
2018-01-05 13:43:00,108.45,108.45,108.45,108.45,100.0
2018-01-05 13:44:00,108.52,108.52,108.44,108.44,4448.0
2018-01-05 13:45:00,108.56,108.63,108.49,108.52,6000.0
2018-01-05 13:46:00,108.56,108.61,108.56,108.61,1500.0
2018-01-05 13:47:00,108.61,108.61,108.54,108.55,4904.0
2018-01-05 13:48:00,108.679,108.679,108.6,108.65,5900.0
2018-01-05 13:49:00,108.7,108.7885,108.66,108.66,7101.0
2018-01-05 13:50:00,108.77,108.78,108.69,108.72,7500.0
2018-01-05 13:51:00,108.75,108.77,108.68,108.74,7004.0
2018-01-05 13:52:00,108.67,108.77,108.65,108.73,7945.0
2018-01-05 13:53:00,108.75,108.76,108.535,108.65,7767.0
2018-01-05 13:54:00,108.81,108.86,108.725,108.78,8600.0
2018-01-05 13:55:00,108.8495,108.85,108.73,108.83,16635.0
2018-01-05 13:56:00,108.83,108.9,108.77,108.84,15053.0
2018-01-05 13:57:00,108.81,108.87,108.73,108.845,13339.0
2018-01-05 13:58:00,108.9095,108.9295,108.82,108.82,11101.0
2018-01-05 13:59:00,108.89,108.91,108.83,108.9,15870.0
2018-01-05 14:00:00,108.89,108.9,108.845,108.89,5000.0
2018-01-05 14:01:00,108.92,108.955,108.9,108.9,7153.0
2018-01-05 14:02:00,108.87,108.97,108.87,108.935,10721.0
2018-01-05 14:03:00,108.9,108.91,108.81,108.845,11332.0
2018-01-05 14:04:00,108.99,108.99,108.89,108.91,8783.0
2018-01-05 14:05:00,108.95,109.01,108.87,108.975,31786.0
2018-01-05 14:06:00,108.98,109.0095,108.91,108.9295,23032.0
2018-01-05 14:07:00,108.99,109.01,108.91,108.98,21633.0
2018-01-05 14:08:00,108.94,108.98,108.9,108.98,10770.0
2018-01-05 14:09:00,108.98,108.99,108.83,108.94,27014.0
2018-01-05 14:10:00,108.99,108.99,108.93,108.98,12818.0
2018-01-05 14:11:00,108.79,109.0,108.7,108.99,19750.0
2018-01-05 14:12:00,108.8,108.84,108.71,108.78,2996.0
2018-01-05 14:13:00,108.74,108.78,108.62,108.78,5038.0
2018-01-05 14:14:00,108.7,108.76,108.7,108.75,4163.0
2018-01-05 14:15:00,108.72,108.72,108.66,108.685,2209.0
2018-01-05 14:16:00,108.69,108.72,108.69,108.72,400.0
2018-01-05 14:17:00,108.79,108.79,108.68,108.69,3791.0
2018-01-05 14:18:00,108.825,108.8399,108.78,108.8,4642.0
2018-01-05 14:19:00,108.82,108.84,108.76,108.825,3536.0
2018-01-05 14:20:00,108.83,108.83,108.77,108.8,3067.0
2018-01-05 14:21:00,108.935,108.97,108.83,108.85,9575.0
2018-01-05 14:22:00,108.91,108.91,108.89,108.91,1500.0
2018-01-05 14:23:00,108.93,108.93,108.88,108.89,2230.0
2018-01-05 14:24:00,108.98,109.0,108.935,108.935,1400.0
2018-01-05 14:25:00,109.0,109.0,108.88,108.98,6482.0
2018-01-05 14:26:00,108.98,109.01,108.97,108.98,1400.0
2018-01-05 14:27:00,108.99,108.99,108.97,108.98,3045.0
2018-01-05 14:28:00,109.03,109.04,108.98,108.99,5599.0
2018-01-05 14:29:00,108.97,109.065,108.97,109.05,911.0
2018-01-05 14:30:00,108.985,109.0,108.985,109.0,1200.0
2018-01-05 14:31:00,109.01,109.01,108.985,108.9875,411.0
2018-01-05 14:32:00,108.99,109.03,108.98,108.99,4801.0
2018-01-05 14:33:00,108.96,109.01,108.935,109.01,5808.0
2018-01-05 14:34:00,109.0,109.01,108.96,108.96,5011.0
2018-01-05 14:35:00,109.02,109.02,109.0,109.0,1400.0
2018-01-05 14:36:00,109.01,109.0399,109.01,109.0399,700.0
2018-01-05 14:37:00,109.075,109.075,109.005,109.01,6981.0
2018-01-05 14:38:00,109.03,109.07,109.025,109.07,1400.0
2018-01-05 14:39:00,109.0,109.03,108.99,109.03,3134.0
2018-01-05 14:40:00,108.9861,109.01,108.9861,109.01,750.0
2018-01-05 14:41:00,108.995,108.995,108.98,108.98,200.0
2018-01-05 14:42:00,108.995,108.995,108.98,108.995,500.0
2018-01-05 14:43:00,108.9,108.98,108.9,108.98,1692.0
2018-01-05 14:44:00,108.94,109.0,108.92,108.93,3283.0
2018-01-05 14:45:00,108.93,108.96,108.93,108.94,1457.0
2018-01-05 14:46:00,109.0199,109.0199,108.95,108.96,3001.0
2018-01-05 14:47:00,108.99,109.0,108.97,108.99,4400.0
2018-01-05 14:48:00,109.0,109.0,108.9875,108.9897,2900.0
2018-01-05 14:49:00,109.025,109.025,108.98,108.99,2564.0
2018-01-05 14:50:00,109.06,109.06,109.01,109.01,5461.0
2018-01-05 14:51:00,109.03,109.08,109.03,109.08,1800.0
2018-01-05 14:52:00,109.055,109.06,109.03,109.03,3027.0
2018-01-05 14:53:00,108.99,109.04,108.95,109.04,3334.0
2018-01-05 14:54:00,108.97,108.99,108.95,108.99,800.0
2018-01-05 14:55:00,108.97,108.97,108.9664,108.9664,450.0
2018-01-05 14:56:00,108.96,108.97,108.94,108.97,3547.0
2018-01-05 14:57:00,108.98,108.99,108.96,108.97,2552.0
2018-01-05 14:58:00,108.95,108.98,108.94,108.98,1904.0
2018-01-05 14:59:00,108.97,108.97,108.97,108.97,600.0
2018-01-05 15:00:00,108.97,109.0,108.9645,109.0,968.0
2018-01-05 15:01:00,109.075,109.09,108.9704,108.9704,12042.0
2018-01-05 15:02:00,109.14,109.14,109.07,109.07,4404.0
2018-01-05 15:03:00,109.04,109.145,109.035,109.145,5334.0
2018-01-05 15:04:00,109.075,109.075,108.98,109.03,7500.0
2018-01-05 15:05:00,109.055,109.1,109.055,109.09,2500.0
2018-01-05 15:06:00,109.06,109.06,109.03,109.05,900.0
2018-01-05 15:07:00,109.225,109.49,109.05,109.0799,54970.0
2018-01-05 15:08:00,109.2225,109.29,109.2,109.245,7269.0
2018-01-05 15:09:00,109.2,109.21,109.2,109.21,3400.0
2018-01-05 15:10:00,109.215,109.22,109.16,109.2,5784.0
2018-01-05 15:11:00,109.23,109.2599,109.2,109.2,34000.0
2018-01-05 15:12:00,109.25399999999999,109.27,109.24,109.26,1100.0
2018-01-05 15:13:00,109.26,109.28,109.25,109.28,2100.0
2018-01-05 15:14:00,109.275,109.3,109.26,109.28,4873.0
2018-01-05 15:15:00,109.25,109.3,109.25,109.3,1100.0
2018-01-05 15:16:00,109.22,109.23,109.2,109.23,4340.0
2018-01-05 15:17:00,109.29,109.29,109.23,109.23,2400.0
2018-01-05 15:18:00,109.3,109.36,109.3,109.3,2748.0
2018-01-05 15:19:00,109.345,109.36,109.29,109.29,872.0
2018-01-05 15:20:00,109.3798,109.3798,109.375,109.375,1000.0
2018-01-05 15:21:00,109.39,109.39,109.35,109.375,3582.0
2018-01-05 15:22:00,109.46,109.47,109.39,109.39,9075.0
2018-01-05 15:23:00,109.46,109.46,109.46,109.46,200.0
2018-01-05 15:24:00,109.55,109.55,109.41,109.46,9000.0
2018-01-05 15:25:00,109.645,109.66,109.53,109.55,8663.0
2018-01-05 15:26:00,109.6,109.64,109.6,109.63,3700.0
2018-01-05 15:27:00,109.61,109.69,109.565,109.61,12008.0
2018-01-05 15:28:00,109.5,109.62,109.49,109.62,17283.0
2018-01-05 15:29:00,109.57,109.58,109.48,109.48,10500.0
2018-01-05 15:30:00,109.515,109.56,109.49,109.53,20830.0
2018-01-05 15:31:00,109.51,109.56,109.43,109.5,21318.0
2018-01-05 15:32:00,109.36,109.54,109.35,109.54,10878.0
2018-01-05 15:33:00,109.32,109.37,109.32,109.36,1940.0
2018-01-05 15:34:00,109.295,109.33,109.295,109.33,667.0
2018-01-05 15:35:00,109.22,109.29,109.22,109.29,1890.0
2018-01-05 15:36:00,109.13,109.2,109.13,109.2,1634.0
2018-01-05 15:37:00,109.01,109.11,109.01,109.11,5184.0
2018-01-05 15:38:00,109.075,109.09,109.01,109.01,10529.0
2018-01-05 15:39:00,109.01,109.08,109.01,109.08,3035.0
2018-01-05 15:40:00,108.98,109.0,108.97,108.98,5700.0
2018-01-05 15:41:00,108.96,108.98,108.945,108.97,3100.0
2018-01-05 15:42:00,109.06,109.06,108.94,108.94,43642.0
2018-01-05 15:43:00,109.055,109.07,109.04,109.05,4989.0
2018-01-05 15:44:00,109.03,109.035,109.01,109.03,2300.0
2018-01-05 15:45:00,109.07,109.1,109.04,109.04,5704.0
2018-01-05 15:46:00,109.11,109.12,109.06,109.06,10654.0
2018-01-05 15:47:00,109.08,109.12,109.07,109.1001,7417.0
2018-01-05 15:48:00,109.11,109.13,109.07,109.08,15819.0
2018-01-05 15:49:00,109.15,109.17,109.1,109.1,9830.0
2018-01-05 15:50:00,109.15,109.15,109.1,109.15,4820.0
2018-01-05 15:51:00,109.19,109.19,109.1401,109.15,43942.0
2018-01-05 15:52:00,109.16,109.22,109.15,109.2,6266.0
2018-01-05 15:53:00,109.18,109.18,109.16,109.17,3291.0
2018-01-05 15:54:00,109.145,109.17,109.13,109.16,11290.0
2018-01-05 15:55:00,109.14,109.15,109.1,109.145,15333.0
2018-01-05 15:56:00,109.15,109.17,109.14,109.15,8139.0
2018-01-05 15:57:00,109.1,109.15,109.1,109.15,9867.0
2018-01-05 15:58:00,109.14,109.14,109.09,109.09,7087.0
2018-01-05 15:59:00,109.16,109.16,109.12,109.13,7211.0
2018-01-05 16:00:00,109.12,109.18,109.07,109.15,23186.0
2018-01-08 09:30:00,109.0,109.0,109.0,109.0,5835.0
2018-01-08 09:31:00,109.18,109.18,108.81,108.81,400.0
2018-01-08 09:32:00,109.32,109.385,109.1261,109.1261,900.0
2018-01-08 09:33:00,109.3612,109.3612,109.3612,109.3612,164.0
2018-01-08 09:34:00,109.27,109.365,109.27,109.365,200.0
2018-01-08 09:35:00,108.96,109.12,108.96,109.12,700.0
2018-01-08 09:36:00,109.135,109.135,109.135,109.135,300.0
2018-01-08 09:38:00,108.97,108.97,108.97,108.97,100.0
2018-01-08 09:39:00,109.2057,109.2057,109.2057,109.2057,200.0
2018-01-08 09:40:00,108.85,109.0,108.85,109.0,700.0
2018-01-08 09:42:00,109.18,109.255,109.07,109.14,4185.0
2018-01-08 09:43:00,109.11,109.18,109.07,109.07,500.0
2018-01-08 09:44:00,109.33,109.33,109.14,109.2017,2055.0
2018-01-08 09:45:00,109.43,109.43,109.43,109.43,100.0
2018-01-08 09:46:00,109.38,109.42,109.25,109.42,3548.0
2018-01-08 09:47:00,109.21,109.28,109.19,109.26,1700.0
2018-01-08 09:48:00,109.18,109.26,109.18,109.19,2400.0
2018-01-08 09:49:00,109.21,109.27,109.18,109.18,1100.0
2018-01-08 09:50:00,109.375,109.44,109.265,109.265,1700.0
2018-01-08 09:51:00,109.51,109.62,109.5,109.5,2000.0
2018-01-08 09:52:00,109.535,109.66,109.5,109.59,7214.0
2018-01-08 09:53:00,109.59,109.645,109.49,109.535,6100.0
2018-01-08 09:54:00,109.635,109.6425,109.585,109.585,2000.0
2018-01-08 09:55:00,109.83,109.85,109.63,109.6699,8865.0
2018-01-08 09:56:00,109.93,109.98,109.73,109.82,7000.0
2018-01-08 09:57:00,109.81,109.89,109.78,109.89,2600.0
2018-01-08 09:58:00,109.69,109.85,109.66,109.78,5500.0
2018-01-08 09:59:00,109.45,109.68,109.44,109.68,2262.0
2018-01-08 10:00:00,109.5,109.55,109.42,109.44,4819.0
2018-01-08 10:01:00,109.48,109.53,109.47,109.53,3596.0
2018-01-08 10:02:00,109.45,109.48,109.45,109.48,1000.0
2018-01-08 10:03:00,109.35,109.45,109.35,109.45,5200.0
2018-01-08 10:04:00,109.24,109.36,109.24,109.35,4900.0
2018-01-08 10:05:00,109.19,109.32,109.18,109.29,12684.0
2018-01-08 10:06:00,109.21,109.25,109.15,109.2,24715.0
2018-01-08 10:07:00,109.2,109.23,109.12,109.15,7531.0
2018-01-08 10:08:00,109.32,109.32,109.15,109.23,9000.0
2018-01-08 10:09:00,109.23,109.28,109.215,109.28,1300.0
2018-01-08 10:10:00,109.2,109.25,109.2,109.25,1600.0
2018-01-08 10:11:00,109.225,109.23,109.18,109.23,900.0
2018-01-08 10:12:00,109.2,109.27,109.2,109.225,699.0
2018-01-08 10:13:00,109.28,109.29,109.235,109.235,1933.0
2018-01-08 10:14:00,109.28,109.34,109.25,109.27,5101.0
2018-01-08 10:16:00,109.275,109.275,109.25,109.25,200.0
2018-01-08 10:17:00,109.32,109.32,109.25,109.2796,1014.0
2018-01-08 10:18:00,109.3,109.31,109.28,109.29,1900.0
2018-01-08 10:19:00,109.36,109.415,109.29,109.29,2200.0
2018-01-08 10:20:00,109.36,109.36,109.36,109.36,100.0
2018-01-08 10:21:00,109.41,109.42,109.34,109.36,3400.0
2018-01-08 10:22:00,109.55,109.57,109.3802,109.385,7328.0
2018-01-08 10:23:00,109.45,109.56,109.45,109.56,4495.0
2018-01-08 10:25:00,109.44,109.44,109.44,109.44,200.0
2018-01-08 10:26:00,109.345,109.45,109.345,109.45,1800.0
2018-01-08 10:27:00,109.37,109.38,109.31,109.32,1914.0
2018-01-08 10:28:00,109.2,109.33,109.2,109.33,800.0
2018-01-08 10:29:00,109.33,109.35,109.22,109.22,2248.0
2018-01-08 10:30:00,109.34,109.39,109.28,109.3165,2800.0
2018-01-08 10:31:00,109.32,109.33,109.28,109.33,1447.0
2018-01-08 10:32:00,109.37799999999999,109.3894,109.33,109.33,1600.0
2018-01-08 10:33:00,109.4,109.44,109.345,109.36,5800.0
2018-01-08 10:34:00,109.42,109.49,109.35,109.39,3300.0
2018-01-08 10:35:00,109.41,109.44,109.4,109.42399999999999,1100.0
2018-01-08 10:36:00,109.45,109.46,109.415,109.415,600.0
2018-01-08 10:37:00,109.36,109.41,109.36,109.41,1495.0
2018-01-08 10:38:00,109.4,109.41,109.4,109.41,1000.0
2018-01-08 10:39:00,109.37,109.4,109.37,109.4,615.0
2018-01-08 10:40:00,109.305,109.36,109.305,109.35,1800.0
2018-01-08 10:41:00,109.25,109.28,109.23,109.27,2900.0
2018-01-08 10:42:00,109.185,109.24,109.12,109.24,7700.0
2018-01-08 10:43:00,109.22,109.22,109.04,109.16,7693.0
2018-01-08 10:44:00,109.23,109.23,109.195,109.195,1300.0
2018-01-08 10:45:00,109.17,109.3,109.17,109.3,4500.0
2018-01-08 10:46:00,109.26,109.29,109.17,109.17,7750.0
2018-01-08 10:47:00,109.26,109.26,109.17,109.23,3380.0
2018-01-08 10:48:00,109.3,109.34,109.23,109.245,6000.0
2018-01-08 10:49:00,109.27,109.3098,109.27,109.3,1800.0
2018-01-08 10:50:00,109.3,109.31,109.28,109.28,500.0
2018-01-08 10:51:00,109.24,109.32,109.24,109.32,1632.0
2018-01-08 10:52:00,109.22,109.22,109.15,109.185,1900.0
2018-01-08 10:53:00,109.32,109.32,109.23,109.23,4701.0
2018-01-08 10:54:00,109.29,109.3199,109.26,109.29,1300.0
2018-01-08 10:55:00,109.25,109.26,109.25,109.26,700.0
2018-01-08 10:56:00,109.21,109.3,109.21,109.25,3350.0
2018-01-08 10:57:00,109.3,109.3,109.16,109.21,5900.0
2018-01-08 10:58:00,109.23,109.26,109.23,109.25,1000.0
2018-01-08 10:59:00,109.26,109.26,109.2501,109.26,400.0
2018-01-08 11:00:00,109.21,109.26,109.18,109.26,2424.0
2018-01-08 11:01:00,109.17,109.22,109.17,109.22,2100.0
2018-01-08 11:02:00,109.21,109.21,109.16,109.18,3362.0
2018-01-08 11:03:00,109.2,109.2,109.2,109.2,100.0
2018-01-08 11:04:00,109.205,109.27,109.2,109.23,3436.0
2018-01-08 11:06:00,109.18,109.2,109.16,109.17,1300.0
2018-01-08 11:07:00,109.2,109.24,109.2,109.21,2120.0
2018-01-08 11:08:00,109.22,109.2264,109.22,109.2264,200.0
2018-01-08 11:09:00,109.27,109.27,109.21,109.24,2600.0
2018-01-08 11:10:00,109.22,109.28,109.22,109.27,1600.0
2018-01-08 11:11:00,109.21,109.27,109.2,109.27,1499.0
2018-01-08 11:12:00,109.23,109.24,109.2,109.2,1368.0
2018-01-08 11:14:00,109.18,109.2048,109.18,109.2,1200.0
2018-01-08 11:15:00,109.25,109.25,109.205,109.2199,1817.0
2018-01-08 11:16:00,109.16,109.24,109.16,109.23,3747.0
2018-01-08 11:17:00,109.14,109.16,109.14,109.16,1700.0
2018-01-08 11:18:00,109.1,109.15,109.01,109.15,4406.0
2018-01-08 11:19:00,109.155,109.155,109.12,109.12,1200.0
2018-01-08 11:20:00,109.13,109.16,109.13,109.16,1000.0
2018-01-08 11:21:00,109.14,109.15,109.11,109.13,2567.0
2018-01-08 11:22:00,109.15,109.15,109.14,109.14,1400.0
2018-01-08 11:23:00,109.19,109.2,109.16,109.16,1894.0
2018-01-08 11:24:00,109.13,109.18,109.13,109.18,1959.0
2018-01-08 11:25:00,109.09,109.1,109.09,109.1,1000.0
2018-01-08 11:26:00,109.02,109.055,109.02,109.055,600.0
2018-01-08 11:27:00,109.03,109.03,109.03,109.03,200.0
2018-01-08 11:28:00,109.05,109.05,109.04,109.04,200.0
2018-01-08 11:29:00,109.07,109.08,109.04,109.055,1900.0
2018-01-08 11:30:00,108.95,109.05,108.95,109.04,4606.0
2018-01-08 11:31:00,108.99,108.99,108.93,108.94,2587.0
2018-01-08 11:32:00,109.07,109.09,109.0,109.0,3113.0
2018-01-08 11:33:00,109.115,109.12,109.06,109.07,4283.0
2018-01-08 11:34:00,109.17,109.17,109.11,109.11,300.0
2018-01-08 11:35:00,109.14,109.14,109.14,109.14,100.0
2018-01-08 11:36:00,109.08,109.155,109.08,109.155,3915.0
2018-01-08 11:37:00,109.125,109.1318,109.08,109.08,3492.0
2018-01-08 11:38:00,109.13,109.14,109.11,109.11,700.0
2018-01-08 11:39:00,109.13,109.13,109.13,109.13,600.0
2018-01-08 11:40:00,109.16,109.18,109.15,109.15,976.0
2018-01-08 11:41:00,109.08,109.18,109.08,109.18,3028.0
2018-01-08 11:42:00,109.08,109.095,109.02,109.095,1268.0
2018-01-08 11:43:00,109.03,109.07,109.03,109.07,600.0
2018-01-08 11:45:00,109.15,109.17,109.09,109.09,2578.0
2018-01-08 11:46:00,109.13,109.16,109.13,109.16,1100.0
2018-01-08 11:47:00,109.2,109.21,109.16,109.16,3308.0
2018-01-08 11:48:00,109.19,109.19,109.19,109.19,100.0
2018-01-08 11:49:00,109.19,109.19,109.19,109.19,100.0
2018-01-08 11:50:00,109.22,109.22,109.22,109.22,100.0
2018-01-08 11:51:00,109.135,109.21,109.12,109.19,2863.0
2018-01-08 11:52:00,109.16,109.18,109.12,109.12,1600.0
2018-01-08 11:53:00,109.12,109.21,109.11,109.19,2754.0
2018-01-08 11:54:00,109.11,109.11,109.11,109.11,100.0
2018-01-08 11:55:00,109.07,109.07,109.07,109.07,100.0
2018-01-08 11:56:00,109.1,109.1,109.1,109.1,100.0
2018-01-08 11:57:00,109.09,109.12,109.08,109.08,602.0
2018-01-08 11:58:00,109.115,109.13,109.09,109.09,1400.0
2018-01-08 11:59:00,108.99,109.12,108.99,109.12,4076.0
2018-01-08 12:00:00,109.09,109.14,108.99,109.015,5403.0
2018-01-08 12:01:00,109.02,109.08,108.99,109.05,4510.0
2018-01-08 12:02:00,109.08,109.1299,109.06,109.06,3279.0
2018-01-08 12:03:00,109.1,109.1,108.93,109.08,6050.0
2018-01-08 12:04:00,109.25,109.3,109.16,109.17,3200.0
2018-01-08 12:05:00,109.26,109.265,109.24,109.265,400.0
2018-01-08 12:06:00,109.21,109.26,109.21,109.26,1100.0
2018-01-08 12:07:00,109.175,109.19,109.175,109.19,600.0
2018-01-08 12:08:00,109.19,109.2,109.19,109.2,513.0
2018-01-08 12:09:00,109.13,109.2,109.1,109.2,1914.0
2018-01-08 12:10:00,109.18,109.23,109.1,109.13,3699.0
2018-01-08 12:11:00,109.155,109.155,109.125,109.125,700.0
2018-01-08 12:12:00,109.13,109.21,109.12,109.175,4937.0
2018-01-08 12:13:00,109.195,109.2,109.11,109.15,2856.0
2018-01-08 12:14:00,109.225,109.25,109.17,109.17,500.0
2018-01-08 12:15:00,109.22,109.255,109.22,109.225,677.0
2018-01-08 12:16:00,109.27,109.3,109.22,109.25,2808.0
2018-01-08 12:17:00,109.255,109.27,109.24,109.26,800.0
2018-01-08 12:18:00,109.22,109.255,109.22,109.24,1300.0
2018-01-08 12:19:00,109.25,109.26,109.23,109.25,805.0
2018-01-08 12:20:00,109.28,109.3,109.22,109.25,2200.0
2018-01-08 12:21:00,109.27,109.285,109.27,109.285,300.0
2018-01-08 12:22:00,109.3,109.32,109.27,109.285,1992.0
2018-01-08 12:23:00,109.26,109.3,109.26,109.3,2417.0
2018-01-08 12:24:00,109.13,109.28,109.13,109.28,1700.0
2018-01-08 12:25:00,109.23,109.23,109.16,109.16,5102.0
2018-01-08 12:26:00,109.23,109.23,109.21,109.23,1500.0
2018-01-08 12:27:00,109.24,109.27,109.23,109.245,1654.0
2018-01-08 12:28:00,109.23,109.25,109.175,109.24,3629.0
2018-01-08 12:29:00,109.19,109.25,109.165,109.23,4200.0
2018-01-08 12:30:00,109.2,109.2,109.13,109.17,3268.0
2018-01-08 12:31:00,109.23,109.23,109.23,109.23,300.0
2018-01-08 12:32:00,109.24,109.24,109.235,109.235,300.0
2018-01-08 12:33:00,109.27,109.27,109.24,109.24,730.0
2018-01-08 12:35:00,109.255,109.27,109.25,109.27,800.0
2018-01-08 12:36:00,109.23,109.2555,109.23,109.2555,200.0
2018-01-08 12:37:00,109.22,109.265,109.22,109.265,1623.0
2018-01-08 12:38:00,109.2234,109.2234,109.2234,109.2234,218.0
2018-01-08 12:39:00,109.22,109.22,109.21,109.21,200.0
2018-01-08 12:40:00,109.2085,109.2085,109.18,109.2,1602.0
2018-01-08 12:41:00,109.22,109.22,109.15,109.15,2425.0
2018-01-08 12:43:00,109.19,109.19,109.19,109.19,100.0
2018-01-08 12:44:00,109.2,109.22,109.2,109.22,205.0
2018-01-08 12:45:00,109.2,109.2,109.2,109.2,100.0
2018-01-08 12:46:00,109.19,109.21,109.19,109.19,500.0
2018-01-08 12:47:00,109.3,109.32,109.19,109.19,3745.0
2018-01-08 12:48:00,109.3,109.3,109.27,109.3,3238.0
2018-01-08 12:49:00,109.23,109.28,109.23,109.28,1700.0
2018-01-08 12:50:00,109.23,109.23,109.214,109.214,494.0
2018-01-08 12:51:00,109.3,109.3,109.2228,109.2228,1405.0
2018-01-08 12:53:00,109.27,109.3,109.27,109.27,2096.0
2018-01-08 12:54:00,109.27,109.27,109.27,109.27,100.0
2018-01-08 12:55:00,109.27,109.3,109.27,109.3,461.0
2018-01-08 12:56:00,109.27,109.27,109.27,109.27,100.0
2018-01-08 12:57:00,109.29,109.29,109.2837,109.285,306.0
2018-01-08 12:58:00,109.27,109.28,109.27,109.28,1700.0
2018-01-08 12:59:00,109.25,109.25,109.25,109.25,300.0
2018-01-08 13:00:00,109.29,109.29,109.29,109.29,100.0
2018-01-08 13:01:00,109.23,109.27799999999999,109.23,109.27,11470.0
2018-01-08 13:02:00,109.265,109.28,109.225,109.225,3870.0
2018-01-08 13:03:00,109.23,109.27,109.23,109.2575,1699.0
2018-01-08 13:05:00,109.21,109.23,109.21,109.21,2000.0
2018-01-08 13:06:00,109.17,109.17,109.17,109.17,100.0
2018-01-08 13:07:00,109.18,109.19,109.1355,109.17,6000.0
2018-01-08 13:08:00,109.07,109.1701,109.07,109.17,22900.0
2018-01-08 13:09:00,109.04,109.07,109.04,109.07,900.0
2018-01-08 13:10:00,109.18,109.18,109.04,109.07,3826.0
2018-01-08 13:11:00,109.205,109.205,109.195,109.195,300.0
2018-01-08 13:12:00,109.195,109.23,109.17,109.2,900.0
2018-01-08 13:13:00,109.16,109.195,109.16,109.195,1958.0
2018-01-08 13:14:00,109.14,109.18,109.14,109.15,998.0
2018-01-08 13:15:00,109.1666,109.1666,109.1666,109.1666,100.0
2018-01-08 13:16:00,109.165,109.165,109.14,109.14,1100.0
2018-01-08 13:17:00,109.115,109.16,109.115,109.15,4000.0
2018-01-08 13:18:00,109.11,109.15,109.11,109.14,853.0
2018-01-08 13:19:00,109.11,109.11,109.11,109.11,548.0
2018-01-08 13:20:00,109.18,109.18,109.11,109.14,2265.0
2018-01-08 13:21:00,109.17,109.185,109.14,109.17,2630.0
2018-01-08 13:22:00,109.1999,109.1999,109.175,109.175,236.0
2018-01-08 13:23:00,109.12,109.17,109.12,109.17,2700.0
2018-01-08 13:24:00,109.15,109.1899,109.11,109.14,2808.0
2018-01-08 13:25:00,109.15,109.16,109.15,109.16,800.0
2018-01-08 13:26:00,109.19,109.2,109.15,109.17,2089.0
2018-01-08 13:27:00,109.2031,109.2031,109.17,109.17,300.0
2018-01-08 13:28:00,109.23,109.25,109.19,109.19,1000.0
2018-01-08 13:29:00,109.2,109.235,109.19,109.235,1300.0
2018-01-08 13:30:00,109.18,109.23,109.18,109.19,4301.0
2018-01-08 13:31:00,109.215,109.22,109.18,109.18,2000.0
2018-01-08 13:32:00,109.19,109.2437,109.19,109.2437,328.0
2018-01-08 13:33:00,109.25,109.26,109.19,109.19,2000.0
2018-01-08 13:34:00,109.26,109.2799,109.255,109.255,1075.0
2018-01-08 13:35:00,109.29,109.3,109.28,109.28,5208.0
2018-01-08 13:36:00,109.275,109.29,109.27,109.28,2679.0
2018-01-08 13:37:00,109.2825,109.2825,109.25,109.26,900.0
2018-01-08 13:38:00,109.285,109.32,109.275,109.29,5576.0
2018-01-08 13:39:00,109.28,109.3,109.28,109.29,9100.0
2018-01-08 13:40:00,109.35,109.39,109.28,109.29,9392.0
2018-01-08 13:41:00,109.37,109.3999,109.33,109.35,11671.0
2018-01-08 13:42:00,109.44,109.44,109.35,109.3585,4200.0
2018-01-08 13:43:00,109.55,109.55,109.43,109.43,1000.0
2018-01-08 13:44:00,109.57,109.57,109.54,109.55,600.0
2018-01-08 13:45:00,109.565,109.57,109.54,109.57,11100.0
2018-01-08 13:46:00,109.505,109.565,109.5,109.565,951.0
2018-01-08 13:47:00,109.37299999999999,109.49,109.29,109.49,5000.0
2018-01-08 13:48:00,109.39,109.42,109.37,109.37,2100.0
2018-01-08 13:49:00,109.35,109.41,109.34,109.36,6200.0
2018-01-08 13:50:00,109.385,109.43,109.34,109.385,5155.0
2018-01-08 13:51:00,109.35,109.41,109.31,109.395,3700.0
2018-01-08 13:52:00,109.41,109.41,109.3,109.3,3950.0
2018-01-08 13:53:00,109.49,109.49,109.405,109.41,2450.0
2018-01-08 13:54:00,109.52,109.52,109.52,109.52,100.0
2018-01-08 13:55:00,109.58,109.58,109.55,109.55,512.0
2018-01-08 13:56:00,109.52,109.54,109.51,109.54,1600.0
2018-01-08 13:58:00,109.46,109.49,109.46,109.49,800.0
2018-01-08 13:59:00,109.54,109.54,109.47,109.47,1700.0
2018-01-08 14:00:00,109.6,109.6,109.54,109.54,19464.0
2018-01-08 14:01:00,109.6675,109.68,109.63,109.63,1772.0
2018-01-08 14:02:00,109.66,109.66,109.625,109.64,1800.0
2018-01-08 14:03:00,109.69,109.69,109.655,109.655,2300.0
2018-01-08 14:04:00,109.72,109.72,109.7,109.7,2700.0
2018-01-08 14:05:00,109.72399999999999,109.74,109.706,109.706,3858.0
2018-01-08 14:06:00,109.7,109.725,109.7,109.71,2200.0
2018-01-08 14:07:00,109.71,109.72,109.71,109.72,945.0
2018-01-08 14:08:00,109.67,109.7,109.67,109.7,3300.0
2018-01-08 14:09:00,109.74,109.74,109.68,109.68,4300.0
2018-01-08 14:10:00,109.8,109.8,109.75,109.75,2600.0
2018-01-08 14:11:00,109.8499,109.8499,109.7601,109.8,5879.0
2018-01-08 14:12:00,109.8,109.87,109.78,109.86,3733.0
2018-01-08 14:13:00,109.83,109.83,109.77,109.8,4674.0
2018-01-08 14:14:00,109.92,109.92,109.79,109.79,2100.0
2018-01-08 14:15:00,109.87,109.9,109.87,109.89,800.0
2018-01-08 14:16:00,109.925,109.95,109.87100000000001,109.87100000000001,1150.0
2018-01-08 14:17:00,109.86,109.93,109.86,109.91,4699.0
2018-01-08 14:18:00,109.8829,109.8829,109.8829,109.8829,500.0
2018-01-08 14:19:00,109.88,109.8999,109.8759,109.8864,1334.0
2018-01-08 14:20:00,109.88,109.91,109.86,109.9,3542.0
2018-01-08 14:21:00,109.86,109.88,109.86,109.88,400.0
2018-01-08 14:22:00,109.88,109.9,109.86,109.9,549.0
2018-01-08 14:23:00,109.87,109.87,109.845,109.87,7223.0
2018-01-08 14:24:00,109.78,109.8798,109.78,109.87,3275.0
2018-01-08 14:25:00,109.785,109.785,109.77,109.77,250.0
2018-01-08 14:26:00,109.74,109.76,109.74,109.74,697.0
2018-01-08 14:27:00,109.74,109.74,109.74,109.74,200.0
2018-01-08 14:28:00,109.88,109.88,109.74,109.74,3379.0
2018-01-08 14:29:00,109.85,109.875,109.85,109.86,750.0
2018-01-08 14:30:00,109.89,109.9102,109.84,109.85,3760.0
2018-01-08 14:31:00,109.915,109.92,109.89,109.91,1600.0
2018-01-08 14:32:00,109.93,109.93,109.915,109.915,700.0
2018-01-08 14:33:00,110.01,110.06,109.9699,109.97,4469.0
2018-01-08 14:34:00,110.02,110.03,110.0,110.02,1837.0
2018-01-08 14:35:00,110.045,110.06,110.03,110.03,900.0
2018-01-08 14:36:00,110.04,110.0425,110.03,110.04,1455.0
2018-01-08 14:37:00,110.035,110.05,110.035,110.05,300.0
2018-01-08 14:38:00,110.04,110.06,110.03,110.03,1558.0
2018-01-08 14:39:00,110.06,110.07,110.05,110.06,1200.0
2018-01-08 14:40:00,110.07,110.07,110.04,110.05,1997.0
2018-01-08 14:41:00,110.11,110.15,110.065,110.0694,4250.0
2018-01-08 14:42:00,110.1,110.12,110.1,110.1,3927.0
2018-01-08 14:43:00,110.1,110.1199,110.1,110.1199,900.0
2018-01-08 14:44:00,110.12,110.13,110.09,110.1134,1801.0
2018-01-08 14:45:00,110.125,110.13,110.11,110.11,2308.0
2018-01-08 14:46:00,110.1432,110.1432,110.12,110.14,1900.0
2018-01-08 14:47:00,110.1505,110.16,110.13,110.141,4230.0
2018-01-08 14:48:00,110.22,110.24,110.16,110.16,3800.0
2018-01-08 14:49:00,110.2,110.24,110.19,110.24,2009.0
2018-01-08 14:50:00,110.24,110.25,110.19,110.23,3100.0
2018-01-08 14:51:00,110.3,110.3098,110.24,110.25,2779.0
2018-01-08 14:52:00,110.33,110.33,110.27,110.28,12093.0
2018-01-08 14:53:00,110.39,110.39,110.32,110.32,3200.0
2018-01-08 14:54:00,110.36,110.42,110.36,110.38,10188.0
2018-01-08 14:55:00,110.32,110.36,110.28,110.36,4244.0
2018-01-08 14:56:00,110.295,110.3,110.25,110.3,5227.0
2018-01-08 14:57:00,110.25,110.3,110.24,110.3,3125.0
2018-01-08 14:58:00,110.24,110.27,110.21,110.25,7246.0
2018-01-08 14:59:00,110.19,110.24,110.15,110.24,6677.0
2018-01-08 15:00:00,110.14,110.21,110.09,110.17,5860.0
2018-01-08 15:01:00,110.125,110.15,110.1,110.15,4049.0
2018-01-08 15:02:00,110.07,110.12,110.06,110.11,3750.0
2018-01-08 15:03:00,110.17,110.18,110.05,110.06,10086.0
2018-01-08 15:04:00,110.21,110.2295,110.17,110.17,8345.0
2018-01-08 15:05:00,110.15,110.2,110.14,110.2,3039.0
2018-01-08 15:06:00,110.14,110.17,110.06,110.14,7347.0
2018-01-08 15:07:00,110.08,110.15,110.08,110.15,4900.0
2018-01-08 15:08:00,110.14,110.145,110.07,110.07,6520.0
2018-01-08 15:09:00,110.13,110.13,110.06,110.13,3501.0
2018-01-08 15:10:00,110.17,110.18,110.12,110.12,2200.0
2018-01-08 15:11:00,110.05,110.16,110.05,110.16,3567.0
2018-01-08 15:12:00,110.0475,110.08,110.04,110.04,1700.0
2018-01-08 15:13:00,110.02,110.04,110.02,110.04,2000.0
2018-01-08 15:14:00,110.03,110.03,110.03,110.03,100.0
2018-01-08 15:15:00,109.95,110.0,109.95,110.0,1611.0
2018-01-08 15:16:00,109.92,109.945,109.92,109.945,2100.0
2018-01-08 15:17:00,109.92,109.96,109.92,109.9399,4422.0
2018-01-08 15:19:00,109.93,109.95,109.9,109.92,2315.0
2018-01-08 15:20:00,109.96,109.96,109.93,109.949,1500.0
2018-01-08 15:21:00,109.92,109.93,109.92,109.93,900.0
2018-01-08 15:22:00,109.91,109.9325,109.91,109.92,2100.0
2018-01-08 15:23:00,109.93,109.93,109.9,109.9,700.0
2018-01-08 15:24:00,109.87,109.92,109.87,109.91,2235.0
2018-01-08 15:25:00,109.89,109.89,109.88,109.88,2855.0
2018-01-08 15:26:00,109.87,109.89,109.86,109.89,2000.0
2018-01-08 15:27:00,109.82,109.85,109.82,109.85,2100.0
2018-01-08 15:28:00,109.79,109.84,109.79,109.79,4350.0
2018-01-08 15:29:00,109.8388,109.86,109.78,109.79,3442.0
2018-01-08 15:30:00,109.874,109.874,109.8432,109.85,2460.0
2018-01-08 15:31:00,109.85,109.85,109.85,109.85,100.0
2018-01-08 15:32:00,109.82,109.85,109.82,109.85,1821.0
2018-01-08 15:33:00,109.83,109.84,109.82,109.84,1700.0
2018-01-08 15:34:00,109.8,109.839,109.8,109.82,10150.0
2018-01-08 15:35:00,109.715,109.715,109.70299999999999,109.70299999999999,600.0
2018-01-08 15:36:00,109.69,109.71,109.67,109.71,3174.0
2018-01-08 15:37:00,109.79,109.79,109.71,109.71,5432.0
2018-01-08 15:38:00,109.81,109.81,109.7988,109.7988,1455.0
2018-01-08 15:39:00,109.84,109.85,109.8,109.82,3784.0
2018-01-08 15:40:00,109.75,109.85,109.742,109.84,7697.0
2018-01-08 15:41:00,109.78,109.8,109.74,109.75,8071.0
2018-01-08 15:42:00,109.83,109.83,109.79,109.79,2016.0
2018-01-08 15:43:00,109.84,109.85,109.83,109.83,2216.0
2018-01-08 15:44:00,109.8522,109.8522,109.82,109.845,3400.0
2018-01-08 15:45:00,109.85,109.86,109.84,109.85,1164.0
2018-01-08 15:46:00,109.82,109.85,109.81,109.85,10586.0
2018-01-08 15:47:00,109.83,109.83,109.82,109.83,1000.0
2018-01-08 15:48:00,109.86,109.87,109.83,109.83,6849.0
2018-01-08 15:49:00,109.84,109.875,109.835,109.86,4779.0
2018-01-08 15:50:00,109.87,109.88,109.82600000000001,109.84,13358.0
2018-01-08 15:51:00,109.88,109.88,109.83,109.88,14457.0
2018-01-08 15:52:00,109.87,109.88,109.86,109.88,7358.0
2018-01-08 15:53:00,109.84,109.87,109.82,109.87,5426.0
2018-01-08 15:54:00,109.83,109.85,109.83,109.84,7899.0
2018-01-08 15:55:00,109.81,109.82,109.77,109.82,8434.0
2018-01-08 15:56:00,109.87,109.88,109.81,109.81,5694.0
2018-01-08 15:57:00,109.94,109.94,109.875,109.88,9065.0
2018-01-08 15:58:00,109.93,109.99,109.93,109.94,10892.0
2018-01-08 15:59:00,109.965,109.98,109.94,109.95,10978.0
2018-01-08 16:00:00,109.89,109.99,109.89,109.98,19688.0
2018-01-09 09:30:00,110.26,110.26,110.26,110.26,3757.0
2018-01-09 09:32:00,110.1932,110.32,110.1932,110.32,1100.0
2018-01-09 09:33:00,110.32,110.42,110.32,110.32,500.0
2018-01-09 09:34:00,110.49,110.49,110.49,110.49,100.0
2018-01-09 09:35:00,110.4689,110.56,110.4689,110.51,800.0
2018-01-09 09:36:00,110.61,110.61,110.39,110.55,720.0
2018-01-09 09:37:00,110.5332,110.5332,110.5332,110.5332,200.0
2018-01-09 09:38:00,110.64,110.66,110.64,110.66,200.0
2018-01-09 09:39:00,110.58,110.58,110.515,110.515,300.0
2018-01-09 09:40:00,110.46,110.56,110.46,110.5,1327.0
2018-01-09 09:41:00,110.36,110.41,110.36,110.39,1300.0
2018-01-09 09:42:00,110.36,110.36,110.3269,110.3269,342.0
2018-01-09 09:43:00,110.42,110.54,110.29,110.36,8064.0
2018-01-09 09:44:00,110.46,110.595,110.436,110.44,2590.0
2018-01-09 09:45:00,110.29,110.29,110.29,110.29,100.0
2018-01-09 09:46:00,110.395,110.48,110.37,110.37,1000.0
2018-01-09 09:49:00,110.49,110.49,110.49,110.49,100.0
2018-01-09 09:50:00,110.41,110.5922,110.41,110.5922,2800.0
2018-01-09 09:51:00,110.355,110.46,110.31,110.46,1000.0
2018-01-09 09:52:00,110.26,110.31,110.26,110.31,1500.0
2018-01-09 09:53:00,110.02,110.26,110.02,110.26,2600.0
2018-01-09 09:54:00,110.03,110.13,110.02,110.11,2148.0
2018-01-09 09:55:00,110.185,110.24,110.08,110.13,1600.0
2018-01-09 09:56:00,110.23,110.23,110.13,110.18,300.0
2018-01-09 09:57:00,110.25,110.25,110.185,110.185,209.0
2018-01-09 09:58:00,110.29,110.29,110.18,110.24,1495.0
2018-01-09 09:59:00,110.275,110.275,110.275,110.275,100.0
2018-01-09 10:00:00,110.285,110.285,110.23,110.23,300.0
2018-01-09 10:01:00,110.2,110.3199,110.19,110.23,4843.0
2018-01-09 10:02:00,110.18,110.2,110.18,110.2,600.0
2018-01-09 10:03:00,110.17,110.21,110.15,110.19,700.0
2018-01-09 10:04:00,110.16,110.18,110.16,110.17,1100.0
2018-01-09 10:05:00,110.15,110.15,110.15,110.15,100.0
2018-01-09 10:06:00,110.24,110.27,110.1731,110.1731,3286.0
2018-01-09 10:07:00,110.25,110.28,110.22,110.24,1050.0
2018-01-09 10:08:00,110.2315,110.32,110.21,110.28,1393.0
2018-01-09 10:09:00,110.32,110.33,110.27,110.28,1800.0
2018-01-09 10:10:00,110.325,110.325,110.3195,110.3195,200.0
2018-01-09 10:11:00,110.25,110.27,110.131,110.27,1800.0
2018-01-09 10:12:00,110.16,110.16,110.14,110.16,400.0
2018-01-09 10:13:00,110.16,110.1712,110.12,110.1712,1760.0
2018-01-09 10:14:00,110.11,110.13,110.11,110.13,1200.0
2018-01-09 10:15:00,110.195,110.22,110.11,110.11,10000.0
2018-01-09 10:16:00,110.29,110.29,110.19,110.2,2300.0
2018-01-09 10:17:00,110.25,110.29,110.22,110.245,2600.0
2018-01-09 10:18:00,110.325,110.33,110.275,110.275,500.0
2018-01-09 10:20:00,110.36,110.36,110.36,110.36,100.0
2018-01-09 10:21:00,110.41,110.41,110.29,110.29,4900.0
2018-01-09 10:23:00,110.4,110.41,110.38,110.3894,400.0
2018-01-09 10:25:00,110.38,110.425,110.37,110.4,1720.0
2018-01-09 10:26:00,110.34,110.37,110.33,110.37,400.0
2018-01-09 10:27:00,110.37,110.37,110.37,110.37,200.0
2018-01-09 10:28:00,110.37,110.37,110.32,110.32,600.0
2018-01-09 10:29:00,110.36,110.44,110.33,110.33,800.0
2018-01-09 10:30:00,110.42,110.42,110.35,110.35,2200.0
2018-01-09 10:31:00,110.33,110.43,110.33,110.36,3619.0
2018-01-09 10:32:00,110.36,110.36,110.36,110.36,200.0
2018-01-09 10:33:00,110.36,110.36,110.36,110.36,100.0
2018-01-09 10:34:00,110.3,110.38,110.3,110.33,4000.0
2018-01-09 10:35:00,110.28,110.3,110.28,110.3,200.0
2018-01-09 10:36:00,110.27,110.27,110.27,110.27,300.0
2018-01-09 10:37:00,110.33,110.33,110.33,110.33,100.0
2018-01-09 10:38:00,110.4,110.4,110.29,110.29,1900.0
2018-01-09 10:39:00,110.38,110.38,110.38,110.38,200.0
2018-01-09 10:40:00,110.37,110.44,110.37,110.4,1600.0
2018-01-09 10:41:00,110.34,110.42,110.34,110.4,800.0
2018-01-09 10:43:00,110.2631,110.27,110.24,110.27,1350.0
2018-01-09 10:44:00,110.105,110.24,110.1,110.24,16000.0
2018-01-09 10:45:00,110.1,110.105,110.05,110.105,1678.0
2018-01-09 10:46:00,110.04,110.0893,110.04,110.0893,858.0
2018-01-09 10:47:00,110.17,110.17,110.05,110.05,8200.0
2018-01-09 10:49:00,110.2,110.2,110.2,110.2,300.0
2018-01-09 10:50:00,110.09,110.185,110.09,110.145,3800.0
2018-01-09 10:51:00,110.08,110.11,110.05,110.08,2150.0
2018-01-09 10:52:00,110.06,110.06,110.06,110.06,200.0
2018-01-09 10:54:00,110.1,110.1,110.04,110.04,1000.0
2018-01-09 10:55:00,110.11,110.15,110.11,110.11,800.0
2018-01-09 10:56:00,110.11,110.11,110.09,110.09,300.0
2018-01-09 10:57:00,110.1125,110.13,110.105,110.12,900.0
2018-01-09 10:58:00,110.17,110.17,110.08,110.12,4012.0
2018-01-09 11:00:00,110.31,110.31,110.17,110.17,1400.0
2018-01-09 11:01:00,110.31,110.31,110.29,110.29,300.0
2018-01-09 11:02:00,110.31,110.37,110.3,110.31,2840.0
2018-01-09 11:03:00,110.38,110.38,110.3439,110.3439,946.0
2018-01-09 11:04:00,110.27,110.4,110.27,110.395,1800.0
2018-01-09 11:05:00,110.22,110.22,110.2,110.2,200.0
2018-01-09 11:06:00,110.22,110.22,110.21,110.21,200.0
2018-01-09 11:07:00,110.16,110.24,110.16,110.21,1500.0
2018-01-09 11:08:00,110.25,110.25,110.22,110.22,1900.0
2018-01-09 11:11:00,110.28,110.28,110.2,110.2,900.0
2018-01-09 11:12:00,110.24,110.28,110.24,110.27,2500.0
2018-01-09 11:13:00,110.23,110.28,110.23,110.23,1000.0
2018-01-09 11:14:00,110.34,110.34,110.27,110.27,900.0
2018-01-09 11:15:00,110.34,110.34,110.34,110.34,200.0
2018-01-09 11:16:00,110.37,110.38,110.32,110.32,400.0
2018-01-09 11:17:00,110.43,110.43,110.39,110.395,400.0
2018-01-09 11:18:00,110.44,110.46,110.42,110.43,1400.0
2018-01-09 11:19:00,110.49,110.49,110.44,110.44,400.0
2018-01-09 11:20:00,110.52,110.52,110.49,110.49,600.0
2018-01-09 11:21:00,110.39,110.53,110.39,110.53,3200.0
2018-01-09 11:22:00,110.42,110.42,110.4,110.4,1241.0
2018-01-09 11:23:00,110.382,110.429,110.38,110.38,400.0
2018-01-09 11:24:00,110.34,110.37,110.34,110.37,400.0
2018-01-09 11:26:00,110.48,110.48,110.4,110.4,1130.0
2018-01-09 11:27:00,110.54,110.54,110.42,110.43,1700.0
2018-01-09 11:28:00,110.53,110.53,110.5,110.5,472.0
2018-01-09 11:29:00,110.54,110.55,110.53,110.53,1200.0
2018-01-09 11:30:00,110.54,110.55,110.48,110.55,1400.0
2018-01-09 11:32:00,110.3605,110.491,110.3605,110.491,3800.0
2018-01-09 11:33:00,110.3992,110.3992,110.3992,110.3992,140.0
2018-01-09 11:34:00,110.33,110.33,110.33,110.33,100.0
2018-01-09 11:35:00,110.44,110.46,110.38,110.38,3401.0
2018-01-09 11:36:00,110.4299,110.4299,110.4,110.42,2555.0
2018-01-09 11:38:00,110.31,110.35,110.31,110.3312,500.0
2018-01-09 11:39:00,110.39,110.39,110.39,110.39,100.0
2018-01-09 11:40:00,110.4,110.405,110.37,110.39,1900.0
2018-01-09 11:41:00,110.4,110.41,110.4,110.4036,540.0
2018-01-09 11:43:00,110.3855,110.4019,110.3855,110.4019,300.0
2018-01-09 11:44:00,110.4,110.4,110.4,110.4,100.0
2018-01-09 11:45:00,110.47,110.505,110.4,110.4002,4000.0
2018-01-09 11:46:00,110.46,110.49,110.45,110.45,2500.0
2018-01-09 11:49:00,110.44,110.44,110.41,110.41,450.0
2018-01-09 11:50:00,110.48,110.48,110.41,110.44,1800.0
2018-01-09 11:51:00,110.49,110.49,110.46,110.48,1100.0
2018-01-09 11:52:00,110.4507,110.48,110.45,110.45,4902.0
2018-01-09 11:53:00,110.4,110.47,110.39,110.46,6106.0
2018-01-09 11:54:00,110.38,110.4099,110.37,110.4,1900.0
2018-01-09 11:55:00,110.43,110.43,110.4,110.4,1600.0
2018-01-09 11:56:00,110.47,110.5,110.42,110.42,12650.0
2018-01-09 11:57:00,110.61,110.65,110.5,110.5,4927.0
2018-01-09 11:58:00,110.462,110.6,110.462,110.59,4000.0
2018-01-09 11:59:00,110.44,110.5,110.41,110.47,7400.0
2018-01-09 12:00:00,110.46,110.47,110.43,110.43,3000.0
2018-01-09 12:01:00,110.475,110.51,110.475,110.475,600.0
2018-01-09 12:02:00,110.44,110.47,110.44,110.46,600.0
2018-01-09 12:03:00,110.5,110.51,110.5,110.51,200.0
2018-01-09 12:04:00,110.485,110.485,110.46,110.46,400.0
2018-01-09 12:05:00,110.52,110.52,110.5,110.52,600.0
2018-01-09 12:06:00,110.57,110.57,110.515,110.53,600.0
2018-01-09 12:07:00,110.48,110.54,110.48,110.53,3400.0
2018-01-09 12:08:00,110.55,110.55,110.54,110.54,250.0
2018-01-09 12:09:00,110.52,110.535,110.5,110.52,1000.0
2018-01-09 12:11:00,110.54,110.54,110.54,110.54,100.0
2018-01-09 12:12:00,110.53,110.53,110.5,110.5,200.0
2018-01-09 12:13:00,110.56,110.56,110.53,110.53,1132.0
2018-01-09 12:14:00,110.53,110.53,110.53,110.53,200.0
2018-01-09 12:15:00,110.59,110.59,110.545,110.545,500.0
2018-01-09 12:16:00,110.555,110.6098,110.55,110.6,4840.0
2018-01-09 12:17:00,110.5,110.58,110.48,110.54,6200.0
2018-01-09 12:18:00,110.44,110.48,110.44,110.45,1100.0
2018-01-09 12:19:00,110.5795,110.5795,110.49,110.49,4682.0
2018-01-09 12:20:00,110.565,110.565,110.54,110.565,700.0
2018-01-09 12:22:00,110.67,110.69,110.5412,110.5412,4742.0
2018-01-09 12:23:00,110.66,110.7,110.66,110.7,2066.0
2018-01-09 12:24:00,110.64,110.66,110.63,110.66,400.0
2018-01-09 12:26:00,110.5875,110.615,110.5875,110.615,300.0
2018-01-09 12:27:00,110.5975,110.5975,110.5975,110.5975,100.0
2018-01-09 12:28:00,110.65,110.65,110.58,110.615,1887.0
2018-01-09 12:29:00,110.7,110.7,110.7,110.7,100.0
2018-01-09 12:30:00,110.69,110.7,110.69,110.7,300.0
2018-01-09 12:31:00,110.66,110.66,110.66,110.66,100.0
2018-01-09 12:32:00,110.7,110.7,110.6923,110.6923,300.0
2018-01-09 12:33:00,110.72,110.72,110.71,110.71,200.0
2018-01-09 12:34:00,110.68,110.7,110.64,110.68,1917.0
2018-01-09 12:35:00,110.6,110.635,110.6,110.635,200.0
2018-01-09 12:37:00,110.655,110.66,110.655,110.66,1100.0
2018-01-09 12:38:00,110.65,110.655,110.63,110.63,800.0
2018-01-09 12:39:00,110.63,110.63,110.59,110.6,2500.0
2018-01-09 12:40:00,110.63,110.6602,110.63,110.6602,240.0
2018-01-09 12:41:00,110.6,110.65,110.6,110.65,200.0
2018-01-09 12:42:00,110.67,110.67,110.64,110.64,700.0
2018-01-09 12:43:00,110.665,110.68,110.65,110.65,900.0
2018-01-09 12:44:00,110.65,110.67,110.65,110.65,500.0
2018-01-09 12:45:00,110.68,110.68,110.66,110.66,505.0
2018-01-09 12:46:00,110.65,110.68,110.65,110.68,900.0
2018-01-09 12:47:00,110.68,110.68,110.66,110.66,1198.0
2018-01-09 12:48:00,110.69,110.69,110.68,110.68,200.0
2018-01-09 12:49:00,110.73,110.73,110.69,110.69,830.0
2018-01-09 12:50:00,110.72,110.72,110.72,110.72,100.0
2018-01-09 12:51:00,110.7,110.75,110.7,110.715,6500.0
2018-01-09 12:52:00,110.685,110.7,110.68,110.69,5400.0
2018-01-09 12:53:00,110.74,110.74,110.69,110.69,1500.0
2018-01-09 12:54:00,110.74,110.76,110.74,110.75,1000.0
2018-01-09 12:55:00,110.73,110.79,110.73,110.755,5851.0
2018-01-09 12:56:00,110.75,110.75,110.7,110.72,1100.0
2018-01-09 12:58:00,110.7108,110.7108,110.7108,110.7108,463.0
2018-01-09 12:59:00,110.71,110.71,110.71,110.71,100.0
2018-01-09 13:00:00,110.75,110.75,110.75,110.75,200.0
2018-01-09 13:01:00,110.8,110.82,110.76,110.76,800.0
2018-01-09 13:02:00,110.85,110.85,110.7906,110.7906,300.0
2018-01-09 13:03:00,110.86,110.86,110.82,110.85,1786.0
2018-01-09 13:04:00,110.86,110.87,110.86,110.87,200.0
2018-01-09 13:05:00,110.89,110.89,110.8538,110.87,700.0
2018-01-09 13:06:00,110.91,110.91,110.84,110.84,898.0
2018-01-09 13:07:00,110.95,110.97,110.93,110.93,2307.0
2018-01-09 13:08:00,110.96,110.96,110.94,110.94,500.0
2018-01-09 13:09:00,110.97,110.98,110.96,110.9699,1802.0
2018-01-09 13:10:00,110.97,110.97,110.93,110.94,800.0
2018-01-09 13:11:00,110.95,110.95,110.95,110.95,200.0
2018-01-09 13:12:00,110.96,110.96,110.95,110.95,300.0
2018-01-09 13:13:00,110.93,110.96,110.9,110.9,800.0
2018-01-09 13:15:00,110.945,110.96,110.945,110.96,200.0
2018-01-09 13:17:00,110.98,110.98,110.94,110.94,200.0
2018-01-09 13:18:00,110.97,111.0,110.97,110.98,740.0
2018-01-09 13:19:00,111.01,111.01,110.99,110.99,2457.0
2018-01-09 13:20:00,111.07,111.07,111.04,111.04,400.0
2018-01-09 13:21:00,111.15,111.15,111.08,111.1,3200.0
2018-01-09 13:22:00,111.12,111.12,111.12,111.12,100.0
2018-01-09 13:23:00,111.155,111.155,111.12,111.15,2251.0
2018-01-09 13:24:00,111.2199,111.23,111.149,111.16,5559.0
2018-01-09 13:25:00,111.23,111.23,111.22,111.22,400.0
2018-01-09 13:26:00,111.18,111.23,111.18,111.23,5979.0
2018-01-09 13:27:00,111.19,111.19,111.16,111.16,1300.0
2018-01-09 13:28:00,111.13,111.2,111.12,111.18,3500.0
2018-01-09 13:29:00,111.105,111.14,111.105,111.12,1400.0
2018-01-09 13:31:00,111.02,111.105,110.9932,111.105,2650.0
2018-01-09 13:32:00,111.0175,111.18,111.0175,111.05,2200.0
2018-01-09 13:33:00,111.052,111.052,111.052,111.052,225.0
2018-01-09 13:34:00,111.015,111.015,111.015,111.015,100.0
2018-01-09 13:35:00,111.01,111.01,111.01,111.01,200.0
2018-01-09 13:36:00,110.97,111.03,110.97,111.03,5210.0
2018-01-09 13:37:00,110.97,110.99,110.97,110.97,1100.0
2018-01-09 13:40:00,110.96,110.9871,110.93,110.93,470.0
2018-01-09 13:41:00,110.9816,110.9816,110.9816,110.9816,175.0
2018-01-09 13:42:00,110.97,110.9816,110.965,110.9816,725.0
2018-01-09 13:43:00,110.95,110.98,110.95,110.98,200.0
2018-01-09 13:44:00,110.9375,110.98,110.9375,110.98,1400.0
2018-01-09 13:45:00,110.91,110.9558,110.91,110.9558,750.0
2018-01-09 13:46:00,110.915,110.92,110.9017,110.9017,1290.0
2018-01-09 13:47:00,110.915,110.94,110.91,110.94,510.0
2018-01-09 13:48:00,110.93,110.93,110.93,110.93,100.0
2018-01-09 13:49:00,110.95,110.95,110.93,110.94,1400.0
2018-01-09 13:50:00,110.99,110.99,110.96,110.96,1570.0
2018-01-09 13:51:00,110.99,110.99,110.9797,110.9797,700.0
2018-01-09 13:52:00,110.985,111.0,110.9802,110.9802,600.0
2018-01-09 13:53:00,111.005,111.005,110.99,110.99,1278.0
2018-01-09 13:54:00,110.93,111.015,110.93,111.01,2395.0
2018-01-09 13:55:00,110.963,110.963,110.9,110.93799999999999,728.0
2018-01-09 13:56:00,110.96,110.97,110.93,110.94,770.0
2018-01-09 13:57:00,110.95,110.98,110.94,110.98,1700.0
2018-01-09 13:58:00,110.9334,110.94,110.93,110.94,850.0
2018-01-09 13:59:00,110.8875,110.8875,110.8875,110.8875,100.0
2018-01-09 14:00:00,110.93,110.94,110.89,110.898,3489.0
2018-01-09 14:02:00,110.93,110.93,110.93,110.93,100.0
2018-01-09 14:03:00,110.95,110.95,110.95,110.95,100.0
2018-01-09 14:04:00,111.005,111.03,110.96,110.96,2900.0
2018-01-09 14:05:00,110.99,111.0,110.99,110.99,400.0
2018-01-09 14:06:00,110.785,110.98,110.77,110.945,5478.0
2018-01-09 14:07:00,110.81,110.81,110.81,110.81,100.0
2018-01-09 14:08:00,110.83,110.83,110.815,110.815,2490.0
2018-01-09 14:09:00,110.805,110.85,110.8,110.8192,2600.0
2018-01-09 14:10:00,110.806,110.806,110.8,110.8,289.0
2018-01-09 14:12:00,110.77,110.83,110.77,110.83,300.0
2018-01-09 14:13:00,110.8,110.8,110.77,110.7706,800.0
2018-01-09 14:14:00,110.77,110.79,110.77,110.79,2100.0
2018-01-09 14:15:00,110.75,110.7799,110.75,110.755,1016.0
2018-01-09 14:16:00,110.76,110.76,110.73,110.73,200.0
2018-01-09 14:17:00,110.68,110.76,110.68,110.74,1850.0
2018-01-09 14:18:00,110.7,110.7,110.7,110.7,100.0
2018-01-09 14:19:00,110.72,110.72,110.715,110.715,300.0
2018-01-09 14:20:00,110.73,110.74,110.72,110.72,500.0
2018-01-09 14:21:00,110.73,110.75,110.71,110.75,500.0
2018-01-09 14:22:00,110.73,110.73,110.73,110.73,400.0
2018-01-09 14:23:00,110.73,110.74,110.72,110.74,1900.0
2018-01-09 14:24:00,110.6844,110.74,110.6656,110.73,1939.0
2018-01-09 14:25:00,110.67,110.67,110.67,110.67,100.0
2018-01-09 14:26:00,110.67,110.7,110.67,110.7,500.0
2018-01-09 14:27:00,110.7,110.7,110.7,110.7,100.0
2018-01-09 14:28:00,110.69,110.69,110.64,110.64,602.0
2018-01-09 14:29:00,110.64,110.72,110.64,110.72,2100.0
2018-01-09 14:30:00,110.63,110.63,110.63,110.63,100.0
2018-01-09 14:31:00,110.64,110.66,110.63,110.64,1788.0
2018-01-09 14:32:00,110.68,110.68,110.65,110.6585,1112.0
2018-01-09 14:33:00,110.67,110.69,110.65,110.69,991.0
2018-01-09 14:34:00,110.68,110.68,110.6452,110.6452,761.0
2018-01-09 14:35:00,110.65,110.675,110.65,110.67,849.0
2018-01-09 14:36:00,110.67,110.67,110.67,110.67,200.0
2018-01-09 14:37:00,110.66,110.669,110.62,110.669,400.0
2018-01-09 14:38:00,110.65,110.67,110.64,110.66,1900.0
2018-01-09 14:39:00,110.59,110.66,110.59,110.66,1637.0
2018-01-09 14:40:00,110.55,110.5825,110.5,110.5825,4400.0
2018-01-09 14:41:00,110.51,110.54,110.51,110.54,2300.0
2018-01-09 14:42:00,110.5,110.52,110.47,110.51,1770.0
2018-01-09 14:43:00,110.46,110.49,110.46,110.48,300.0
2018-01-09 14:44:00,110.45,110.45,110.45,110.45,100.0
2018-01-09 14:45:00,110.41,110.46,110.3981,110.46,3974.0
2018-01-09 14:46:00,110.39,110.4592,110.39,110.41,3741.0
2018-01-09 14:47:00,110.4187,110.4187,110.38,110.4,600.0
2018-01-09 14:48:00,110.43,110.45,110.42,110.42,1500.0
2018-01-09 14:49:00,110.46,110.46,110.46,110.46,100.0
2018-01-09 14:50:00,110.43,110.46,110.43,110.45,1800.0
2018-01-09 14:51:00,110.49,110.49,110.47,110.47,307.0
2018-01-09 14:52:00,110.52,110.52,110.51,110.51,600.0
2018-01-09 14:53:00,110.54,110.54,110.52,110.54,600.0
2018-01-09 14:54:00,110.52,110.56,110.52,110.56,200.0
2018-01-09 14:55:00,110.55,110.59,110.52,110.52,1522.0
2018-01-09 14:56:00,110.54,110.6,110.53,110.53,600.0
2018-01-09 14:57:00,110.56,110.58,110.5,110.58,3212.0
2018-01-09 14:58:00,110.525,110.57,110.52,110.559,640.0
2018-01-09 14:59:00,110.56,110.56,110.515,110.52,1732.0
2018-01-09 15:00:00,110.67,110.745,110.58,110.58,2100.0
2018-01-09 15:01:00,110.6047,110.62,110.6,110.62,1500.0
2018-01-09 15:02:00,110.61,110.6325,110.595,110.62,2168.0
2018-01-09 15:04:00,110.58,110.62,110.58,110.59,1942.0
2018-01-09 15:05:00,110.6,110.6,110.6,110.6,100.0
2018-01-09 15:06:00,110.585,110.6,110.57,110.58,1800.0
2018-01-09 15:08:00,110.62,110.62,110.6,110.6,400.0
2018-01-09 15:09:00,110.61,110.63,110.61,110.63,500.0
2018-01-09 15:10:00,110.6,110.64,110.6,110.61,1760.0
2018-01-09 15:11:00,110.62,110.62,110.62,110.62,300.0
2018-01-09 15:12:00,110.64,110.64,110.61,110.64,1510.0
2018-01-09 15:13:00,110.65,110.65,110.61,110.62,3500.0
2018-01-09 15:14:00,110.65,110.66,110.64,110.66,1920.0
2018-01-09 15:15:00,110.615,110.64,110.615,110.64,1200.0
2018-01-09 15:16:00,110.62,110.63,110.6105,110.62,400.0
2018-01-09 15:17:00,110.63,110.64,110.61,110.63,2400.0
2018-01-09 15:18:00,110.64,110.64,110.61,110.61,800.0
2018-01-09 15:19:00,110.61,110.64,110.61,110.63,939.0
2018-01-09 15:20:00,110.58,110.645,110.58,110.64,3700.0
2018-01-09 15:21:00,110.53,110.58,110.52,110.58,1600.0
2018-01-09 15:22:00,110.53,110.54,110.52,110.5263,630.0
2018-01-09 15:23:00,110.5,110.52,110.48,110.52,1100.0
2018-01-09 15:24:00,110.52,110.52,110.52,110.52,200.0
2018-01-09 15:25:00,110.5,110.52,110.5,110.51,2100.0
2018-01-09 15:26:00,110.52,110.52,110.5,110.5029,4100.0
2018-01-09 15:27:00,110.46,110.5,110.46,110.5,2192.0
2018-01-09 15:28:00,110.51,110.51,110.46,110.46,1500.0
2018-01-09 15:29:00,110.53,110.53,110.51,110.51,400.0
2018-01-09 15:30:00,110.495,110.5,110.495,110.5,1000.0
2018-01-09 15:31:00,110.595,110.61,110.51,110.51,4100.0
2018-01-09 15:32:00,110.58,110.61,110.56,110.6,4753.0
2018-01-09 15:33:00,110.61,110.61,110.6089,110.6089,700.0
2018-01-09 15:34:00,110.66,110.66,110.6,110.61,3200.0
2018-01-09 15:35:00,110.655,110.69,110.65,110.67,4477.0
2018-01-09 15:36:00,110.67,110.68,110.66,110.67,700.0
2018-01-09 15:37:00,110.65,110.665,110.64,110.66,2500.0
2018-01-09 15:38:00,110.64,110.67,110.63,110.67,600.0
2018-01-09 15:39:00,110.62,110.62,110.59,110.62,3925.0
2018-01-09 15:40:00,110.67,110.67,110.62,110.62,3402.0
2018-01-09 15:41:00,110.685,110.7,110.685,110.7,300.0
2018-01-09 15:42:00,110.68,110.68,110.66,110.67,3957.0
2018-01-09 15:43:00,110.67,110.67,110.63,110.67,4001.0
2018-01-09 15:44:00,110.675,110.68,110.66,110.67,2893.0
2018-01-09 15:45:00,110.6,110.689,110.59,110.67,6905.0
2018-01-09 15:46:00,110.4565,110.5525,110.44,110.55,5786.0
2018-01-09 15:47:00,110.43,110.465,110.4165,110.45,3114.0
2018-01-09 15:48:00,110.48,110.48,110.41,110.43,2500.0
2018-01-09 15:49:00,110.44,110.485,110.43,110.485,2100.0
2018-01-09 15:50:00,110.435,110.45,110.43,110.44,1200.0
2018-01-09 15:51:00,110.56,110.56,110.45,110.45,2760.0
2018-01-09 15:52:00,110.56,110.56,110.535,110.535,600.0
2018-01-09 15:53:00,110.52,110.56,110.51,110.56,6922.0
2018-01-09 15:54:00,110.46,110.52,110.45,110.52,2800.0
2018-01-09 15:55:00,110.51,110.51,110.46,110.46,3455.0
2018-01-09 15:56:00,110.49,110.56,110.49,110.51,6154.0
2018-01-09 15:57:00,110.49,110.5132,110.48,110.49,5010.0
2018-01-09 15:58:00,110.47,110.485,110.44,110.485,6162.0
2018-01-09 15:59:00,110.47,110.5,110.44,110.46,5922.0
2018-01-09 16:00:00,110.5,110.52,110.43,110.49,14226.0
2018-01-10 09:30:00,110.27,110.27,110.27,110.27,2926.0
2018-01-10 09:32:00,110.52,110.67,110.4,110.4,2300.0
2018-01-10 09:33:00,110.625,110.625,110.5,110.55,2800.0
2018-01-10 09:34:00,110.64,110.68,110.585,110.585,2683.0
2018-01-10 09:35:00,110.52,110.52,110.52,110.52,100.0
2018-01-10 09:36:00,110.4272,110.4272,110.4272,110.4272,100.0
2018-01-10 09:37:00,110.64,110.64,110.45,110.51,786.0
2018-01-10 09:38:00,110.46,110.49,110.43,110.49,1500.0
2018-01-10 09:39:00,110.54,110.57,110.38,110.45,4400.0
2018-01-10 09:40:00,110.51,110.52,110.5,110.52,800.0
2018-01-10 09:41:00,110.55,110.565,110.42,110.4265,1000.0
2018-01-10 09:43:00,110.53,110.54,110.47,110.54,1889.0
2018-01-10 09:44:00,110.54,110.59,110.54,110.58,2000.0
2018-01-10 09:45:00,110.5,110.54,110.48,110.515,3980.0
2018-01-10 09:46:00,110.54,110.56,110.475,110.52,1900.0
2018-01-10 09:47:00,110.48,110.505,110.43,110.505,900.0
2018-01-10 09:48:00,110.30799999999999,110.4,110.21,110.4,4028.0
2018-01-10 09:49:00,110.5,110.52,110.36,110.4,1900.0
2018-01-10 09:50:00,110.5,110.58,110.5,110.58,2115.0
2018-01-10 09:51:00,110.51,110.51,110.5,110.5,500.0
2018-01-10 09:52:00,110.5,110.5,110.44,110.48,1000.0
2018-01-10 09:53:00,110.49,110.49,110.455,110.455,200.0
2018-01-10 09:54:00,110.5,110.555,110.5,110.51,2500.0
2018-01-10 09:55:00,110.65,110.65,110.48,110.54,9700.0
2018-01-10 09:56:00,110.56,110.6666,110.56,110.65,4712.0
2018-01-10 09:57:00,110.56,110.58,110.56,110.56,500.0
2018-01-10 09:58:00,110.61,110.62,110.53,110.57,12300.0
2018-01-10 09:59:00,110.7,110.745,110.605,110.605,4200.0
2018-01-10 10:00:00,110.74,110.74,110.65,110.695,2228.0
2018-01-10 10:01:00,110.685,110.685,110.685,110.685,800.0
2018-01-10 10:02:00,110.72,110.72,110.57,110.685,8348.0
2018-01-10 10:03:00,110.66,110.71,110.66,110.7,500.0
2018-01-10 10:04:00,110.67,110.75,110.67,110.68,2337.0
2018-01-10 10:05:00,110.865,110.865,110.745,110.76,4396.0
2018-01-10 10:06:00,110.72,110.83,110.72,110.8,1600.0
2018-01-10 10:07:00,110.705,110.76,110.69,110.76,5600.0
2018-01-10 10:08:00,110.69,110.79,110.66,110.66,11993.0
2018-01-10 10:09:00,110.64,110.7,110.61,110.69,2500.0
2018-01-10 10:10:00,110.65,110.69,110.61,110.61,4100.0
2018-01-10 10:11:00,110.56,110.67,110.56,110.66,10745.0
2018-01-10 10:12:00,110.72,110.79,110.58,110.62,11387.0
2018-01-10 10:13:00,110.63,110.8,110.605,110.73,11312.0
2018-01-10 10:14:00,110.67,110.69,110.62,110.64,1700.0
2018-01-10 10:15:00,110.74,110.79,110.675,110.675,3706.0
2018-01-10 10:16:00,110.95,110.95,110.79,110.79,1753.0
2018-01-10 10:17:00,110.79,110.97,110.79,110.97,1600.0
2018-01-10 10:18:00,110.87,110.9,110.81,110.84,2000.0
2018-01-10 10:19:00,110.79,110.89,110.78,110.8401,4121.0
2018-01-10 10:20:00,110.77,110.8,110.75,110.77,2407.0
2018-01-10 10:21:00,110.75,110.82,110.75,110.76,668.0
2018-01-10 10:22:00,110.805,110.84,110.805,110.805,1400.0
2018-01-10 10:23:00,110.88,110.88,110.805,110.805,2100.0
2018-01-10 10:24:00,110.92,110.92,110.86,110.9,3825.0
2018-01-10 10:25:00,110.89,110.91,110.89,110.89,2500.0
2018-01-10 10:26:00,110.93,110.94,110.86,110.86,1150.0
2018-01-10 10:27:00,110.9449,110.95,110.94,110.95,700.0
2018-01-10 10:28:00,110.92,110.96,110.92,110.92,1000.0
2018-01-10 10:29:00,110.98,111.01,110.96,110.96,1824.0
2018-01-10 10:30:00,110.95,110.95,110.88,110.95,2600.0
2018-01-10 10:31:00,111.0,111.0,110.935,110.935,1900.0
2018-01-10 10:32:00,111.085,111.085,110.99,111.03,1300.0
2018-01-10 10:33:00,111.1,111.17,111.05,111.09899999999999,3100.0
2018-01-10 10:34:00,111.13,111.15,111.105,111.105,1235.0
2018-01-10 10:35:00,111.22,111.22,111.14,111.14,1050.0
2018-01-10 10:36:00,111.3,111.3,111.22,111.26,1600.0
2018-01-10 10:37:00,111.49,111.49,111.3,111.3,4927.0
2018-01-10 10:38:00,111.54,111.54,111.47,111.5,11202.0
2018-01-10 10:39:00,111.56,111.58,111.53,111.55,2500.0
2018-01-10 10:40:00,111.6,111.6,111.45,111.51,22133.0
2018-01-10 10:41:00,111.74,111.81,111.65,111.65,24578.0
2018-01-10 10:42:00,111.71,111.78,111.675,111.74,3900.0
2018-01-10 10:43:00,111.68,111.715,111.65,111.715,2496.0
2018-01-10 10:44:00,111.54,111.67,111.4775,111.67,7694.0
2018-01-10 10:45:00,111.55,111.58,111.51,111.525,5623.0
2018-01-10 10:46:00,111.505,111.54,111.49,111.53,2200.0
2018-01-10 10:47:00,111.54,111.6,111.54,111.54,7800.0
2018-01-10 10:48:00,111.445,111.54,111.42,111.53,5164.0
2018-01-10 10:49:00,111.32,111.425,111.32,111.425,1200.0
2018-01-10 10:50:00,111.18,111.28,111.18,111.27,1400.0
2018-01-10 10:51:00,111.21,111.26,111.04,111.14,4210.0
2018-01-10 10:52:00,111.21,111.28,111.17,111.245,1800.0
2018-01-10 10:53:00,111.135,111.135,111.135,111.135,100.0
2018-01-10 10:54:00,111.18,111.23,111.12,111.15,2308.0
2018-01-10 10:55:00,111.15,111.15,111.15,111.15,1100.0
2018-01-10 10:56:00,111.1908,111.1908,111.17,111.17,860.0
2018-01-10 10:57:00,111.25,111.25,111.15,111.18,1703.0
2018-01-10 10:58:00,111.18,111.22,111.18,111.22,700.0
2018-01-10 10:59:00,111.28,111.28,111.15,111.15,1555.0
2018-01-10 11:00:00,111.28,111.28,111.24,111.26,600.0
2018-01-10 11:01:00,111.2448,111.2448,111.21,111.21,200.0
2018-01-10 11:02:00,111.16,111.27,111.16,111.27,1700.0
2018-01-10 11:03:00,111.23,111.23,111.16,111.17,2151.0
2018-01-10 11:04:00,111.2,111.23,111.18,111.21,2578.0
2018-01-10 11:05:00,111.17,111.19,111.16,111.19,2084.0
2018-01-10 11:06:00,111.14,111.18,111.11,111.15,3587.0
2018-01-10 11:07:00,111.11,111.15,111.11,111.1299,1877.0
2018-01-10 11:08:00,111.13,111.1799,111.09,111.117,3929.0
2018-01-10 11:09:00,111.1,111.14,111.1,111.14,600.0
2018-01-10 11:10:00,111.08,111.1,111.08,111.1,200.0
2018-01-10 11:11:00,111.11,111.12,111.08,111.08,1638.0
2018-01-10 11:12:00,111.04,111.09,110.98100000000001,111.09,4476.0
2018-01-10 11:13:00,111.0,111.01,110.99,110.99,885.0
2018-01-10 11:14:00,111.01,111.05,110.98,111.0,2606.0
2018-01-10 11:15:00,110.95,111.0274,110.95,111.01,300.0
2018-01-10 11:17:00,110.99,111.0,110.985,110.985,500.0
2018-01-10 11:18:00,110.95,110.97,110.9484,110.96,2200.0
2018-01-10 11:19:00,110.91,110.95,110.91,110.93,900.0
2018-01-10 11:20:00,110.95,110.97,110.92,110.96,700.0
2018-01-10 11:21:00,110.95,110.95,110.95,110.95,100.0
2018-01-10 11:22:00,111.0,111.0,110.95,110.95,2800.0
2018-01-10 11:23:00,110.94,111.0,110.94,110.99,2300.0
2018-01-10 11:24:00,110.97,110.98,110.96,110.96,600.0
2018-01-10 11:25:00,111.025,111.06,111.0,111.0,1800.0
2018-01-10 11:26:00,111.015,111.03,111.015,111.03,400.0
2018-01-10 11:27:00,111.035,111.06,110.96,110.99,2899.0
2018-01-10 11:28:00,111.07,111.07,111.055,111.055,300.0
2018-01-10 11:29:00,111.14,111.19,111.05,111.05,1300.0
2018-01-10 11:30:00,111.13,111.2,111.13,111.18,1650.0
2018-01-10 11:31:00,111.12,111.17,111.12,111.16,400.0
2018-01-10 11:32:00,111.14,111.16,111.14,111.16,400.0
2018-01-10 11:33:00,111.155,111.18,111.155,111.17,2339.0
2018-01-10 11:34:00,111.17,111.17,111.14,111.17,600.0
2018-01-10 11:35:00,111.17299999999999,111.18,111.14,111.14,1924.0
2018-01-10 11:36:00,111.11,111.16,111.09,111.16,1400.0
2018-01-10 11:37:00,111.09,111.1,111.03,111.0496,2900.0
2018-01-10 11:38:00,111.055,111.1,111.05,111.08,1500.0
2018-01-10 11:39:00,111.0,111.02,111.0,111.02,300.0
2018-01-10 11:40:00,111.0,111.03,111.0,111.0,1302.0
2018-01-10 11:41:00,110.96,111.0,110.96,111.0,1200.0
2018-01-10 11:42:00,110.98,110.985,110.96,110.96,437.0
2018-01-10 11:43:00,110.95,110.9784,110.95,110.9784,301.0
2018-01-10 11:44:00,110.95,110.95,110.95,110.95,100.0
2018-01-10 11:45:00,110.98,110.98,110.955,110.955,200.0
2018-01-10 11:47:00,111.03,111.08,110.97,110.98,4317.0
2018-01-10 11:48:00,111.06,111.09,111.05,111.07,4327.0
2018-01-10 11:49:00,111.05,111.08,111.04,111.07,3400.0
2018-01-10 11:50:00,111.1,111.1,111.06,111.07,3880.0
2018-01-10 11:51:00,111.075,111.12,111.03,111.11,10964.0
2018-01-10 11:52:00,111.07,111.1,111.03,111.03,700.0
2018-01-10 11:53:00,111.11,111.15,111.07,111.07,4634.0
2018-01-10 11:54:00,111.09,111.09,111.09,111.09,200.0
2018-01-10 11:55:00,111.11,111.11,111.11,111.11,100.0
2018-01-10 11:56:00,111.08,111.105,111.08,111.09,500.0
2018-01-10 11:57:00,111.06,111.08,111.06,111.075,700.0
2018-01-10 11:58:00,111.0,111.06,111.0,111.04,2000.0
2018-01-10 12:00:00,111.04,111.04,111.0,111.0,500.0
2018-01-10 12:02:00,111.0,111.04,111.0,111.04,500.0
2018-01-10 12:03:00,110.95,110.99,110.95,110.99,699.0
2018-01-10 12:04:00,110.9,110.94,110.9,110.94,500.0
2018-01-10 12:05:00,110.87,110.87,110.87,110.87,100.0
2018-01-10 12:06:00,110.87,110.9,110.87,110.89,1506.0
2018-01-10 12:07:00,110.89,110.89,110.87,110.87100000000001,538.0
2018-01-10 12:08:00,110.89,110.91,110.89,110.89,300.0
2018-01-10 12:09:00,110.9075,110.93,110.885,110.9,2000.0
2018-01-10 12:10:00,110.87,110.91,110.87,110.91,900.0
2018-01-10 12:11:00,110.85,110.85,110.85,110.85,285.0
2018-01-10 12:12:00,110.83,110.86,110.83,110.84,1054.0
2018-01-10 12:13:00,110.85,110.86,110.81,110.835,5106.0
2018-01-10 12:14:00,110.91,110.93,110.835,110.85,2706.0
2018-01-10 12:15:00,110.91,111.0,110.91,110.96,1120.0
2018-01-10 12:16:00,110.97,110.986,110.97,110.986,800.0
2018-01-10 12:17:00,110.945,110.945,110.93,110.93,500.0
2018-01-10 12:18:00,110.93,110.945,110.91,110.945,900.0
2018-01-10 12:19:00,110.965,110.97,110.94,110.95,935.0
2018-01-10 12:20:00,110.93,110.98,110.93,110.98,800.0
2018-01-10 12:21:00,110.94,110.94,110.94,110.94,100.0
2018-01-10 12:22:00,110.95,110.9799,110.94,110.97,1375.0
2018-01-10 12:23:00,110.945,110.95,110.945,110.95,700.0
2018-01-10 12:24:00,110.94,110.98,110.94,110.96,2600.0
2018-01-10 12:25:00,110.94,110.94,110.93,110.94,600.0
2018-01-10 12:26:00,110.92,110.93,110.92,110.93,300.0
2018-01-10 12:27:00,111.01,111.01,110.94,110.94,1101.0
2018-01-10 12:28:00,110.985,111.01,110.98,110.98,695.0
2018-01-10 12:29:00,110.995,111.0,110.995,111.0,600.0
2018-01-10 12:30:00,110.98,110.98,110.98,110.98,100.0
2018-01-10 12:31:00,111.01,111.01,110.98,110.99,1259.0
2018-01-10 12:32:00,110.96,110.995,110.96,110.995,800.0
2018-01-10 12:33:00,110.96,110.96,110.93,110.95,400.0
2018-01-10 12:34:00,110.945,110.9522,110.945,110.9522,300.0
2018-01-10 12:35:00,110.92,110.92,110.92,110.92,100.0
2018-01-10 12:37:00,110.925,110.94,110.89,110.89,2300.0
2018-01-10 12:38:00,110.92,110.9256,110.91,110.9256,300.0
2018-01-10 12:39:00,110.92,110.94,110.905,110.92,1400.0
2018-01-10 12:40:00,110.96,110.96,110.96,110.96,100.0
2018-01-10 12:41:00,110.94,110.94,110.91,110.925,300.0
2018-01-10 12:42:00,110.925,110.94,110.9101,110.9101,873.0
2018-01-10 12:43:00,110.99,110.99,110.925,110.925,2410.0
2018-01-10 12:44:00,110.94,110.99,110.94,110.99,1000.0
2018-01-10 12:45:00,110.965,110.965,110.93,110.93,300.0
2018-01-10 12:46:00,110.94,110.98,110.94,110.97,1800.0
2018-01-10 12:47:00,110.86,110.93,110.86,110.93,1800.0
2018-01-10 12:48:00,110.87,110.89,110.86,110.86,1910.0
2018-01-10 12:49:00,110.85,110.87,110.85,110.87,300.0
2018-01-10 12:50:00,110.95,110.96,110.87,110.87,3200.0
2018-01-10 12:51:00,110.9,110.97,110.9,110.97,400.0
2018-01-10 12:52:00,110.91,110.91,110.87,110.9,800.0
2018-01-10 12:53:00,110.87,110.92,110.87,110.92,3110.0
2018-01-10 12:54:00,110.875,110.89,110.85,110.89,700.0
2018-01-10 12:55:00,110.89,110.89,110.88,110.88,900.0
2018-01-10 12:56:00,110.89,110.89,110.89,110.89,100.0
2018-01-10 12:57:00,110.9,110.9,110.87,110.87,1666.0
2018-01-10 12:58:00,110.91,110.91,110.885,110.9,2212.0
2018-01-10 12:59:00,110.93,110.96,110.92,110.94,600.0
2018-01-10 13:00:00,110.94,110.96,110.92,110.96,1800.0
2018-01-10 13:01:00,110.95,110.95,110.94,110.94,1106.0
2018-01-10 13:02:00,110.91,110.9532,110.91,110.9532,1300.0
2018-01-10 13:03:00,110.92,110.92,110.92,110.92,1500.0
2018-01-10 13:04:00,110.92,110.94,110.91,110.92,2023.0
2018-01-10 13:05:00,110.87,110.91,110.87,110.91,1800.0
2018-01-10 13:06:00,110.845,110.87,110.845,110.87,200.0
2018-01-10 13:07:00,110.84,110.85,110.78,110.78,1300.0
2018-01-10 13:08:00,110.805,110.83,110.78,110.78,300.0
2018-01-10 13:09:00,110.88,110.88,110.83,110.83,1300.0
2018-01-10 13:10:00,110.87,110.92,110.87,110.92,1686.0
2018-01-10 13:11:00,110.855,110.87,110.84,110.87,1013.0
2018-01-10 13:12:00,110.83,110.85,110.83,110.85,1100.0
2018-01-10 13:13:00,110.8,110.83,110.77,110.83,400.0
2018-01-10 13:14:00,110.79,110.8,110.7866,110.8,800.0
2018-01-10 13:15:00,110.715,110.785,110.71,110.785,600.0
2018-01-10 13:16:00,110.67,110.7,110.64,110.69,1720.0
2018-01-10 13:17:00,110.65,110.665,110.65,110.66,614.0
2018-01-10 13:18:00,110.59,110.66,110.59,110.66,5671.0
2018-01-10 13:19:00,110.59,110.62,110.55,110.61,10403.0
2018-01-10 13:20:00,110.61,110.61,110.58,110.59,13236.0
2018-01-10 13:21:00,110.59,110.62,110.565,110.615,8912.0
2018-01-10 13:22:00,110.54,110.595,110.54,110.59,1700.0
2018-01-10 13:23:00,110.54,110.56,110.53,110.54,3300.0
2018-01-10 13:24:00,110.52,110.52,110.52,110.52,200.0
2018-01-10 13:25:00,110.545,110.545,110.53,110.545,700.0
2018-01-10 13:26:00,110.55,110.57,110.54,110.545,4600.0
2018-01-10 13:27:00,110.61,110.61,110.565,110.57,3727.0
2018-01-10 13:28:00,110.625,110.625,110.62,110.62,300.0
2018-01-10 13:29:00,110.64,110.64,110.62,110.62,300.0
2018-01-10 13:30:00,110.65,110.65,110.65,110.65,110.0
2018-01-10 13:31:00,110.63,110.63,110.63,110.63,1000.0
2018-01-10 13:32:00,110.66,110.66,110.64,110.65,3603.0
2018-01-10 13:33:00,110.645,110.66,110.63,110.66,2242.0
2018-01-10 13:34:00,110.69,110.69,110.65,110.65,2645.0
2018-01-10 13:35:00,110.715,110.715,110.6957,110.6957,700.0
2018-01-10 13:36:00,110.71,110.71,110.71,110.71,676.0
2018-01-10 13:37:00,110.72,110.72,110.7,110.7,3700.0
2018-01-10 13:38:00,110.74,110.76,110.73,110.73,2000.0
2018-01-10 13:39:00,110.73,110.78,110.73,110.76,900.0
2018-01-10 13:40:00,110.77,110.79,110.7653,110.7671,1834.0
2018-01-10 13:41:00,110.9299,110.9299,110.79,110.7924,18628.0
2018-01-10 13:42:00,111.1575,111.16,110.9299,110.9299,11043.0
2018-01-10 13:43:00,111.3,111.3,111.15,111.15,6786.0
2018-01-10 13:44:00,111.23,111.32,111.2,111.2859,6872.0
2018-01-10 13:45:00,111.2892,111.32,111.1976,111.2375,8700.0
2018-01-10 13:46:00,111.3299,111.33,111.285,111.285,1450.0
2018-01-10 13:47:00,111.34,111.34,111.3,111.31,1334.0
2018-01-10 13:48:00,111.25,111.34,111.25,111.34,3400.0
2018-01-10 13:49:00,111.25,111.25,111.22,111.2201,1200.0
2018-01-10 13:50:00,111.235,111.25,111.22,111.25,500.0
2018-01-10 13:51:00,111.215,111.24,111.18,111.18,4800.0
2018-01-10 13:52:00,111.13,111.2068,111.13,111.19,4360.0
2018-01-10 13:53:00,111.1,111.1199,111.0504,111.1199,3481.0
2018-01-10 13:54:00,111.08,111.08,111.08,111.08,100.0
2018-01-10 13:55:00,110.99,111.05,110.9598,111.05,8100.0
2018-01-10 13:56:00,111.0,111.0,111.0,111.0,100.0
2018-01-10 13:57:00,111.0,111.0,110.969,110.975,1300.0
2018-01-10 13:58:00,110.9537,111.0,110.95,110.975,3300.0
2018-01-10 13:59:00,110.955,110.955,110.94,110.94,300.0
2018-01-10 14:00:00,110.95,110.95,110.92,110.95,600.0
2018-01-10 14:01:00,110.94,110.95,110.94,110.95,1469.0
2018-01-10 14:02:00,110.9,110.965,110.9,110.95,3400.0
2018-01-10 14:03:00,110.88,110.91,110.83,110.91,2400.0
2018-01-10 14:04:00,110.95,110.95,110.88,110.88,1724.0
2018-01-10 14:05:00,110.935,110.96,110.935,110.935,600.0
2018-01-10 14:06:00,110.96,110.96,110.95,110.95,502.0
2018-01-10 14:07:00,110.99,110.99,110.96,110.96,1115.0
2018-01-10 14:08:00,110.291,111.01,110.21,110.99,68749.0
2018-01-10 14:09:00,110.33,110.5,110.05,110.3,57945.0
2018-01-10 14:10:00,109.74,110.41,109.7,110.41,39059.0
2018-01-10 14:11:00,109.29,109.88,109.06,109.88,54016.0
2018-01-10 14:12:00,109.445,109.55,109.01,109.22,22382.0
2018-01-10 14:13:00,109.145,109.469,109.05,109.39,33911.0
2018-01-10 14:14:00,108.3,109.135,107.61,109.08,106381.0
2018-01-10 14:15:00,108.78,109.17,108.27,108.3,28219.0
2018-01-10 14:16:00,109.35,109.4199,108.84,108.9828,24729.0
2018-01-10 14:17:00,108.275,109.335,108.18,109.335,38376.0
2018-01-10 14:18:00,108.04,108.5,108.04,108.465,34198.0
2018-01-10 14:19:00,108.01,108.25,107.95,108.01,27733.0
2018-01-10 14:20:00,108.0,108.13,107.68,107.99,30695.0
2018-01-10 14:21:00,107.58,108.15,107.53,107.99,35377.0
2018-01-10 14:22:00,107.43,107.58,106.93,107.58,66294.0
2018-01-10 14:23:00,106.975,107.51,106.87,107.24,55208.0
2018-01-10 14:24:00,107.015,107.21,106.87,107.01,59205.0
2018-01-10 14:25:00,106.935,107.47,106.81,107.07,69190.0
2018-01-10 14:26:00,106.92,107.09,106.44,106.92,35318.0
2018-01-10 14:27:00,107.63,107.64,106.85,106.87,32609.0
2018-01-10 14:28:00,107.625,107.69,107.48,107.59,17321.0
2018-01-10 14:29:00,107.42,107.71,107.41,107.645,6600.0
2018-01-10 14:30:00,107.25,107.515,107.25,107.46,9131.0
2018-01-10 14:31:00,107.36,107.45,107.25,107.34,10909.0
2018-01-10 14:32:00,107.35,107.44,107.24,107.44,29252.0
2018-01-10 14:33:00,107.42,107.48,107.35,107.35,13639.0
2018-01-10 14:34:00,107.47,107.5775,107.375,107.42,22500.0
2018-01-10 14:35:00,107.36,107.5,107.26,107.49,4985.0
2018-01-10 14:36:00,107.12,107.46,107.0701,107.32,11588.0
2018-01-10 14:37:00,106.96,107.12899999999999,106.895,107.05,8726.0
2018-01-10 14:38:00,107.04,107.13,106.85,106.96,20249.0
2018-01-10 14:39:00,106.725,107.04,106.64,107.04,6646.0
2018-01-10 14:40:00,106.39,106.715,106.39,106.715,10928.0
2018-01-10 14:41:00,106.59,106.65,106.41,106.45,17987.0
2018-01-10 14:42:00,106.92,106.92,106.51,106.51,9288.0
2018-01-10 14:43:00,107.06,107.06,106.82,106.92,11801.0
2018-01-10 14:44:00,106.98,107.09,106.92,107.01,3500.0
2018-01-10 14:45:00,107.27,107.33,106.94,106.95,10184.0
2018-01-10 14:46:00,107.04,107.27,107.01,107.27,6621.0
2018-01-10 14:47:00,107.08,107.17,106.92,107.055,20244.0
2018-01-10 14:48:00,106.97,107.155,106.95,107.08,6376.0
2018-01-10 14:49:00,107.06,107.12,106.91,106.94,15038.0
2018-01-10 14:50:00,107.13,107.16,107.08,107.12,23098.0
2018-01-10 14:51:00,107.05,107.135,106.935,107.135,17652.0
2018-01-10 14:52:00,106.9922,107.1,106.96,107.06,19107.0
2018-01-10 14:53:00,106.75,106.97,106.71,106.94,5224.0
2018-01-10 14:54:00,106.43,106.76,106.43,106.7,15708.0
2018-01-10 14:55:00,106.0501,106.4399,106.05,106.43,22013.0
2018-01-10 14:56:00,106.46,106.585,106.05,106.061,20211.0
2018-01-10 14:57:00,105.485,106.48,105.36,106.44,41313.0
2018-01-10 14:58:00,105.97,106.02,105.4,105.485,18098.0
2018-01-10 14:59:00,106.0375,106.2273,105.77,105.9568,26540.0
2018-01-10 15:00:00,106.035,106.09,106.0,106.09,5750.0
2018-01-10 15:01:00,106.305,106.34,106.03,106.06,22788.0
2018-01-10 15:02:00,106.17,106.33,106.15,106.33,17705.0
2018-01-10 15:03:00,106.17,106.3022,106.17,106.17,2907.0
2018-01-10 15:04:00,106.1,106.22,106.03,106.21,8744.0
2018-01-10 15:05:00,106.14,106.14,106.07,106.105,6430.0
2018-01-10 15:06:00,105.9385,106.14,105.9385,106.12,7869.0
2018-01-10 15:07:00,107.95,108.98,106.0,106.01,205153.0
2018-01-10 15:08:00,107.45,108.18,107.45,107.8337,77005.0
2018-01-10 15:09:00,107.51899999999999,107.66,107.2095,107.45,24012.0
2018-01-10 15:10:00,108.039,108.04,107.4,107.51,41659.0
2018-01-10 15:11:00,107.63,108.16,107.5508,107.9,27261.0
2018-01-10 15:12:00,107.7046,107.88,107.53,107.5935,20128.0
2018-01-10 15:13:00,107.555,107.72,107.45,107.615,17290.0
2018-01-10 15:14:00,107.22,107.55,107.14,107.5,23732.0
2018-01-10 15:15:00,106.77,107.27,106.69,107.22,21582.0
2018-01-10 15:16:00,106.77,106.96,106.48,106.81,29960.0
2018-01-10 15:17:00,106.54,106.6955,106.34,106.695,24762.0
2018-01-10 15:18:00,106.43,106.5496,106.31,106.5496,13616.0
2018-01-10 15:19:00,106.38,106.6,106.34,106.395,9957.0
2018-01-10 15:20:00,106.5362,106.5362,106.12,106.37,14276.0
2018-01-10 15:21:00,106.34,106.55,106.25,106.55,16770.0
2018-01-10 15:22:00,106.44,106.51,106.29,106.3,6789.0
2018-01-10 15:23:00,106.33,106.5075,106.27,106.4593,14577.0
2018-01-10 15:24:00,106.4822,106.5,106.31,106.35,7788.0
2018-01-10 15:25:00,106.45,106.65,106.42,106.42,18455.0
2018-01-10 15:26:00,106.4,106.4498,106.38,106.42,4376.0
2018-01-10 15:27:00,106.32,106.51,106.25,106.4,18945.0
2018-01-10 15:28:00,106.31,106.35,106.25,106.35,9352.0
2018-01-10 15:29:00,105.88,106.29,105.76,106.29,35889.0
2018-01-10 15:30:00,105.72,105.88,105.65,105.8625,24147.0
2018-01-10 15:31:00,106.4,106.445,105.715,105.749,49209.0
2018-01-10 15:32:00,106.24,106.34,106.19,106.32,10037.0
2018-01-10 15:33:00,106.29,106.3154,106.15,106.3154,12593.0
2018-01-10 15:34:00,106.19,106.41,105.99,106.29,16227.0
2018-01-10 15:35:00,106.305,106.345,106.13,106.14,17479.0
2018-01-10 15:36:00,106.28,106.3401,106.26,106.34,7376.0
2018-01-10 15:37:00,106.68,106.72,106.23,106.23,36600.0
2018-01-10 15:38:00,106.46,106.66,106.43,106.575,17964.0
2018-01-10 15:39:00,106.455,106.52,106.38,106.48,16973.0
2018-01-10 15:40:00,106.65,106.65,106.46,106.4701,19377.0
2018-01-10 15:41:00,106.49,106.66,106.49,106.62,10722.0
2018-01-10 15:42:00,106.61,106.66,106.51,106.51,13763.0
2018-01-10 15:43:00,106.522,106.6262,106.5187,106.59,18919.0
2018-01-10 15:44:00,106.45,106.55,106.43,106.538,19465.0
2018-01-10 15:45:00,106.36,106.425,106.27,106.425,19734.0
2018-01-10 15:46:00,106.54,106.55,106.35,106.35,24197.0
2018-01-10 15:47:00,106.9375,107.47,106.46,106.5583,63822.0
2018-01-10 15:48:00,107.225,107.58,106.89200000000001,106.935,81223.0
2018-01-10 15:49:00,107.32,107.39,107.02,107.22,57289.0
2018-01-10 15:50:00,107.22,107.345,107.08,107.32,41415.0
2018-01-10 15:51:00,106.92,107.21,106.89,107.205,29193.0
2018-01-10 15:52:00,106.63,106.9802,106.62,106.9802,26184.0
2018-01-10 15:53:00,106.58,106.7,106.43,106.64,28744.0
2018-01-10 15:54:00,106.63,106.69,106.58,106.595,28738.0
2018-01-10 15:55:00,106.835,106.87,106.63,106.63,50282.0
2018-01-10 15:56:00,106.83,106.86,106.81,106.835,26254.0
2018-01-10 15:57:00,106.76,106.84,106.76,106.835,21107.0
2018-01-10 15:58:00,106.55,106.76,106.53,106.76,32738.0
2018-01-10 15:59:00,106.5799,106.58,106.52,106.55,39305.0
2018-01-10 16:00:00,106.49,106.575,106.38,106.575,74023.0
2018-01-11 09:30:00,106.81,106.81,106.81,106.81,5597.0
2018-01-11 09:31:00,106.84,106.85,106.84,106.84,2000.0
2018-01-11 09:32:00,106.82,106.99,106.75,106.99,2626.0
2018-01-11 09:33:00,106.92,106.92,106.77,106.785,600.0
2018-01-11 09:34:00,106.9,106.9261,106.83,106.84,1300.0
2018-01-11 09:35:00,106.9854,107.04,106.84,106.84,6145.0
2018-01-11 09:36:00,106.87,107.01,106.87,106.98,4561.0
2018-01-11 09:37:00,106.88,106.99,106.855,106.855,7205.0
2018-01-11 09:38:00,106.92,106.96,106.86,106.86,2700.0
2018-01-11 09:39:00,107.07,107.13,106.94,106.99,2212.0
2018-01-11 09:40:00,107.34,107.34,107.09,107.1,7200.0
2018-01-11 09:41:00,107.42,107.44,107.33,107.3454,3500.0
2018-01-11 09:42:00,107.355,107.42,107.32,107.4,6019.0
2018-01-11 09:43:00,107.36,107.47,107.36,107.37299999999999,1850.0
2018-01-11 09:44:00,107.2,107.36,107.2,107.36,1744.0
2018-01-11 09:45:00,107.4061,107.4061,107.2001,107.2001,7100.0
2018-01-11 09:46:00,107.325,107.405,107.2575,107.405,6950.0
2018-01-11 09:47:00,107.55,107.55,107.335,107.335,20085.0
2018-01-11 09:48:00,107.57,107.61,107.525,107.525,2500.0
2018-01-11 09:49:00,107.7,107.72,107.6168,107.6168,3720.0
2018-01-11 09:50:00,107.47,107.65,107.47,107.65,2497.0
2018-01-11 09:51:00,107.5,107.59100000000001,107.395,107.395,3042.0
2018-01-11 09:52:00,107.61,107.61,107.5,107.5,6400.0
2018-01-11 09:53:00,107.63,107.655,107.525,107.61,13351.0
2018-01-11 09:54:00,107.62,107.69,107.47,107.6,9200.0
2018-01-11 09:55:00,107.72,107.8,107.6,107.625,7547.0
2018-01-11 09:56:00,107.67,107.75,107.525,107.75,2701.0
2018-01-11 09:57:00,107.67,107.71,107.67,107.71,600.0
2018-01-11 09:58:00,107.685,107.685,107.685,107.685,300.0
2018-01-11 09:59:00,107.7,107.7,107.61,107.65,2100.0
2018-01-11 10:00:00,107.53,107.72,107.53,107.72,1699.0
2018-01-11 10:01:00,107.76,107.76,107.61,107.61,2733.0
2018-01-11 10:02:00,107.72,107.7799,107.71,107.7599,3072.0
2018-01-11 10:03:00,107.79,107.82,107.79,107.7972,1700.0
2018-01-11 10:04:00,107.81,107.81,107.77,107.77,800.0
2018-01-11 10:05:00,107.76,107.8,107.7,107.8,2511.0
2018-01-11 10:06:00,107.84,107.84,107.75,107.75,1400.0
2018-01-11 10:07:00,107.96,107.9833,107.89,107.89,2672.0
2018-01-11 10:08:00,107.97,107.97,107.87,107.95,3987.0
2018-01-11 10:09:00,108.27,108.35,108.0,108.0,9970.0
2018-01-11 10:10:00,108.28,108.3,108.2173,108.27,2957.0
2018-01-11 10:11:00,108.53,108.68,108.23,108.2996,7462.0
2018-01-11 10:12:00,108.56,108.59,108.4801,108.59,6472.0
2018-01-11 10:13:00,108.455,108.58,108.38,108.57,8445.0
2018-01-11 10:14:00,108.49,108.54,108.44,108.455,8449.0
2018-01-11 10:15:00,108.46,108.515,108.46,108.48,400.0
2018-01-11 10:16:00,108.365,108.49,108.34,108.49,8028.0
2018-01-11 10:17:00,108.1801,108.345,108.165,108.345,3467.0
2018-01-11 10:18:00,108.13,108.18,108.09,108.18,2982.0
2018-01-11 10:19:00,107.93,108.125,107.93,108.1,16161.0
2018-01-11 10:20:00,107.96,107.96,107.93,107.93,312.0
2018-01-11 10:21:00,107.92,107.99,107.92,107.94,7804.0
2018-01-11 10:22:00,107.93,108.04,107.92,107.94,5702.0
2018-01-11 10:23:00,107.91,107.95,107.91,107.95,200.0
2018-01-11 10:24:00,107.93,107.93,107.93,107.93,100.0
2018-01-11 10:25:00,107.55,107.93,107.55,107.93,5055.0
2018-01-11 10:26:00,107.54,107.63,107.54,107.615,1400.0
2018-01-11 10:27:00,107.58,107.61,107.42,107.53,3400.0
2018-01-11 10:28:00,107.53,107.54,107.52,107.54,500.0
2018-01-11 10:29:00,107.42,107.53,107.4,107.53,1622.0
2018-01-11 10:30:00,107.55,107.5622,107.45,107.45,2811.0
2018-01-11 10:31:00,107.49,107.5,107.4,107.5,2400.0
2018-01-11 10:32:00,107.44,107.45,107.41,107.43,1200.0
2018-01-11 10:33:00,107.57,107.57,107.39,107.4,2000.0
2018-01-11 10:34:00,107.52,107.6,107.52,107.535,1300.0
2018-01-11 10:35:00,107.431,107.5,107.4,107.5,7281.0
2018-01-11 10:36:00,107.4348,107.46,107.42,107.43,3000.0
2018-01-11 10:37:00,107.6,107.6,107.4,107.45,1469.0
2018-01-11 10:38:00,107.53,107.6,107.53,107.545,2070.0
2018-01-11 10:39:00,107.545,107.6,107.48,107.52,5200.0
2018-01-11 10:40:00,107.579,107.579,107.5349,107.545,1525.0
2018-01-11 10:41:00,107.56,107.56,107.51,107.55,3300.0
2018-01-11 10:42:00,107.65,107.65,107.55,107.55,1928.0
2018-01-11 10:43:00,107.55,107.68,107.55,107.6301,3950.0
2018-01-11 10:44:00,107.57,107.58,107.57,107.58,200.0
2018-01-11 10:45:00,107.73,107.75,107.58,107.64,5100.0
2018-01-11 10:46:00,107.7683,107.7683,107.65,107.71,3140.0
2018-01-11 10:47:00,107.7,107.8399,107.7,107.8399,3600.0
2018-01-11 10:48:00,107.61,107.67,107.58,107.67,1040.0
2018-01-11 10:49:00,107.54,107.61,107.52,107.61,1219.0
2018-01-11 10:50:00,107.55,107.55,107.54,107.54,200.0
2018-01-11 10:51:00,107.63,107.64,107.59,107.59,900.0
2018-01-11 10:52:00,107.66,107.66,107.62,107.63,800.0
2018-01-11 10:53:00,107.6415,107.6415,107.62,107.63,1430.0
2018-01-11 10:54:00,107.72,107.78,107.67,107.67,4382.0
2018-01-11 10:55:00,107.61,107.7,107.61,107.7,850.0
2018-01-11 10:56:00,107.62,107.62,107.61,107.61,200.0
2018-01-11 10:57:00,107.56,107.62,107.56,107.62,1610.0
2018-01-11 10:58:00,107.52,107.58,107.52,107.58,600.0
2018-01-11 10:59:00,107.73,107.73,107.58,107.58,3000.0
2018-01-11 11:00:00,107.65,107.68,107.64,107.68,644.0
2018-01-11 11:01:00,107.76,107.76,107.65,107.65,1257.0
2018-01-11 11:02:00,107.68,107.73,107.68,107.73,1300.0
2018-01-11 11:03:00,107.78,107.78,107.66,107.66,2005.0
2018-01-11 11:04:00,107.66,107.77,107.66,107.755,1600.0
2018-01-11 11:05:00,107.76,107.77,107.68,107.68,2313.0
2018-01-11 11:06:00,107.77,107.77,107.75,107.75,400.0
2018-01-11 11:07:00,107.765,107.78,107.73,107.73,2180.0
2018-01-11 11:08:00,107.76,107.78,107.72,107.78,3173.0
2018-01-11 11:09:00,107.765,107.765,107.765,107.765,100.0
2018-01-11 11:10:00,107.79,107.8,107.79,107.79,700.0
2018-01-11 11:11:00,107.77,107.79,107.77,107.79,2100.0
2018-01-11 11:12:00,107.79,107.79,107.76,107.77,2300.0
2018-01-11 11:13:00,107.785,107.8,107.775,107.79,1600.0
2018-01-11 11:14:00,107.98,108.07,107.77,107.785,24977.0
2018-01-11 11:15:00,108.0724,108.075,108.01,108.01,1633.0
2018-01-11 11:16:00,108.11,108.11,108.0,108.09,6944.0
2018-01-11 11:17:00,108.03,108.06,108.0,108.05,7800.0
2018-01-11 11:18:00,108.025,108.1612,108.0,108.06,20529.0
2018-01-11 11:19:00,107.995,108.025,107.995,108.025,2600.0
2018-01-11 11:20:00,108.0,108.02,107.98,107.995,1505.0
2018-01-11 11:21:00,107.93,108.05,107.92,108.05,3670.0
2018-01-11 11:22:00,107.98,108.01,107.9453,107.9453,800.0
2018-01-11 11:23:00,108.04899999999999,108.05,108.02,108.0486,1375.0
2018-01-11 11:24:00,108.0275,108.05,108.0,108.0,1100.0
2018-01-11 11:25:00,108.11,108.1492,108.045,108.045,2375.0
2018-01-11 11:26:00,108.05,108.11,108.02,108.11,1800.0
2018-01-11 11:27:00,107.93,108.01,107.93,108.01,1276.0
2018-01-11 11:28:00,107.93,108.0,107.93,107.99,1811.0
2018-01-11 11:29:00,107.9245,107.9245,107.91,107.91,400.0
2018-01-11 11:30:00,107.94,107.94,107.94,107.94,700.0
2018-01-11 11:31:00,107.85,107.94,107.85,107.93,1620.0
2018-01-11 11:32:00,107.92,107.92,107.88,107.88,1300.0
2018-01-11 11:33:00,107.87,107.94,107.87,107.94,2000.0
2018-01-11 11:34:00,107.92,107.93,107.8994,107.8994,1720.0
2018-01-11 11:35:00,107.84,107.91,107.84,107.9,1596.0
2018-01-11 11:36:00,107.86,107.9,107.86,107.87,900.0
2018-01-11 11:37:00,107.82,107.82,107.82,107.82,500.0
2018-01-11 11:38:00,107.79,107.8,107.79,107.8,700.0
2018-01-11 11:39:00,107.89,108.0,107.83,107.83,4803.0
2018-01-11 11:40:00,107.93,107.93,107.93,107.93,500.0
2018-01-11 11:41:00,107.935,107.95,107.93,107.94,1700.0
2018-01-11 11:42:00,107.98,107.98,107.95,107.95,641.0
2018-01-11 11:43:00,107.9589,108.0,107.93,107.99,2206.0
2018-01-11 11:44:00,107.88,107.93,107.85,107.93,1270.0
2018-01-11 11:45:00,107.9,107.9,107.9,107.9,100.0
2018-01-11 11:46:00,107.915,107.94,107.9,107.9,800.0
2018-01-11 11:47:00,108.04,108.07,107.94,107.94,2589.0
2018-01-11 11:48:00,107.96,108.03,107.96,108.03,2440.0
2018-01-11 11:49:00,107.9786,107.9786,107.95,107.95,600.0
2018-01-11 11:50:00,108.02,108.04,107.9787,107.9787,3304.0
2018-01-11 11:51:00,108.02,108.025,107.98,108.0,1000.0
2018-01-11 11:52:00,108.07,108.07,108.01,108.05,1012.0
2018-01-11 11:53:00,108.0,108.1087,108.0,108.08,1944.0
2018-01-11 11:54:00,108.09,108.09,108.05,108.05,1099.0
2018-01-11 11:56:00,108.12,108.12,108.1,108.11,800.0
2018-01-11 11:57:00,108.0947,108.1,108.08,108.1,300.0
2018-01-11 11:58:00,108.06,108.09,108.04,108.09,1200.0
2018-01-11 11:59:00,108.02,108.045,108.02,108.04,700.0
2018-01-11 12:00:00,108.07,108.08,108.0,108.0137,2100.0
2018-01-11 12:01:00,108.065,108.065,108.065,108.065,300.0
2018-01-11 12:02:00,108.04,108.06,108.04,108.04,1050.0
2018-01-11 12:03:00,108.04,108.04,108.01,108.02,12540.0
2018-01-11 12:05:00,107.98,108.05,107.98,108.05,3100.0
2018-01-11 12:06:00,107.9832,107.9999,107.97,107.9999,468.0
2018-01-11 12:07:00,107.925,107.96,107.925,107.96,1100.0
2018-01-11 12:08:00,107.93,107.98,107.93,107.95,2276.0
2018-01-11 12:09:00,107.9254,107.963,107.91,107.963,990.0
2018-01-11 12:10:00,107.9391,107.9391,107.91,107.91,500.0
2018-01-11 12:11:00,107.92,107.94,107.91,107.91,900.0
2018-01-11 12:12:00,107.9,107.91,107.9,107.91,400.0
2018-01-11 12:13:00,107.9,107.95,107.9,107.9,2500.0
2018-01-11 12:14:00,107.86,107.88,107.86,107.88,300.0
2018-01-11 12:15:00,107.91,107.91,107.85,107.85,600.0
2018-01-11 12:16:00,107.88,107.915,107.88,107.89,400.0
2018-01-11 12:17:00,107.84,107.89,107.84,107.89,900.0
2018-01-11 12:18:00,107.86,107.87,107.83,107.84,600.0
2018-01-11 12:19:00,107.81,107.84,107.81,107.835,1000.0
2018-01-11 12:20:00,107.8,107.83,107.8,107.8,700.0
2018-01-11 12:21:00,107.78,107.8094,107.78,107.78,1200.0
2018-01-11 12:22:00,107.8,107.82,107.78,107.78,1808.0
2018-01-11 12:23:00,107.8,107.84,107.8,107.82,890.0
2018-01-11 12:24:00,107.84,107.84,107.84,107.84,100.0
2018-01-11 12:25:00,107.77,107.8,107.77,107.8,1500.0
2018-01-11 12:26:00,107.74,107.77,107.74,107.77,400.0
2018-01-11 12:27:00,107.69,107.74,107.67,107.74,5415.0
2018-01-11 12:28:00,107.73,107.73,107.68,107.68,980.0
2018-01-11 12:29:00,107.79,107.79,107.75,107.75,905.0
2018-01-11 12:30:00,107.75,107.83,107.71,107.79,2752.0
2018-01-11 12:31:00,107.75,107.75,107.72,107.72,200.0
2018-01-11 12:32:00,107.79,107.8,107.77,107.79,800.0
2018-01-11 12:33:00,107.84,107.87,107.76,107.78,2241.0
2018-01-11 12:34:00,107.82,107.85,107.82,107.85,200.0
2018-01-11 12:36:00,107.81,107.815,107.81,107.815,300.0
2018-01-11 12:37:00,107.84,107.84,107.84,107.84,100.0
2018-01-11 12:38:00,107.83,107.83,107.78,107.79,1500.0
2018-01-11 12:39:00,107.87,107.87,107.82,107.82,1000.0
2018-01-11 12:40:00,107.9,107.9,107.87,107.88,1100.0
2018-01-11 12:41:00,107.89,107.89,107.83,107.88,1800.0
2018-01-11 12:42:00,107.85,107.86,107.85,107.86,300.0
2018-01-11 12:43:00,107.83,107.83,107.83,107.83,125.0
2018-01-11 12:44:00,107.94,107.94,107.8602,107.8602,899.0
2018-01-11 12:45:00,107.89,108.03,107.89,107.99,8831.0
2018-01-11 12:46:00,107.98,107.98,107.91,107.91,1100.0
2018-01-11 12:47:00,107.91,107.91,107.91,107.91,700.0
2018-01-11 12:48:00,107.97,107.97,107.925,107.925,400.0
2018-01-11 12:49:00,107.96,107.96,107.96,107.96,100.0
2018-01-11 12:50:00,107.93,107.94,107.93,107.94,600.0
2018-01-11 12:51:00,107.96,107.96,107.96,107.96,100.0
2018-01-11 12:52:00,107.94,107.96,107.94,107.96,700.0
2018-01-11 12:53:00,107.89,107.89,107.89,107.89,100.0
2018-01-11 12:54:00,107.93,107.94,107.88,107.88,5485.0
2018-01-11 12:55:00,107.9,107.93,107.86,107.93,2320.0
2018-01-11 12:56:00,107.9,107.9,107.86,107.88,1946.0
2018-01-11 12:57:00,107.91,107.91,107.91,107.91,100.0
2018-01-11 12:58:00,107.85,107.89,107.85,107.89,700.0
2018-01-11 12:59:00,107.9,107.9,107.9,107.9,405.0
2018-01-11 13:00:00,107.91,107.91,107.91,107.91,100.0
2018-01-11 13:01:00,107.93,107.95,107.91,107.91,1500.0
2018-01-11 13:02:00,107.95,107.95,107.92,107.92,300.0
2018-01-11 13:03:00,107.96,107.96,107.92,107.95,3623.0
2018-01-11 13:04:00,107.95,107.97,107.95,107.96,800.0
2018-01-11 13:05:00,107.95,107.95,107.95,107.95,300.0
2018-01-11 13:06:00,107.94,107.98,107.94,107.96,1703.0
2018-01-11 13:07:00,107.91,107.91,107.91,107.91,100.0
2018-01-11 13:08:00,107.97,107.97,107.94,107.95,901.0
2018-01-11 13:09:00,108.0,108.0,107.96,107.96,400.0
2018-01-11 13:10:00,107.9562,107.9993,107.9562,107.9993,433.0
2018-01-11 13:11:00,108.08,108.08,107.975,107.975,1475.0
2018-01-11 13:12:00,108.05,108.08,108.05,108.08,1000.0
2018-01-11 13:13:00,108.07,108.07,108.03,108.05,1600.0
2018-01-11 13:14:00,108.05,108.07,108.03,108.03,800.0
2018-01-11 13:15:00,108.04,108.04,108.04,108.04,100.0
2018-01-11 13:16:00,108.05,108.0844,108.05,108.05,906.0
2018-01-11 13:17:00,108.01,108.05,108.01,108.05,1300.0
2018-01-11 13:18:00,108.02,108.02,108.0,108.0,1558.0
2018-01-11 13:19:00,108.05,108.05,108.03,108.04,800.0
2018-01-11 13:20:00,108.0844,108.0844,108.07,108.07,300.0
2018-01-11 13:21:00,108.1,108.1,108.06,108.06,803.0
2018-01-11 13:22:00,108.11,108.11,108.11,108.11,100.0
2018-01-11 13:23:00,108.14,108.14,108.11,108.11,874.0
2018-01-11 13:24:00,108.15,108.2,108.14,108.18,3500.0
2018-01-11 13:25:00,108.18,108.18,108.14,108.1744,700.0
2018-01-11 13:26:00,108.14,108.18,108.14,108.18,1100.0
2018-01-11 13:27:00,108.13,108.15,108.13,108.14,500.0
2018-01-11 13:28:00,108.16,108.16,108.16,108.16,100.0
2018-01-11 13:29:00,108.09,108.13,108.09,108.13,744.0
2018-01-11 13:30:00,108.06,108.0761,108.06,108.06,450.0
2018-01-11 13:31:00,108.07,108.0755,108.06,108.0755,1010.0
2018-01-11 13:32:00,108.06,108.06,108.06,108.06,100.0
2018-01-11 13:33:00,108.04,108.0716,108.02,108.04,805.0
2018-01-11 13:34:00,108.0548,108.0548,108.0548,108.0548,484.0
2018-01-11 13:35:00,108.01,108.08,108.0,108.05,4548.0
2018-01-11 13:36:00,107.97,108.02,107.97,108.0,1100.0
2018-01-11 13:37:00,107.95,107.9808,107.95,107.9808,400.0
2018-01-11 13:38:00,107.82,107.97,107.82,107.97,4309.0
2018-01-11 13:39:00,107.88,107.88,107.84,107.84,2400.0
2018-01-11 13:40:00,107.88,107.88,107.853,107.853,400.0
2018-01-11 13:41:00,107.86,107.87,107.86,107.87,200.0
2018-01-11 13:42:00,107.7983,107.7983,107.7983,107.7983,435.0
2018-01-11 13:43:00,107.83,107.83,107.83,107.83,600.0
2018-01-11 13:46:00,107.88,107.91,107.88,107.8828,550.0
2018-01-11 13:47:00,107.91,107.91,107.91,107.91,100.0
2018-01-11 13:48:00,107.94,107.94,107.94,107.94,200.0
2018-01-11 13:49:00,107.89,107.92,107.89,107.92,1700.0
2018-01-11 13:51:00,107.9,107.9,107.89,107.89,400.0
2018-01-11 13:52:00,107.8816,107.9,107.8816,107.9,676.0
2018-01-11 13:53:00,107.89,107.89,107.84,107.88,2300.0
2018-01-11 13:54:00,107.83,107.9,107.83,107.89,3600.0
2018-01-11 13:55:00,107.7372,107.81,107.71,107.81,1989.0
2018-01-11 13:56:00,107.78,107.78,107.74,107.74,833.0
2018-01-11 13:57:00,107.74,107.76,107.74,107.76,400.0
2018-01-11 13:58:00,107.79,107.79,107.77,107.77,800.0
2018-01-11 13:59:00,107.78,107.78,107.78,107.78,100.0
2018-01-11 14:00:00,107.75,107.79,107.75,107.78,2100.0
2018-01-11 14:01:00,107.765,107.79,107.765,107.77,1050.0
2018-01-11 14:02:00,107.71,107.75,107.7,107.75,777.0
2018-01-11 14:04:00,107.6,107.7,107.6,107.7,5849.0
2018-01-11 14:05:00,107.5925,107.61,107.5925,107.6,600.0
2018-01-11 14:06:00,107.66,107.66,107.58,107.58,2331.0
2018-01-11 14:07:00,107.64,107.64,107.62,107.64,1000.0
2018-01-11 14:08:00,107.68,107.68,107.67,107.67,501.0
2018-01-11 14:09:00,107.65,107.69,107.65,107.69,600.0
2018-01-11 14:10:00,107.6744,107.6744,107.64,107.64,300.0
2018-01-11 14:11:00,107.64,107.64,107.64,107.64,100.0
2018-01-11 14:12:00,107.71,107.71,107.68,107.68,1306.0
2018-01-11 14:14:00,107.72,107.72,107.72,107.72,100.0
2018-01-11 14:15:00,107.76,107.83,107.75,107.7885,5333.0
2018-01-11 14:16:00,107.7375,107.76,107.7375,107.76,200.0
2018-01-11 14:17:00,107.76,107.76,107.75,107.75,1300.0
2018-01-11 14:19:00,107.85,107.85,107.85,107.85,100.0
2018-01-11 14:20:00,107.84,107.85,107.83,107.85,1500.0
2018-01-11 14:21:00,107.8,107.84,107.7782,107.84,3000.0
2018-01-11 14:22:00,107.76,107.785,107.76,107.785,956.0
2018-01-11 14:23:00,107.79,107.79,107.77,107.78,800.0
2018-01-11 14:24:00,107.76,107.7996,107.76,107.7996,1105.0
2018-01-11 14:25:00,107.78,107.8,107.75,107.75,1715.0
2018-01-11 14:26:00,107.76,107.78,107.76,107.78,1000.0
2018-01-11 14:27:00,107.75,107.77,107.75,107.77,1141.0
2018-01-11 14:28:00,107.7008,107.74,107.7008,107.74,223.0
2018-01-11 14:29:00,107.78,107.78,107.74,107.74,1700.0
2018-01-11 14:30:00,107.79,107.8,107.78,107.78,862.0
2018-01-11 14:31:00,107.82,107.82,107.7999,107.7999,500.0
2018-01-11 14:32:00,107.82,107.82,107.82,107.82,300.0
2018-01-11 14:34:00,107.81,107.82,107.81,107.81,1400.0
2018-01-11 14:36:00,107.82,107.82,107.78,107.8,3401.0
2018-01-11 14:37:00,107.87,107.87,107.825,107.825,1000.0
2018-01-11 14:39:00,107.825,107.83,107.81,107.83,400.0
2018-01-11 14:40:00,107.81,107.89,107.81,107.825,4200.0
2018-01-11 14:41:00,107.82,107.8294,107.82,107.8294,200.0
2018-01-11 14:42:00,107.76,107.795,107.76,107.795,2180.0
2018-01-11 14:43:00,107.82,107.82,107.74,107.75,2000.0
2018-01-11 14:44:00,107.79,107.8946,107.79,107.84,8453.0
2018-01-11 14:45:00,107.82,107.8499,107.8064,107.8064,2079.0
2018-01-11 14:46:00,107.82,107.82,107.82,107.82,100.0
2018-01-11 14:47:00,107.8136,107.8344,107.81,107.8344,988.0
2018-01-11 14:48:00,107.85,107.89,107.815,107.815,2108.0
2018-01-11 14:49:00,107.85,107.88,107.85,107.88,200.0
2018-01-11 14:50:00,107.87,107.87,107.85,107.85,600.0
2018-01-11 14:51:00,107.9,107.9,107.88,107.88,600.0
2018-01-11 14:52:00,107.9,107.9,107.86,107.87,1900.0
2018-01-11 14:53:00,107.93,107.93,107.93,107.93,100.0
2018-01-11 14:54:00,107.9,107.92,107.9,107.91,1528.0
2018-01-11 14:55:00,107.9,107.92,107.88,107.92,2900.0
2018-01-11 14:56:00,107.94,107.96,107.91,107.91,1500.0
2018-01-11 14:57:00,107.96,107.96,107.95,107.95,929.0
2018-01-11 14:58:00,107.944,107.98,107.94,107.98,3100.0
2018-01-11 14:59:00,107.95,107.99,107.94,107.94,1900.0
2018-01-11 15:00:00,108.0,108.0,107.96600000000001,107.96600000000001,1300.0
2018-01-11 15:01:00,107.98,107.98,107.98,107.98,700.0
2018-01-11 15:02:00,107.93,107.971,107.93,107.971,5361.0
2018-01-11 15:03:00,107.99,108.02,107.98,107.98,2778.0
2018-01-11 15:04:00,108.005,108.01,107.97,107.97,1200.0
2018-01-11 15:05:00,108.0,108.02,108.0,108.02,850.0
2018-01-11 15:06:00,107.99,108.01,107.98,108.0,500.0
2018-01-11 15:07:00,107.98,108.01,107.96,108.0,5000.0
2018-01-11 15:08:00,107.9544,107.96,107.92,107.96,919.0
2018-01-11 15:09:00,107.96,107.96,107.9228,107.9228,1500.0
2018-01-11 15:10:00,107.897,107.98,107.897,107.98,2605.0
2018-01-11 15:11:00,107.89,107.905,107.89,107.905,700.0
2018-01-11 15:12:00,107.89,107.9,107.85,107.85,1500.0
2018-01-11 15:13:00,107.85,107.88,107.85,107.88,1000.0
2018-01-11 15:14:00,107.89,107.89,107.89,107.89,800.0
2018-01-11 15:15:00,107.895,107.9,107.895,107.9,200.0
2018-01-11 15:16:00,107.88,107.905,107.85,107.895,3003.0
2018-01-11 15:17:00,107.85,107.88,107.85,107.85,2600.0
2018-01-11 15:18:00,107.87,107.87,107.83,107.86,1500.0
2018-01-11 15:19:00,107.875,107.88,107.84,107.87,4600.0
2018-01-11 15:20:00,107.88,107.88,107.87,107.87,1288.0
2018-01-11 15:21:00,107.86,107.88,107.83,107.88,2200.0
2018-01-11 15:23:00,107.86,107.86,107.84,107.84,829.0
2018-01-11 15:24:00,107.88,107.88,107.865,107.875,1500.0
2018-01-11 15:25:00,107.9,107.92,107.88,107.88,2684.0
2018-01-11 15:26:00,107.88,107.9,107.88,107.9,1911.0
2018-01-11 15:27:00,107.84,107.87,107.84,107.87,2505.0
2018-01-11 15:28:00,107.82,107.85,107.82,107.83,2259.0
2018-01-11 15:29:00,107.85,107.85,107.82,107.82,1873.0
2018-01-11 15:30:00,107.83,107.84,107.8243,107.84,951.0
2018-01-11 15:31:00,107.78,107.83,107.77,107.83,3754.0
2018-01-11 15:32:00,107.7899,107.7899,107.76,107.76,1574.0
2018-01-11 15:33:00,107.79,107.79,107.76,107.77,3885.0
2018-01-11 15:34:00,107.77,107.7899,107.76,107.78,8050.0
2018-01-11 15:35:00,107.81,107.81,107.76,107.76,2760.0
2018-01-11 15:36:00,107.8,107.815,107.79,107.81,2037.0
2018-01-11 15:37:00,107.83,107.83,107.8,107.81,3638.0
2018-01-11 15:38:00,107.81,107.83,107.81,107.83,2549.0
2018-01-11 15:39:00,107.78,107.82,107.78,107.81299999999999,4793.0
2018-01-11 15:40:00,107.78,107.79,107.78,107.78,2026.0
2018-01-11 15:41:00,107.75,107.8,107.75,107.79,2333.0
2018-01-11 15:42:00,107.74,107.75,107.74,107.75,1100.0
2018-01-11 15:43:00,107.72,107.77,107.71,107.75,7347.0
2018-01-11 15:44:00,107.7,107.73,107.7,107.715,3157.0
2018-01-11 15:45:00,107.71,107.74,107.68,107.7,7120.0
2018-01-11 15:46:00,107.7,107.72,107.69,107.7,3717.0
2018-01-11 15:47:00,107.64,107.71,107.64,107.71,9088.0
2018-01-11 15:48:00,107.65,107.65,107.62,107.62,5400.0
2018-01-11 15:49:00,107.65,107.67,107.64,107.64,4622.0
2018-01-11 15:50:00,107.66,107.66,107.64,107.66,3100.0
2018-01-11 15:51:00,107.67,107.69,107.65,107.66,9557.0
2018-01-11 15:52:00,107.66,107.675,107.65,107.67,3000.0
2018-01-11 15:53:00,107.65,107.69,107.62,107.67,11037.0
2018-01-11 15:54:00,107.6303,107.68,107.63,107.66,5803.0
2018-01-11 15:55:00,107.62,107.66,107.61,107.65,7618.0
2018-01-11 15:56:00,107.615,107.65,107.59,107.61,14328.0
2018-01-11 15:57:00,107.57,107.63,107.57,107.62,4986.0
2018-01-11 15:58:00,107.62,107.62,107.58,107.58,7521.0
2018-01-11 15:59:00,107.65,107.66,107.62,107.62,8274.0
2018-01-11 16:00:00,107.65,107.65,107.59,107.65,26942.0
2018-01-12 09:30:00,107.53,107.53,107.53,107.53,8396.0
2018-01-12 09:31:00,107.4,107.4,107.4,107.4,100.0
2018-01-12 09:32:00,107.7042,107.7042,107.7042,107.7042,220.0
2018-01-12 09:33:00,107.84,107.84,107.45,107.45,600.0
2018-01-12 09:34:00,108.12,108.12,107.545,107.545,2800.0
2018-01-12 09:35:00,108.55,108.55,108.0,108.11,3000.0
2018-01-12 09:36:00,108.46,108.6,108.25,108.52,2200.0
2018-01-12 09:37:00,107.985,108.47,107.85,108.47,5197.0
2018-01-12 09:38:00,107.98,107.98,107.98,107.98,100.0
2018-01-12 09:39:00,108.05,108.07,107.96,108.04,9600.0
2018-01-12 09:40:00,108.1,108.305,107.86,108.04,3456.0
2018-01-12 09:41:00,108.24,108.24,107.85,108.17,5293.0
2018-01-12 09:42:00,108.11,108.11,108.11,108.11,200.0
2018-01-12 09:43:00,108.07,108.2,108.07,108.18,2875.0
2018-01-12 09:45:00,108.05,108.16,107.99,108.0036,3290.0
2018-01-12 09:46:00,108.16,108.16,107.94,107.94,300.0
2018-01-12 09:47:00,107.98,108.2,107.98,108.2,300.0
2018-01-12 09:48:00,108.355,108.355,108.18,108.18,1600.0
2018-01-12 09:49:00,108.35,108.35,108.22,108.28,1900.0
2018-01-12 09:50:00,108.47,108.47,108.47,108.47,100.0
2018-01-12 09:51:00,108.69,108.69,108.49,108.49,2400.0
2018-01-12 09:52:00,108.5497,108.68,108.5,108.615,1800.0
2018-01-12 09:53:00,108.473,108.473,108.473,108.473,100.0
2018-01-12 09:54:00,108.41,108.41,108.41,108.41,200.0
2018-01-12 09:55:00,108.41,108.54,108.41,108.51,3250.0
2018-01-12 09:56:00,108.5,108.55,108.4,108.41,1520.0
2018-01-12 09:57:00,108.25,108.4499,108.16,108.4499,4509.0
2018-01-12 09:58:00,108.2471,108.2471,108.2471,108.2471,110.0
2018-01-12 09:59:00,108.265,108.28,108.21,108.28,400.0
2018-01-12 10:00:00,108.395,108.395,108.28,108.2999,752.0
2018-01-12 10:01:00,108.3,108.36,108.3,108.35,600.0
2018-01-12 10:02:00,108.4,108.4,108.33,108.35,2887.0
2018-01-12 10:03:00,108.34,108.4,108.32,108.385,1600.0
2018-01-12 10:04:00,108.35,108.43,108.3,108.345,3050.0
2018-01-12 10:05:00,108.24,108.315,108.24,108.29,1500.0
2018-01-12 10:06:00,108.28,108.29,108.25,108.25,500.0
2018-01-12 10:07:00,108.15,108.2029,108.09,108.2029,3862.0
2018-01-12 10:09:00,108.1,108.16,108.1,108.16,400.0
2018-01-12 10:10:00,108.05,108.16,108.05,108.11,4806.0
2018-01-12 10:11:00,107.84,108.05,107.84,108.05,3296.0
2018-01-12 10:12:00,107.94,107.94,107.87,107.89,1000.0
2018-01-12 10:13:00,107.965,108.07,107.91,107.98,3750.0
2018-01-12 10:14:00,107.92,107.9712,107.92,107.9712,581.0
2018-01-12 10:15:00,107.8,107.95,107.8,107.92,2742.0
2018-01-12 10:16:00,107.69,107.81,107.69,107.81,940.0
2018-01-12 10:17:00,107.71,107.7305,107.69,107.69,800.0
2018-01-12 10:18:00,107.72,107.73,107.67,107.67,500.0
2018-01-12 10:19:00,107.67,107.71,107.64,107.71,1950.0
2018-01-12 10:20:00,107.7726,107.7726,107.72,107.72,1114.0
2018-01-12 10:22:00,107.8,107.82,107.77,107.77,1300.0
2018-01-12 10:23:00,107.73,107.73,107.73,107.73,100.0
2018-01-12 10:24:00,107.78,107.81,107.72,107.77,2349.0
2018-01-12 10:25:00,107.76,107.81,107.76,107.76,400.0
2018-01-12 10:27:00,107.8,107.86,107.76,107.76,700.0
2018-01-12 10:28:00,107.76,107.865,107.76,107.81,2299.0
2018-01-12 10:29:00,107.76,107.765,107.74,107.765,300.0
2018-01-12 10:30:00,107.765,107.79,107.765,107.79,300.0
2018-01-12 10:31:00,107.765,107.7675,107.765,107.7675,200.0
2018-01-12 10:32:00,107.765,107.79,107.76,107.79,1400.0
2018-01-12 10:33:00,107.79,107.79,107.73,107.73,1000.0
2018-01-12 10:34:00,107.82,107.82,107.8,107.8,500.0
2018-01-12 10:35:00,107.915,107.915,107.85,107.85,200.0
2018-01-12 10:36:00,107.84,107.98,107.84,107.94,5400.0
2018-01-12 10:37:00,107.87,107.88,107.83,107.88,1500.0
2018-01-12 10:39:00,107.915,107.93,107.88,107.88,700.0
2018-01-12 10:40:00,108.0,108.0515,107.94,107.94,3299.0
2018-01-12 10:41:00,108.0525,108.07,108.0,108.03,1100.0
2018-01-12 10:42:00,107.92,108.0595,107.92,108.02,12460.0
2018-01-12 10:43:00,107.94,107.9416,107.89,107.92,2600.0
2018-01-12 10:44:00,108.0,108.0,107.91,107.91,1300.0
2018-01-12 10:45:00,107.94,107.96,107.94,107.96,200.0
2018-01-12 10:46:00,107.995,108.05,107.97,107.99,4200.0
2018-01-12 10:47:00,107.98,107.98,107.98,107.98,200.0
2018-01-12 10:48:00,108.06,108.06,107.98,107.98,500.0
2018-01-12 10:49:00,108.05,108.06,107.95,108.0,3505.0
2018-01-12 10:50:00,107.98,107.98,107.98,107.98,137.0
2018-01-12 10:51:00,108.04,108.07,107.98,108.04,1281.0
2018-01-12 10:52:00,108.1,108.1,108.07,108.07,1300.0
2018-01-12 10:53:00,108.22,108.22,108.11,108.13,4562.0
2018-01-12 10:54:00,108.3,108.3,108.215,108.22,2200.0
2018-01-12 10:55:00,108.3515,108.42,108.33,108.33,1657.0
2018-01-12 10:56:00,108.41,108.45,108.36,108.41,5843.0
2018-01-12 10:57:00,108.3,108.37,108.3,108.37,600.0
2018-01-12 10:58:00,108.29,108.29,108.25,108.26,5700.0
2018-01-12 10:59:00,108.39,108.39,108.31,108.32,2220.0
2018-01-12 11:00:00,108.39,108.41,108.33,108.37,6260.0
2018-01-12 11:01:00,108.39,108.41,108.38,108.4,4703.0
2018-01-12 11:02:00,108.35,108.39,108.31,108.39,2900.0
2018-01-12 11:03:00,108.35,108.38,108.32,108.36,3500.0
2018-01-12 11:04:00,108.2601,108.39,108.24,108.37,4812.0
2018-01-12 11:05:00,108.27,108.3,108.26,108.3,5000.0
2018-01-12 11:06:00,108.29,108.3,108.28,108.28,1850.0
2018-01-12 11:07:00,108.19,108.29,108.18,108.29,2500.0
2018-01-12 11:08:00,108.19,108.22,108.19,108.195,1400.0
2018-01-12 11:09:00,108.3,108.3,108.23,108.23,4029.0
2018-01-12 11:10:00,108.29,108.31,108.24,108.3,1925.0
2018-01-12 11:11:00,108.31,108.35,108.3,108.3,1412.0
2018-01-12 11:12:00,108.39,108.39,108.39,108.39,100.0
2018-01-12 11:13:00,108.23,108.34,108.23,108.34,3113.0
2018-01-12 11:14:00,108.23,108.28,108.23,108.25,2000.0
2018-01-12 11:15:00,108.15,108.2,108.15,108.2,900.0
2018-01-12 11:16:00,108.16,108.16,108.15,108.15,800.0
2018-01-12 11:17:00,108.1895,108.1895,108.16,108.17,650.0
2018-01-12 11:18:00,108.19,108.19,108.14,108.14,400.0
2018-01-12 11:19:00,108.14,108.18,108.14,108.18,1400.0
2018-01-12 11:20:00,108.17,108.18,108.16,108.16,500.0
2018-01-12 11:21:00,108.255,108.255,108.19,108.19,1100.0
2018-01-12 11:23:00,108.26,108.26,108.26,108.26,100.0
2018-01-12 11:24:00,108.27,108.28,108.25,108.26,3580.0
2018-01-12 11:25:00,108.33,108.33,108.29,108.29,400.0
2018-01-12 11:26:00,108.35,108.39,108.3395,108.3395,1700.0
2018-01-12 11:27:00,108.413,108.413,108.35,108.35,750.0
2018-01-12 11:28:00,108.47,108.47,108.42,108.42,1200.0
2018-01-12 11:29:00,108.4,108.46,108.39,108.46,1700.0
2018-01-12 11:30:00,108.44,108.44,108.41,108.41,500.0
2018-01-12 11:31:00,108.4497,108.4497,108.41,108.42,2463.0
2018-01-12 11:32:00,108.47,108.47,108.4458,108.4458,1193.0
2018-01-12 11:33:00,108.49,108.52,108.46,108.46,2499.0
2018-01-12 11:34:00,108.48,108.49,108.48,108.49,500.0
2018-01-12 11:35:00,108.49,108.5,108.46,108.49,1678.0
2018-01-12 11:36:00,108.46,108.49,108.45,108.46,3985.0
2018-01-12 11:37:00,108.42200000000001,108.42200000000001,108.42200000000001,108.42200000000001,100.0
2018-01-12 11:38:00,108.4,108.4594,108.4,108.4594,450.0
2018-01-12 11:39:00,108.47,108.47,108.4292,108.4292,1671.0
2018-01-12 11:40:00,108.505,108.51,108.47,108.475,1680.0
2018-01-12 11:41:00,108.545,108.545,108.52,108.52,957.0
2018-01-12 11:42:00,108.57,108.57,108.57,108.57,100.0
2018-01-12 11:43:00,108.54,108.56,108.52,108.52,1500.0
2018-01-12 11:44:00,108.56,108.56,108.53,108.54,3537.0
2018-01-12 11:45:00,108.57,108.57,108.555,108.555,550.0
2018-01-12 11:46:00,108.53,108.54,108.51,108.53,4005.0
2018-01-12 11:47:00,108.54,108.54,108.49,108.51,1500.0
2018-01-12 11:49:00,108.63,108.63,108.54,108.54,4772.0
2018-01-12 11:50:00,108.67,108.671,108.62,108.65,1336.0
2018-01-12 11:51:00,108.7,108.72,108.69,108.712,700.0
2018-01-12 11:52:00,108.72,108.72,108.64,108.66,4803.0
2018-01-12 11:53:00,108.75,108.75,108.67,108.67,600.0
2018-01-12 11:54:00,108.77,108.8,108.75,108.76,900.0
2018-01-12 11:55:00,108.7875,108.79,108.78,108.78,799.0
2018-01-12 11:56:00,108.81,108.81,108.795,108.795,500.0
2018-01-12 11:57:00,108.82,108.86,108.82,108.82,1579.0
2018-01-12 11:58:00,108.86,108.86,108.835,108.835,200.0
2018-01-12 11:59:00,108.86,108.86,108.86,108.86,100.0
2018-01-12 12:00:00,108.91,108.91,108.83,108.83,1285.0
2018-01-12 12:01:00,108.89,108.9355,108.88,108.88,2490.0
2018-01-12 12:02:00,108.89,108.905,108.88,108.89,2050.0
2018-01-12 12:03:00,108.83,108.9,108.83,108.9,3599.0
2018-01-12 12:04:00,108.74,108.81,108.74,108.81,1100.0
2018-01-12 12:05:00,108.755,108.77,108.75,108.7597,8400.0
2018-01-12 12:06:00,108.69,108.77,108.69,108.77,1800.0
2018-01-12 12:07:00,108.63,108.63,108.63,108.63,300.0
2018-01-12 12:08:00,108.65,108.65,108.645,108.645,500.0
2018-01-12 12:09:00,108.67,108.67,108.65,108.65,2135.0
2018-01-12 12:10:00,108.67,108.67,108.66,108.66,500.0
2018-01-12 12:11:00,108.76,108.77,108.66,108.66,3750.0
2018-01-12 12:12:00,108.78,108.78,108.76,108.76,1200.0
2018-01-12 12:13:00,108.72,108.75,108.72,108.75,2271.0
2018-01-12 12:14:00,108.64,108.76,108.64,108.75,3308.0
2018-01-12 12:15:00,108.645,108.65,108.61,108.61,3200.0
2018-01-12 12:16:00,108.67,108.68,108.61,108.66,37381.0
2018-01-12 12:17:00,108.73,108.77,108.67,108.67,2200.0
2018-01-12 12:19:00,108.7,108.73,108.7,108.725,400.0
2018-01-12 12:20:00,108.78,108.78,108.73,108.73,2500.0
2018-01-12 12:21:00,108.77,108.82,108.75,108.78,1821.0
2018-01-12 12:22:00,108.75,108.8,108.75,108.75,513.0
2018-01-12 12:23:00,108.75,108.8,108.75,108.8,400.0
2018-01-12 12:24:00,108.81,108.81,108.75,108.8,1600.0
2018-01-12 12:25:00,108.775,108.8,108.76,108.8,2100.0
2018-01-12 12:26:00,108.72,108.75,108.72,108.75,1650.0
2018-01-12 12:27:00,108.71,108.71,108.71,108.71,300.0
2018-01-12 12:28:00,108.63,108.75,108.62,108.7474,9359.0
2018-01-12 12:29:00,108.71,108.71,108.63,108.63,600.0
2018-01-12 12:30:00,108.65,108.66,108.65,108.66,460.0
2018-01-12 12:31:00,108.62,108.6338,108.61,108.62,1400.0
2018-01-12 12:32:00,108.66,108.66,108.64,108.64,1100.0
2018-01-12 12:33:00,108.63,108.65,108.6022,108.63,3880.0
2018-01-12 12:34:00,108.59,108.62,108.59,108.6,850.0
2018-01-12 12:35:00,108.64,108.64,108.555,108.59,3848.0
2018-01-12 12:36:00,108.63,108.635,108.61,108.62,815.0
2018-01-12 12:37:00,108.64,108.65,108.61,108.61,400.0
2018-01-12 12:38:00,108.63,108.66,108.63,108.66,500.0
2018-01-12 12:39:00,108.64,108.67,108.64,108.66,1305.0
2018-01-12 12:40:00,108.64,108.64,108.64,108.64,100.0
2018-01-12 12:41:00,108.65799999999999,108.65799999999999,108.65799999999999,108.65799999999999,270.0
2018-01-12 12:42:00,108.665,108.67,108.65,108.67,1460.0
2018-01-12 12:43:00,108.68,108.68,108.66,108.66,919.0
2018-01-12 12:44:00,108.69,108.7,108.66,108.6839,1020.0
2018-01-12 12:45:00,108.68,108.71,108.68,108.69,4183.0
2018-01-12 12:47:00,108.6855,108.695,108.66,108.68,2282.0
2018-01-12 12:48:00,108.675,108.69,108.675,108.69,400.0
2018-01-12 12:49:00,108.865,108.927,108.69,108.69,5338.0
2018-01-12 12:50:00,108.77,108.855,108.76,108.855,1200.0
2018-01-12 12:51:00,108.7844,108.7844,108.77,108.77,250.0
2018-01-12 12:52:00,108.83,108.83,108.77,108.77,1564.0
2018-01-12 12:53:00,108.8,108.8,108.8,108.8,500.0
2018-01-12 12:56:00,108.81,108.81,108.81,108.81,200.0
2018-01-12 12:57:00,108.89,108.89,108.82,108.82,2258.0
2018-01-12 12:58:00,108.96,108.96,108.93,108.93,200.0
2018-01-12 12:59:00,108.95,108.95,108.95,108.95,100.0
2018-01-12 13:00:00,109.03,109.03,108.97,108.97,1229.0
2018-01-12 13:01:00,109.05,109.05,109.02,109.03,1300.0
2018-01-12 13:02:00,109.13,109.13,109.04,109.04,2773.0
2018-01-12 13:03:00,109.1,109.12,109.085,109.12,2521.0
2018-01-12 13:04:00,109.13,109.17,109.11,109.11,2035.0
2018-01-12 13:05:00,109.14,109.15,109.12,109.14,1765.0
2018-01-12 13:06:00,109.13,109.14,109.12,109.13,2403.0
2018-01-12 13:07:00,109.1,109.13,109.1,109.13,4756.0
2018-01-12 13:08:00,109.085,109.1095,109.085,109.1095,1650.0
2018-01-12 13:10:00,109.13,109.13,109.1,109.1,2000.0
2018-01-12 13:11:00,109.12,109.17,109.12,109.1228,3154.0
2018-01-12 13:12:00,109.18,109.18,109.12,109.12,1483.0
2018-01-12 13:13:00,109.17,109.17,109.14,109.16,915.0
2018-01-12 13:14:00,109.195,109.21,109.18,109.18,1615.0
2018-01-12 13:15:00,109.17,109.19,109.17,109.19,946.0
2018-01-12 13:16:00,109.25,109.28,109.17,109.17,3900.0
2018-01-12 13:17:00,109.135,109.26,109.135,109.25,5084.0
2018-01-12 13:18:00,109.155,109.17,109.12,109.17,4216.0
2018-01-12 13:19:00,109.24,109.3,109.145,109.145,21772.0
2018-01-12 13:20:00,109.205,109.21,109.2,109.21,800.0
2018-01-12 13:21:00,109.23,109.23,109.23,109.23,800.0
2018-01-12 13:22:00,109.21,109.2594,109.21,109.2594,300.0
2018-01-12 13:23:00,109.26,109.26,109.26,109.26,100.0
2018-01-12 13:24:00,109.28,109.28,109.24,109.24,1115.0
2018-01-12 13:26:00,109.2994,109.2994,109.2994,109.2994,150.0
2018-01-12 13:27:00,109.33,109.33,109.29,109.3,3835.0
2018-01-12 13:28:00,109.32,109.32,109.3,109.31,700.0
2018-01-12 13:29:00,109.41,109.41,109.33,109.34,4512.0
2018-01-12 13:30:00,109.39,109.43,109.39,109.43,1420.0
2018-01-12 13:31:00,109.3765,109.39,109.3765,109.38,787.0
2018-01-12 13:32:00,109.38,109.4,109.38,109.4,200.0
2018-01-12 13:33:00,109.43,109.43,109.39,109.39,2250.0
2018-01-12 13:34:00,109.42,109.43,109.41,109.41,2265.0
2018-01-12 13:35:00,109.43,109.44,109.405,109.43,2093.0
2018-01-12 13:36:00,109.47,109.47,109.42,109.4394,37226.0
2018-01-12 13:37:00,109.44,109.48,109.44,109.48,8721.0
2018-01-12 13:38:00,109.52,109.52,109.45,109.45,5074.0
2018-01-12 13:39:00,109.51,109.54,109.51,109.54,1808.0
2018-01-12 13:40:00,109.48,109.51,109.48,109.51,1720.0
2018-01-12 13:41:00,109.45,109.48,109.43,109.47,3376.0
2018-01-12 13:42:00,109.43,109.43,109.43,109.43,954.0
2018-01-12 13:43:00,109.37,109.4,109.36,109.4,1553.0
2018-01-12 13:44:00,109.33,109.35,109.33,109.35,1300.0
2018-01-12 13:45:00,109.4,109.42,109.3,109.32,6300.0
2018-01-12 13:46:00,109.34,109.42,109.34,109.41,1857.0
2018-01-12 13:47:00,109.35,109.35,109.35,109.35,500.0
2018-01-12 13:48:00,109.33,109.3696,109.33,109.3696,2185.0
2018-01-12 13:49:00,109.39,109.39,109.33,109.3312,5981.0
2018-01-12 13:50:00,109.42,109.44,109.39,109.39,1170.0
2018-01-12 13:51:00,109.49,109.49,109.4123,109.4123,1217.0
2018-01-12 13:52:00,109.49,109.5,109.46,109.5,2527.0
2018-01-12 13:53:00,109.525,109.55,109.47,109.47,3700.0
2018-01-12 13:54:00,109.54,109.56,109.51,109.51,2685.0
2018-01-12 13:55:00,109.53,109.56,109.51,109.55,700.0
2018-01-12 13:56:00,109.54,109.54,109.53,109.53,1688.0
2018-01-12 13:57:00,109.54,109.55,109.52,109.52,400.0
2018-01-12 13:58:00,109.54,109.56,109.535,109.535,300.0
2018-01-12 13:59:00,109.55,109.55,109.5497,109.5497,425.0
2018-01-12 14:00:00,109.6,109.6,109.52,109.55,3564.0
2018-01-12 14:01:00,109.5605,109.6,109.56,109.6,3050.0
2018-01-12 14:02:00,109.56,109.565,109.54,109.54,1321.0
2018-01-12 14:03:00,109.6,109.6,109.55,109.5601,5532.0
2018-01-12 14:04:00,109.59,109.6,109.57,109.59,9319.0
2018-01-12 14:05:00,109.63,109.645,109.58,109.585,6477.0
2018-01-12 14:06:00,109.6188,109.62,109.59,109.62,6077.0
2018-01-12 14:07:00,109.645,109.66,109.62,109.62,2521.0
2018-01-12 14:08:00,109.57,109.64,109.57,109.63,6792.0
2018-01-12 14:09:00,109.5495,109.59,109.54,109.59,2142.0
2018-01-12 14:10:00,109.62,109.62,109.54,109.55,8828.0
2018-01-12 14:11:00,109.64,109.66,109.63,109.63,2442.0
2018-01-12 14:12:00,109.68,109.69,109.635,109.635,3030.0
2018-01-12 14:13:00,109.66,109.67,109.65,109.67,1094.0
2018-01-12 14:14:00,109.7,109.712,109.655,109.66,7043.0
2018-01-12 14:15:00,109.6,109.715,109.59,109.715,6312.0
2018-01-12 14:16:00,109.575,109.62,109.57,109.595,3107.0
2018-01-12 14:17:00,109.62,109.62,109.59,109.59,640.0
2018-01-12 14:18:00,109.66,109.66,109.66,109.66,100.0
2018-01-12 14:19:00,109.77,109.77,109.64,109.64,13325.0
2018-01-12 14:20:00,109.78,109.78,109.77,109.77,270.0
2018-01-12 14:21:00,109.81,109.84,109.75,109.75,5162.0
2018-01-12 14:22:00,109.88,109.88,109.83,109.83,1100.0
2018-01-12 14:23:00,109.93,109.93,109.8,109.86,68078.0
2018-01-12 14:24:00,109.96,109.97,109.9493,109.97,1185.0
2018-01-12 14:25:00,110.05,110.07,109.945,109.945,2295.0
2018-01-12 14:26:00,110.08,110.1,110.07,110.0996,1000.0
2018-01-12 14:27:00,110.09,110.09,110.06,110.06,1204.0
2018-01-12 14:28:00,110.0,110.085,109.99,110.085,12471.0
2018-01-12 14:29:00,110.01,110.05,109.99,109.99,16674.0
2018-01-12 14:30:00,109.99,110.04,109.99,110.01,7270.0
2018-01-12 14:31:00,109.98,109.98,109.93,109.98,2592.0
2018-01-12 14:32:00,110.0,110.0237,109.9502,109.955,9046.0
2018-01-12 14:33:00,110.06,110.06,109.99,109.99,4874.0
2018-01-12 14:34:00,110.0176,110.05,110.01,110.03,3538.0
2018-01-12 14:35:00,110.2,110.22,110.03,110.04,11622.0
2018-01-12 14:36:00,110.22,110.22,110.16,110.2,4974.0
2018-01-12 14:37:00,110.17,110.2,110.16,110.2,5793.0
2018-01-12 14:38:00,110.18,110.22,110.17,110.18,5848.0
2018-01-12 14:39:00,110.16,110.2,110.15,110.17,3866.0
2018-01-12 14:40:00,110.2,110.22,110.16,110.21,2100.0
2018-01-12 14:41:00,110.07,110.22,110.07,110.21,6170.0
2018-01-12 14:42:00,110.061,110.12,110.0,110.075,2602.0
2018-01-12 14:43:00,110.13,110.13,110.0601,110.0601,2009.0
2018-01-12 14:44:00,110.2,110.2,110.1,110.1,1382.0
2018-01-12 14:45:00,110.21,110.21,110.15,110.15,1100.0
2018-01-12 14:46:00,110.18,110.205,110.18,110.2,2101.0
2018-01-12 14:47:00,110.18,110.19,110.17,110.18,3296.0
2018-01-12 14:48:00,110.09,110.17,110.09,110.16,1900.0
2018-01-12 14:49:00,110.06,110.085,110.06,110.07,816.0
2018-01-12 14:50:00,110.11,110.14,110.07,110.07,2600.0
2018-01-12 14:51:00,110.05,110.15,110.05,110.15,2922.0
2018-01-12 14:52:00,110.08,110.1,110.03,110.03,3700.0
2018-01-12 14:53:00,110.08,110.105,110.08,110.08,952.0
2018-01-12 14:54:00,110.14,110.17,110.08,110.08,4317.0
2018-01-12 14:55:00,110.165,110.165,110.14,110.165,716.0
2018-01-12 14:56:00,110.1,110.165,110.1,110.165,9414.0
2018-01-12 14:57:00,110.14,110.17,110.11,110.11,7813.0
2018-01-12 14:58:00,110.15,110.18,110.14,110.16,2575.0
2018-01-12 14:59:00,110.13,110.17,110.13,110.16,6394.0
2018-01-12 15:00:00,110.16,110.18,110.12,110.14,5001.0
2018-01-12 15:01:00,110.13,110.16,110.1,110.16,4532.0
2018-01-12 15:02:00,110.1255,110.13,110.1255,110.13,400.0
2018-01-12 15:03:00,110.1,110.15,110.1,110.1001,8426.0
2018-01-12 15:04:00,110.01,110.1,109.99,110.1,5660.0
2018-01-12 15:05:00,109.9725,109.99,109.97,109.97,2691.0
2018-01-12 15:06:00,110.08,110.095,109.96,109.97,7774.0
2018-01-12 15:07:00,110.12,110.16,110.1,110.11,5932.0
2018-01-12 15:08:00,110.125,110.14,110.1,110.13,3843.0
2018-01-12 15:09:00,110.06,110.12,110.06,110.11,6021.0
2018-01-12 15:10:00,110.06,110.1,110.06,110.0797,5432.0
2018-01-12 15:11:00,110.05,110.07,110.05,110.06,3388.0
2018-01-12 15:12:00,109.985,110.05,109.97,110.05,2900.0
2018-01-12 15:13:00,109.985,109.985,109.96,109.985,1100.0
2018-01-12 15:14:00,109.93,110.01,109.93,109.99,5101.0
2018-01-12 15:15:00,109.95,109.95,109.93,109.93,500.0
2018-01-12 15:16:00,109.95,109.95,109.93,109.93,1100.0
2018-01-12 15:17:00,109.98,110.01,109.93,109.95,8167.0
2018-01-12 15:18:00,110.0,110.0,109.95,109.95,2259.0
2018-01-12 15:19:00,110.01,110.01,109.99,110.01,1520.0
2018-01-12 15:20:00,110.03,110.05,109.9901,110.0,38965.0
2018-01-12 15:21:00,109.98,110.0205,109.97,110.0205,5675.0
2018-01-12 15:22:00,110.08,110.08,109.96,109.98,5385.0
2018-01-12 15:23:00,110.11,110.14,110.08,110.09,2400.0
2018-01-12 15:24:00,110.06,110.17,110.06,110.15,11470.0
2018-01-12 15:25:00,110.09,110.09,110.03,110.08,2200.0
2018-01-12 15:26:00,110.11,110.12,110.06,110.1,4052.0
2018-01-12 15:27:00,110.08,110.11,110.06,110.09,5119.0
2018-01-12 15:28:00,110.08,110.09,110.06,110.08,1400.0
2018-01-12 15:29:00,110.03,110.1,110.03,110.09,5591.0
2018-01-12 15:30:00,110.01,110.04,110.0,110.02,5350.0
2018-01-12 15:31:00,110.05,110.07,110.02,110.02,4595.0
2018-01-12 15:32:00,110.15,110.18,110.05,110.08,5057.0
2018-01-12 15:33:00,110.19,110.2,110.14,110.16,2300.0
2018-01-12 15:34:00,110.2,110.27,110.19,110.205,8850.0
2018-01-12 15:35:00,110.26,110.28,110.22,110.22,9489.0
2018-01-12 15:36:00,110.35,110.36,110.24,110.255,15532.0
2018-01-12 15:37:00,110.4,110.4,110.35,110.35,5545.0
2018-01-12 15:38:00,110.36,110.385,110.32,110.38,8663.0
2018-01-12 15:39:00,110.39,110.39,110.34,110.37,3282.0
2018-01-12 15:40:00,110.42,110.42,110.37,110.39,2700.0
2018-01-12 15:41:00,110.38,110.49,110.38,110.42,13716.0
2018-01-12 15:42:00,110.36,110.38,110.33,110.38,4692.0
2018-01-12 15:43:00,110.3725,110.39,110.34,110.36,9461.0
2018-01-12 15:44:00,110.4,110.42,110.37,110.38,7506.0
2018-01-12 15:45:00,110.44,110.44,110.39,110.42,9537.0
2018-01-12 15:46:00,110.56,110.56,110.45,110.45,6756.0
2018-01-12 15:47:00,110.55,110.58,110.54,110.5699,18563.0
2018-01-12 15:48:00,110.58,110.58,110.53,110.55,12169.0
2018-01-12 15:49:00,110.61,110.62,110.55,110.57,13371.0
2018-01-12 15:50:00,110.64,110.67,110.6,110.61,14167.0
2018-01-12 15:51:00,110.5,110.64,110.47,110.62,19611.0
2018-01-12 15:52:00,110.44,110.53,110.4301,110.51,9623.0
2018-01-12 15:53:00,110.37,110.45,110.32,110.44,12240.0
2018-01-12 15:54:00,110.3,110.38,110.27,110.37,12207.0
2018-01-12 15:55:00,110.35,110.37,110.27,110.3,17066.0
2018-01-12 15:56:00,110.4,110.41,110.36,110.36,24199.0
2018-01-12 15:57:00,110.4,110.43,110.39,110.41,15860.0
2018-01-12 15:58:00,110.4,110.42,110.39,110.41,14342.0
2018-01-12 15:59:00,110.425,110.43,110.37,110.39,30026.0
2018-01-12 16:00:00,110.4,110.48,110.32,110.425,49272.0
2018-01-16 09:30:00,110.64,111.32,110.64,111.02,10024.0
2018-01-16 09:31:00,112.0,112.5,110.78,111.01,23966.0
2018-01-16 09:32:00,112.72,112.72,112.28,112.47,4377.0
2018-01-16 09:33:00,112.67,112.8,112.4275,112.75,2700.0
2018-01-16 09:34:00,112.38,112.67,112.2347,112.67,4780.0
2018-01-16 09:35:00,112.2857,112.36,112.2,112.315,2176.0
2018-01-16 09:36:00,112.195,112.23,112.195,112.23,1620.0
2018-01-16 09:37:00,111.735,112.19,111.735,112.19,4600.0
2018-01-16 09:38:00,111.66,111.805,111.6257,111.6971,2342.0
2018-01-16 09:39:00,111.432,111.705,111.395,111.705,2552.0
2018-01-16 09:40:00,111.35,111.35,111.28,111.28,600.0
2018-01-16 09:41:00,111.34,111.345,111.34,111.345,300.0
2018-01-16 09:42:00,111.215,111.35,111.21,111.31,2500.0
2018-01-16 09:43:00,111.17,111.23,111.13,111.16,3100.0
2018-01-16 09:44:00,111.16,111.18,111.1525,111.16,1104.0
2018-01-16 09:46:00,110.715,111.105,110.58,111.05,9163.0
2018-01-16 09:47:00,110.67,110.8202,110.67,110.8202,1018.0
2018-01-16 09:48:00,110.94,110.94,110.7,110.7,2400.0
2018-01-16 09:49:00,110.94,110.94,110.91,110.91,600.0
2018-01-16 09:51:00,111.14,111.14,110.93,110.98,3260.0
2018-01-16 09:52:00,111.33,111.33,111.21,111.21,4079.0
2018-01-16 09:53:00,111.49,111.49,111.31,111.31,1646.0
2018-01-16 09:54:00,111.55,111.71,111.435,111.49,4614.0
2018-01-16 09:55:00,111.58,111.61,111.5601,111.5652,2160.0
2018-01-16 09:56:00,111.565,111.62,111.48,111.6,5713.0
2018-01-16 09:57:00,111.51,111.53,111.48,111.53,1511.0
2018-01-16 09:58:00,111.485,111.57,111.42,111.49,6318.0
2018-01-16 09:59:00,111.385,111.5095,111.35,111.5095,7786.0
2018-01-16 10:00:00,111.54,111.56,111.43,111.43,2299.0
2018-01-16 10:01:00,111.49,111.54,111.44,111.54,2482.0
2018-01-16 10:02:00,111.49,111.49,111.455,111.47,1606.0
2018-01-16 10:03:00,111.49,111.49,111.48,111.485,700.0
2018-01-16 10:04:00,111.53,111.53,111.45,111.49,5971.0
2018-01-16 10:05:00,111.56,111.56,111.525,111.53,1572.0
2018-01-16 10:06:00,111.58,111.6,111.57,111.58,1000.0
2018-01-16 10:07:00,111.5895,111.62,111.58,111.58,3780.0
2018-01-16 10:08:00,111.71,111.72,111.61,111.61,2859.0
2018-01-16 10:09:00,111.97,111.97,111.74,111.74,4900.0
2018-01-16 10:10:00,111.93,111.98,111.89,111.98,3000.0
2018-01-16 10:11:00,111.96,111.96,111.87,111.94,6010.0
2018-01-16 10:12:00,112.0,112.0,111.92,111.96,10514.0
2018-01-16 10:13:00,112.0,112.01,111.98,112.0,13200.0
2018-01-16 10:14:00,112.44,112.45,111.97,112.0,17918.0
2018-01-16 10:15:00,112.6,112.6,112.28,112.43,13235.0
2018-01-16 10:16:00,112.5175,112.6,112.41,112.6,13350.0
2018-01-16 10:17:00,112.49,112.56,112.41,112.55,5168.0
2018-01-16 10:18:00,112.58,112.58,112.51,112.51,1100.0
2018-01-16 10:19:00,112.42,112.55,112.36,112.55,4600.0
2018-01-16 10:20:00,112.52,112.52,112.3875,112.45,2764.0
2018-01-16 10:21:00,112.45,112.485,112.41,112.45,3000.0
2018-01-16 10:22:00,112.52,112.52,112.39,112.42,3750.0
2018-01-16 10:23:00,112.45,112.46,112.45,112.46,1000.0
2018-01-16 10:24:00,112.4,112.435,112.34,112.4,2500.0
2018-01-16 10:25:00,112.275,112.39,112.26,112.38,10500.0
2018-01-16 10:26:00,111.96,112.24,111.96,112.24,3426.0
2018-01-16 10:27:00,112.0,112.0,112.0,112.0,205.0
2018-01-16 10:28:00,112.05,112.05,111.94,111.94,3900.0
2018-01-16 10:29:00,111.91,112.04,111.91,112.04,4000.0
2018-01-16 10:30:00,111.7,111.91,111.7,111.91,2529.0
2018-01-16 10:31:00,111.69,111.69,111.69,111.69,100.0
2018-01-16 10:32:00,111.66,111.66,111.66,111.66,100.0
2018-01-16 10:33:00,111.595,111.66,111.59,111.66,975.0
2018-01-16 10:34:00,111.54,111.595,111.54,111.595,200.0
2018-01-16 10:35:00,111.44,111.5931,111.44,111.5931,3294.0
2018-01-16 10:36:00,111.35,111.39,111.32,111.37,900.0
2018-01-16 10:37:00,111.32,111.34,111.285,111.285,1000.0
2018-01-16 10:38:00,111.15,111.27,111.13,111.26,4000.0
2018-01-16 10:39:00,111.33,111.33,111.14,111.15,6275.0
2018-01-16 10:40:00,111.56,111.56,111.3845,111.4,2600.0
2018-01-16 10:41:00,111.47,111.51,111.445,111.51,1500.0
2018-01-16 10:42:00,111.49,111.52,111.48,111.48,1004.0
2018-01-16 10:43:00,111.3425,111.42,111.33,111.42,3768.0
2018-01-16 10:44:00,111.225,111.295,111.19,111.26,1318.0
2018-01-16 10:45:00,111.3019,111.3019,111.26,111.26,737.0
2018-01-16 10:46:00,111.3,111.3,111.27,111.27,200.0
2018-01-16 10:47:00,111.425,111.43,111.26,111.31,6583.0
2018-01-16 10:48:00,111.49,111.51,111.35,111.4,9872.0
2018-01-16 10:49:00,111.5,111.6,111.5,111.51,4700.0
2018-01-16 10:50:00,111.46,111.46,111.37,111.45,6350.0
2018-01-16 10:51:00,111.48,111.53,111.47,111.47,1700.0
2018-01-16 10:52:00,111.39,111.47,111.36,111.47,5051.0
2018-01-16 10:53:00,111.44,111.44,111.31,111.4,4218.0
2018-01-16 10:54:00,111.38,111.45,111.38,111.425,7850.0
2018-01-16 10:55:00,111.35,111.37,111.28,111.37,2925.0
2018-01-16 10:56:00,111.335,111.335,111.29,111.29,200.0
2018-01-16 10:57:00,111.25,111.39,111.25,111.31,2929.0
2018-01-16 10:58:00,111.19,111.285,111.19,111.285,2605.0
2018-01-16 10:59:00,111.2,111.2,111.13,111.145,2378.0
2018-01-16 11:00:00,111.21,111.21,111.21,111.21,500.0
2018-01-16 11:01:00,111.11,111.21,111.11,111.21,2300.0
2018-01-16 11:02:00,111.1,111.11,111.07,111.07,2125.0
2018-01-16 11:03:00,111.04,111.17,111.03,111.14,3158.0
2018-01-16 11:04:00,110.98,111.07,110.98,111.03,2102.0
2018-01-16 11:05:00,110.93,110.94,110.92,110.94,600.0
2018-01-16 11:06:00,110.87,110.9,110.87,110.9,200.0
2018-01-16 11:07:00,111.0,111.02,110.86,110.87,8302.0
2018-01-16 11:08:00,111.09,111.09,111.0046,111.04,1184.0
2018-01-16 11:09:00,111.0413,111.08,111.01,111.05,1500.0
2018-01-16 11:10:00,111.09,111.13,111.04,111.04,2754.0
2018-01-16 11:11:00,111.1,111.1,111.065,111.065,559.0
2018-01-16 11:13:00,111.0999,111.1,111.07,111.07,700.0
2018-01-16 11:14:00,111.1,111.1,111.07,111.07,600.0
2018-01-16 11:15:00,111.1,111.1,111.02,111.04,5451.0
2018-01-16 11:16:00,111.36,111.41,111.06,111.06,7073.0
2018-01-16 11:17:00,111.47,111.47,111.29,111.359,5562.0
2018-01-16 11:18:00,111.35,111.41,111.35,111.4,900.0
2018-01-16 11:19:00,111.47,111.47,111.38,111.38,1781.0
2018-01-16 11:20:00,111.48,111.48,111.45,111.45,1300.0
2018-01-16 11:21:00,111.425,111.49,111.29,111.4452,2407.0
2018-01-16 11:22:00,111.45,111.45,111.36,111.39,2500.0
2018-01-16 11:23:00,111.46,111.46,111.46,111.46,200.0
2018-01-16 11:24:00,111.47,111.49,111.39,111.47,2680.0
2018-01-16 11:25:00,111.46,111.46,111.45,111.45,500.0
2018-01-16 11:26:00,111.5,111.5,111.47,111.47,200.0
2018-01-16 11:27:00,111.444,111.48,111.444,111.47,700.0
2018-01-16 11:28:00,111.51,111.53,111.42,111.42,4537.0
2018-01-16 11:30:00,111.58,111.66,111.47,111.52,8086.0
2018-01-16 11:31:00,111.48,111.49,111.47,111.49,700.0
2018-01-16 11:32:00,111.56,111.56,111.45,111.48,2750.0
2018-01-16 11:33:00,111.58,111.58,111.55,111.55,600.0
2018-01-16 11:34:00,111.57,111.57,111.51,111.55,3526.0
2018-01-16 11:35:00,111.63,111.63,111.58,111.58,1500.0
2018-01-16 11:36:00,111.62,111.625,111.62,111.625,200.0
2018-01-16 11:37:00,111.58,111.6211,111.58,111.6211,1775.0
2018-01-16 11:38:00,111.6,111.6,111.53,111.57,4891.0
2018-01-16 11:39:00,111.65,111.65,111.6,111.6,3650.0
2018-01-16 11:40:00,111.75,111.75,111.65,111.65,700.0
2018-01-16 11:41:00,111.68,111.715,111.65,111.69,2195.0
2018-01-16 11:42:00,111.61,111.66,111.61,111.66,1415.0
2018-01-16 11:43:00,111.535,111.58,111.53,111.58,300.0
2018-01-16 11:44:00,111.4811,111.53,111.47,111.53,1975.0
2018-01-16 11:45:00,111.375,111.495,111.375,111.46,5491.0
2018-01-16 11:46:00,111.46,111.46,111.335,111.35,8313.0
2018-01-16 11:47:00,111.5,111.5,111.455,111.455,900.0
2018-01-16 11:48:00,111.56,111.56,111.51,111.51,2000.0
2018-01-16 11:49:00,111.61,111.61,111.49,111.5,3550.0
2018-01-16 11:50:00,111.65,111.65,111.6,111.61,1350.0
2018-01-16 11:51:00,111.71,111.73,111.615,111.615,6361.0
2018-01-16 11:52:00,111.76,111.76,111.69,111.69,1903.0
2018-01-16 11:53:00,111.64,111.77,111.64,111.77,3585.0
2018-01-16 11:54:00,111.645,111.68,111.645,111.65,2541.0
2018-01-16 11:55:00,111.72,111.72,111.68,111.68,1647.0
2018-01-16 11:56:00,111.73,111.73,111.71,111.72,1400.0
2018-01-16 11:57:00,111.72,111.72,111.66,111.71,1900.0
2018-01-16 11:58:00,111.71,111.72,111.71,111.72,500.0
2018-01-16 11:59:00,111.7,111.71,111.65,111.71,2100.0
2018-01-16 12:00:00,111.735,111.75,111.7,111.72,1200.0
2018-01-16 12:01:00,111.83,111.83,111.7168,111.76,2703.0
2018-01-16 12:02:00,111.7,111.78,111.67,111.77,4415.0
2018-01-16 12:03:00,111.67,111.68,111.67,111.68,200.0
2018-01-16 12:04:00,111.64,111.66,111.58,111.66,4900.0
2018-01-16 12:05:00,111.65,111.69,111.65,111.67,1217.0
2018-01-16 12:06:00,111.68,111.68,111.67,111.68,400.0
2018-01-16 12:07:00,111.69,111.69,111.66,111.68,900.0
2018-01-16 12:08:00,111.715,111.75,111.69,111.69,1845.0
2018-01-16 12:09:00,111.7,111.7,111.665,111.69,2413.0
2018-01-16 12:10:00,111.73,111.73,111.677,111.677,1100.0
2018-01-16 12:11:00,111.76,111.76,111.72,111.72,1600.0
2018-01-16 12:12:00,111.77,111.78,111.77,111.77,400.0
2018-01-16 12:13:00,111.88,111.88,111.78,111.78,2000.0
2018-01-16 12:15:00,111.9277,111.94,111.82,111.87,4499.0
2018-01-16 12:16:00,111.97,111.97,111.94,111.95,2000.0
2018-01-16 12:17:00,111.91,111.94,111.88,111.935,3699.0
2018-01-16 12:18:00,111.995,112.0,111.91,111.94,5023.0
2018-01-16 12:19:00,112.1,112.1,111.97,111.99,10417.0
2018-01-16 12:20:00,112.03,112.11,112.03,112.09,4500.0
2018-01-16 12:21:00,112.05,112.05,112.0,112.0,1308.0
2018-01-16 12:22:00,112.03,112.07,112.02,112.05,2500.0
2018-01-16 12:23:00,112.04,112.06,112.01,112.05,2500.0
2018-01-16 12:24:00,112.02,112.04,112.02,112.04,1581.0
2018-01-16 12:25:00,111.9,112.02,111.88,112.02,3600.0
2018-01-16 12:26:00,111.94,111.94,111.9,111.9,1400.0
2018-01-16 12:27:00,111.91,111.91,111.91,111.91,800.0
2018-01-16 12:28:00,111.97,111.98,111.9,111.9,2302.0
2018-01-16 12:29:00,111.9,111.92,111.85,111.92,3179.0
2018-01-16 12:30:00,111.95,111.95,111.93,111.93,717.0
2018-01-16 12:31:00,111.94,111.94,111.92,111.92,2000.0
2018-01-16 12:32:00,111.76,111.9,111.715,111.9,5584.0
2018-01-16 12:33:00,111.73,111.73,111.73,111.73,100.0
2018-01-16 12:34:00,111.73,111.73,111.69,111.72,2244.0
2018-01-16 12:35:00,111.69,111.76,111.665,111.75,3000.0
2018-01-16 12:36:00,111.65,111.66,111.65,111.66,600.0
2018-01-16 12:37:00,111.64,111.65,111.59,111.61,2158.0
2018-01-16 12:38:00,111.64,111.67,111.64,111.66,500.0
2018-01-16 12:39:00,111.634,111.67,111.634,111.67,650.0
2018-01-16 12:40:00,111.73,111.73,111.63,111.65,4881.0
2018-01-16 12:41:00,111.79,111.79,111.74,111.74,1231.0
2018-01-16 12:42:00,111.86,111.87,111.79,111.8,3400.0
2018-01-16 12:43:00,111.82,111.94,111.82,111.87,3309.0
2018-01-16 12:44:00,111.87,111.87,111.82,111.82,200.0
2018-01-16 12:45:00,111.86,111.88,111.82,111.82,2172.0
2018-01-16 12:46:00,111.82,111.83,111.82,111.83,1100.0
2018-01-16 12:47:00,111.86,111.86,111.82,111.83,2700.0
2018-01-16 12:48:00,111.85,111.85,111.82,111.84,1900.0
2018-01-16 12:49:00,111.93,111.93,111.8393,111.84,1824.0
2018-01-16 12:51:00,111.91,111.91,111.87,111.88,674.0
2018-01-16 12:52:00,111.83,111.9,111.8,111.9,4147.0
2018-01-16 12:53:00,111.75,111.8,111.75,111.8,700.0
2018-01-16 12:54:00,111.79,111.79,111.76,111.77,4500.0
2018-01-16 12:55:00,111.72,111.76,111.69,111.76,3050.0
2018-01-16 12:57:00,111.76,111.76,111.72,111.72,2400.0
2018-01-16 12:58:00,111.74,111.78,111.74,111.78,1750.0
2018-01-16 12:59:00,111.75,111.76,111.74,111.74,800.0
2018-01-16 13:00:00,111.75,111.75,111.72,111.74,1600.0
2018-01-16 13:01:00,111.77,111.77,111.745,111.76,1532.0
2018-01-16 13:02:00,111.775,111.79,111.75,111.78,3000.0
2018-01-16 13:03:00,111.766,111.77,111.766,111.77,350.0
2018-01-16 13:04:00,111.6,111.73,111.6,111.73,2900.0
2018-01-16 13:05:00,111.4807,111.56,111.44,111.56,3300.0
2018-01-16 13:06:00,111.49,111.49,111.46,111.46,1833.0
2018-01-16 13:07:00,111.45,111.52,111.45,111.49,3061.0
2018-01-16 13:08:00,111.49,111.53,111.49,111.49,1800.0
2018-01-16 13:09:00,111.3393,111.45,111.31,111.45,4899.0
2018-01-16 13:11:00,111.27,111.33,111.27,111.33,800.0
2018-01-16 13:12:00,111.27,111.33,111.21,111.22,6420.0
2018-01-16 13:13:00,111.23,111.32,111.23,111.26,1312.0
2018-01-16 13:14:00,111.23,111.23,111.17,111.215,950.0
2018-01-16 13:15:00,111.19,111.23,111.19,111.23,1000.0
2018-01-16 13:16:00,111.1952,111.199,111.13,111.13,4100.0
2018-01-16 13:17:00,111.24,111.28,111.18,111.18,4925.0
2018-01-16 13:18:00,111.18,111.21,111.18,111.2,400.0
2018-01-16 13:19:00,111.22,111.24,111.18,111.18,2578.0
2018-01-16 13:20:00,111.2699,111.27,111.23,111.23,4404.0
2018-01-16 13:21:00,111.2563,111.29,111.25,111.27,3115.0
2018-01-16 13:22:00,111.15,111.22,111.15,111.22,1500.0
2018-01-16 13:24:00,111.07,111.09,111.07,111.09,600.0
2018-01-16 13:25:00,111.015,111.075,111.01,111.075,2200.0
2018-01-16 13:26:00,111.015,111.015,111.015,111.015,100.0
2018-01-16 13:27:00,110.99,111.015,110.99,111.015,763.0
2018-01-16 13:28:00,111.0105,111.02,110.98,111.015,400.0
2018-01-16 13:29:00,111.06,111.06,111.01,111.01,3379.0
2018-01-16 13:30:00,111.01,111.045,111.01,111.02,2449.0
2018-01-16 13:31:00,111.0,111.02,111.0,111.02,300.0
2018-01-16 13:32:00,110.97,111.01,110.97,111.0,2350.0
2018-01-16 13:33:00,110.97,110.97,110.95,110.96,400.0
2018-01-16 13:34:00,111.03,111.06,110.99,110.99,5844.0
2018-01-16 13:35:00,110.96,111.01,110.95,111.01,3200.0
2018-01-16 13:36:00,110.94,110.98,110.94,110.98,400.0
2018-01-16 13:37:00,110.93,110.96,110.91,110.935,980.0
2018-01-16 13:38:00,111.0,111.01,110.91,110.91,2900.0
2018-01-16 13:39:00,111.0301,111.1,111.02,111.02,1466.0
2018-01-16 13:40:00,111.0,111.03,110.9201,111.03,8228.0
2018-01-16 13:41:00,110.86,111.0,110.86,111.0,2000.0
2018-01-16 13:42:00,110.89,110.92,110.86,110.86,1900.0
2018-01-16 13:44:00,110.85,110.905,110.85,110.905,1500.0
2018-01-16 13:45:00,110.84,110.88,110.84,110.85,2300.0
2018-01-16 13:46:00,110.89,110.89,110.83,110.85,2421.0
2018-01-16 13:47:00,110.93,110.94,110.87,110.87,3355.0
2018-01-16 13:48:00,110.89,110.92,110.89,110.92,800.0
2018-01-16 13:49:00,110.91,110.94,110.91,110.92,1824.0
2018-01-16 13:50:00,110.88,110.905,110.88,110.905,530.0
2018-01-16 13:51:00,110.875,110.89,110.835,110.87,4278.0
2018-01-16 13:52:00,110.91,110.91,110.9,110.9,800.0
2018-01-16 13:53:00,110.87,110.87,110.87,110.87,600.0
2018-01-16 13:54:00,110.86,110.88,110.86,110.88,300.0
2018-01-16 13:55:00,110.84,110.86,110.84,110.86,2106.0
2018-01-16 13:56:00,110.87,110.87,110.86,110.86,1700.0
2018-01-16 13:57:00,110.77,110.85,110.77,110.85,3761.0
2018-01-16 13:58:00,110.76,110.76,110.75,110.76,600.0
2018-01-16 13:59:00,110.85,110.86,110.77,110.77,7200.0
2018-01-16 14:00:00,110.82,110.87,110.82,110.84,3338.0
2018-01-16 14:01:00,110.85,110.85,110.79,110.79,3105.0
2018-01-16 14:02:00,110.83,110.85,110.8201,110.8401,1534.0
2018-01-16 14:03:00,110.92,110.92,110.835,110.85,4200.0
2018-01-16 14:04:00,110.86,110.9049,110.84,110.88,6150.0
2018-01-16 14:05:00,110.83,110.855,110.83,110.855,700.0
2018-01-16 14:06:00,110.86,110.87,110.85,110.87,1802.0
2018-01-16 14:07:00,110.82,110.86,110.82,110.86,1359.0
2018-01-16 14:08:00,110.89,110.89,110.82,110.82,3551.0
2018-01-16 14:09:00,110.905,110.91,110.9,110.9,1107.0
2018-01-16 14:10:00,110.85,110.9199,110.85,110.89,4770.0
2018-01-16 14:11:00,110.82,110.88,110.82,110.88,1400.0
2018-01-16 14:12:00,110.88,110.9,110.82,110.83,2874.0
2018-01-16 14:13:00,110.89,110.93,110.89,110.92,2997.0
2018-01-16 14:14:00,110.97,110.97,110.89,110.9,4116.0
2018-01-16 14:15:00,110.975,111.01,110.93,110.98,6479.0
2018-01-16 14:16:00,111.07,111.19,111.0,111.0,5219.0
2018-01-16 14:17:00,111.01,111.02,110.99,111.02,5000.0
2018-01-16 14:18:00,110.86,110.96,110.86,110.96,6700.0
2018-01-16 14:19:00,110.83,110.835,110.82,110.82,800.0
2018-01-16 14:20:00,110.93,110.97,110.8319,110.8319,5205.0
2018-01-16 14:21:00,110.87,110.92,110.84,110.92,1200.0
2018-01-16 14:22:00,110.85,110.89,110.83,110.83,2515.0
2018-01-16 14:23:00,110.75,110.81,110.75,110.81,2900.0
2018-01-16 14:24:00,110.68,110.69,110.68,110.69,200.0
2018-01-16 14:25:00,110.79,110.79,110.7,110.7,3702.0
2018-01-16 14:26:00,110.78,110.81,110.75,110.77,2650.0
2018-01-16 14:27:00,110.73,110.77,110.73,110.73,300.0
2018-01-16 14:28:00,110.7,110.75,110.7,110.75,400.0
2018-01-16 14:29:00,110.73,110.73,110.7,110.71,1000.0
2018-01-16 14:30:00,110.66,110.72,110.65,110.705,14411.0
2018-01-16 14:31:00,110.695,110.71,110.655,110.655,2200.0
2018-01-16 14:32:00,110.7975,110.82,110.71,110.71,4930.0
2018-01-16 14:33:00,110.82,110.83,110.78,110.81,2800.0
2018-01-16 14:34:00,110.7888,110.88,110.78,110.84,3393.0
2018-01-16 14:35:00,110.77,110.77,110.72,110.76,2482.0
2018-01-16 14:36:00,110.9,110.9,110.75,110.75,3671.0
2018-01-16 14:37:00,110.885,110.9,110.885,110.89,900.0
2018-01-16 14:38:00,110.87,110.91,110.77,110.91,7004.0
2018-01-16 14:39:00,110.73,110.9,110.73,110.89,2200.0
2018-01-16 14:40:00,110.71,110.74,110.71,110.74,1300.0
2018-01-16 14:41:00,110.7,110.73,110.68,110.71,4300.0
2018-01-16 14:42:00,110.65,110.715,110.65,110.69,3200.0
2018-01-16 14:43:00,110.65,110.68,110.64,110.65,18000.0
2018-01-16 14:44:00,110.4,110.65,110.4,110.65,3713.0
2018-01-16 14:45:00,110.38,110.39,110.38,110.39,300.0
2018-01-16 14:46:00,110.32,110.375,110.32,110.33,1835.0
2018-01-16 14:47:00,110.31,110.43,110.27,110.27,9823.0
2018-01-16 14:48:00,110.46,110.46,110.34,110.34,2000.0
2018-01-16 14:49:00,110.46,110.53,110.4,110.48,2350.0
2018-01-16 14:50:00,110.365,110.49,110.365,110.455,1600.0
2018-01-16 14:51:00,110.4188,110.4188,110.265,110.32,3686.0
2018-01-16 14:52:00,110.32,110.41,110.27,110.36,17600.0
2018-01-16 14:53:00,110.32,110.32,110.23,110.32,2378.0
2018-01-16 14:54:00,110.34,110.4,110.33,110.33,3332.0
2018-01-16 14:55:00,110.355,110.36,110.3,110.32,2300.0
2018-01-16 14:56:00,110.44,110.44,110.37,110.37,800.0
2018-01-16 14:57:00,110.48,110.57,110.44,110.44,5300.0
2018-01-16 14:58:00,110.45,110.5,110.45,110.5,300.0
2018-01-16 14:59:00,110.55,110.55,110.485,110.49,1400.0
2018-01-16 15:00:00,110.55,110.55,110.525,110.55,525.0
2018-01-16 15:01:00,110.59,110.75,110.55,110.55,10801.0
2018-01-16 15:02:00,110.66,110.71,110.61,110.61,5786.0
2018-01-16 15:03:00,110.7,110.76,110.67,110.67,1377.0
2018-01-16 15:04:00,110.69,110.71,110.67,110.69,1500.0
2018-01-16 15:05:00,110.75,110.77,110.71,110.71,2400.0
2018-01-16 15:06:00,110.73,110.77,110.73,110.75,3656.0
2018-01-16 15:07:00,110.67,110.72,110.67,110.7,2100.0
2018-01-16 15:08:00,110.7,110.72,110.67,110.71,2100.0
2018-01-16 15:09:00,110.79,110.79,110.71,110.71,1400.0
2018-01-16 15:10:00,110.845,110.86,110.76,110.79,6600.0
2018-01-16 15:11:00,110.79,110.945,110.74,110.845,6533.0
2018-01-16 15:12:00,110.695,110.79,110.68,110.765,5524.0
2018-01-16 15:13:00,110.83,110.83,110.685,110.695,14883.0
2018-01-16 15:14:00,110.73,110.8,110.73,110.8,2122.0
2018-01-16 15:15:00,110.8886,110.8886,110.73,110.73,7600.0
2018-01-16 15:16:00,110.74,110.92,110.74,110.8899,10558.0
2018-01-16 15:17:00,110.85,110.85,110.765,110.765,5275.0
2018-01-16 15:18:00,110.79,110.82,110.78,110.82,7754.0
2018-01-16 15:19:00,110.75,110.775,110.73,110.775,3900.0
2018-01-16 15:20:00,110.84,110.85,110.76,110.76,4400.0
2018-01-16 15:21:00,110.99,110.99,110.85,110.85,3431.0
2018-01-16 15:22:00,111.02,111.07,110.97,110.985,6180.0
2018-01-16 15:23:00,110.97,111.045,110.95,111.02,5589.0
2018-01-16 15:24:00,110.975,110.98,110.965,110.965,1400.0
2018-01-16 15:25:00,111.07,111.07,110.97,110.99,4150.0
2018-01-16 15:26:00,111.07,111.09,111.03,111.07,8392.0
2018-01-16 15:27:00,111.19,111.2,111.08,111.08,7481.0
2018-01-16 15:28:00,111.21,111.21,111.12,111.18,5527.0
2018-01-16 15:29:00,111.3,111.3,111.15,111.1868,6090.0
2018-01-16 15:30:00,111.35,111.4,111.262,111.28,10809.0
2018-01-16 15:31:00,111.3,111.33,111.25,111.3,12504.0
2018-01-16 15:32:00,111.195,111.29,111.175,111.29,7345.0
2018-01-16 15:33:00,111.18,111.195,111.16,111.195,6935.0
2018-01-16 15:34:00,111.11,111.225,111.09,111.2,35850.0
2018-01-16 15:35:00,111.17,111.17,111.12,111.14,3594.0
2018-01-16 15:36:00,111.24,111.29,111.17,111.17,12308.0
2018-01-16 15:37:00,111.22,111.27,111.18,111.235,11518.0
2018-01-16 15:38:00,111.18,111.22,111.18,111.2,6511.0
2018-01-16 15:39:00,111.14,111.22,111.14,111.18,6250.0
2018-01-16 15:40:00,111.1,111.18,111.09,111.16,6750.0
2018-01-16 15:41:00,111.06,111.11,111.01,111.1,12890.0
2018-01-16 15:42:00,111.22,111.25,111.07,111.07,6655.0
2018-01-16 15:43:00,111.125,111.23,111.12,111.23,11154.0
2018-01-16 15:44:00,111.25,111.25,111.13,111.13,7515.0
2018-01-16 15:45:00,111.175,111.26,111.15,111.26,15823.0
2018-01-16 15:46:00,111.14,111.18,111.13,111.18,5993.0
2018-01-16 15:47:00,111.04,111.15,111.04,111.15,10512.0
2018-01-16 15:48:00,111.04,111.06,110.9775,111.04,20845.0
2018-01-16 15:49:00,111.06,111.11,111.02,111.03,7400.0
2018-01-16 15:50:00,111.14,111.14,111.04,111.055,8901.0
2018-01-16 15:51:00,111.15,111.18,111.055,111.12,10993.0
2018-01-16 15:52:00,111.19,111.2,111.15,111.16,9826.0
2018-01-16 15:53:00,111.1,111.19,111.08,111.1848,13931.0
2018-01-16 15:54:00,111.09,111.1,111.06,111.085,14483.0
2018-01-16 15:55:00,111.0,111.09,111.0,111.075,11293.0
2018-01-16 15:56:00,111.05,111.08,110.98,110.98,22591.0
2018-01-16 15:57:00,110.99,111.08,110.99,111.055,20830.0
2018-01-16 15:58:00,111.01,111.01,110.95,110.98,14586.0
2018-01-16 15:59:00,110.99,111.04,110.98,111.0,22140.0
2018-01-16 16:00:00,111.0,111.01,110.82,111.0,67404.0
2018-01-17 09:30:00,111.16,111.16,111.16,111.16,5714.0
2018-01-17 09:31:00,111.34,111.42,111.24,111.24,1000.0
2018-01-17 09:32:00,111.325,111.48,111.325,111.39,1200.0
2018-01-17 09:33:00,111.09,111.49,111.09,111.33,1650.0
2018-01-17 09:34:00,111.06,111.17,110.92,111.07,3516.0
2018-01-17 09:35:00,110.87,111.08,110.87,111.08,1600.0
2018-01-17 09:37:00,110.97,111.14,110.94,110.94,1620.0
2018-01-17 09:38:00,110.8,110.8,110.8,110.8,100.0
2018-01-17 09:39:00,111.02,111.17,111.0,111.0,400.0
2018-01-17 09:40:00,110.95,111.11,110.89,111.0,4289.0
2018-01-17 09:41:00,111.21,111.37,110.98,110.99,3500.0
2018-01-17 09:42:00,110.96,111.26899999999999,110.87,111.26899999999999,19991.0
2018-01-17 09:43:00,110.72,111.03,110.7025,110.94,7052.0
2018-01-17 09:44:00,110.6948,110.76,110.64,110.76,2900.0
2018-01-17 09:45:00,110.8,110.8,110.76,110.76,700.0
2018-01-17 09:46:00,110.66,110.66,110.61,110.61,200.0
2018-01-17 09:47:00,110.63,110.69,110.625,110.68,800.0
2018-01-17 09:48:00,110.62,110.63,110.57,110.62,1600.0
2018-01-17 09:49:00,110.415,110.55,110.38,110.55,2648.0
2018-01-17 09:50:00,110.415,110.415,110.37,110.37,1200.0
2018-01-17 09:51:00,110.385,110.405,110.31,110.405,3100.0
2018-01-17 09:52:00,110.55,110.56,110.4,110.41,3550.0
2018-01-17 09:53:00,110.61,110.62,110.52,110.56,505.0
2018-01-17 09:54:00,110.49,110.51,110.32,110.51,4200.0
2018-01-17 09:56:00,110.42,110.485,110.42,110.485,300.0
2018-01-17 09:58:00,110.55,110.55,110.55,110.55,200.0
2018-01-17 09:59:00,110.53,110.53,110.53,110.53,100.0
2018-01-17 10:00:00,110.2275,110.4,110.21,110.39,4199.0
2018-01-17 10:01:00,110.45,110.48,110.09,110.09,3514.0
2018-01-17 10:02:00,110.41,110.48,110.41,110.48,200.0
2018-01-17 10:03:00,110.43,110.44,110.28,110.34,5344.0
2018-01-17 10:04:00,110.47,110.47,110.47,110.47,100.0
2018-01-17 10:05:00,110.5,110.5,110.39,110.45,3100.0
2018-01-17 10:06:00,110.69,110.71,110.5,110.51,6100.0
2018-01-17 10:07:00,110.6145,110.6145,110.6145,110.6145,100.0
2018-01-17 10:08:00,110.72,110.75,110.57,110.57,1938.0
2018-01-17 10:09:00,110.83,110.83,110.76,110.76,700.0
2018-01-17 10:10:00,110.69,110.76,110.67,110.75,2200.0
2018-01-17 10:11:00,110.7395,110.78,110.7,110.75,1590.0
2018-01-17 10:12:00,110.58,110.69,110.56,110.69,2100.0
2018-01-17 10:13:00,110.71,110.76,110.63,110.63,2165.0
2018-01-17 10:14:00,110.67,110.69,110.62,110.69,1700.0
2018-01-17 10:15:00,110.75,110.79,110.69,110.7064,4908.0
2018-01-17 10:17:00,110.76,110.77,110.64,110.77,3300.0
2018-01-17 10:18:00,110.69,110.71,110.69,110.71,400.0
2018-01-17 10:19:00,110.58,110.71,110.57,110.65,2339.0
2018-01-17 10:20:00,110.47,110.55,110.46,110.55,900.0
2018-01-17 10:21:00,110.47,110.47,110.445,110.445,300.0
2018-01-17 10:22:00,110.58,110.58,110.47,110.47,2300.0
2018-01-17 10:23:00,110.52,110.59,110.51,110.55,3505.0
2018-01-17 10:24:00,110.6,110.6,110.48,110.5,4117.0
2018-01-17 10:25:00,110.49,110.615,110.47,110.615,1300.0
2018-01-17 10:26:00,110.55,110.59,110.47,110.47,1485.0
2018-01-17 10:27:00,110.6,110.61,110.58,110.61,700.0
2018-01-17 10:28:00,110.57,110.57,110.52,110.56,1200.0
2018-01-17 10:29:00,110.54,110.57,110.54,110.57,200.0
2018-01-17 10:30:00,110.649,110.649,110.59,110.59,700.0
2018-01-17 10:31:00,110.66,110.74,110.65,110.65,1728.0
2018-01-17 10:32:00,110.66,110.66,110.6,110.65,1800.0
2018-01-17 10:33:00,110.66,110.708,110.66,110.7,810.0
2018-01-17 10:34:00,110.71,110.71,110.68,110.68,1200.0
2018-01-17 10:35:00,110.681,110.69,110.63,110.67,2191.0
2018-01-17 10:36:00,110.77,110.77,110.67,110.68,702.0
2018-01-17 10:37:00,110.79,110.79,110.76,110.76,400.0
2018-01-17 10:38:00,110.8,110.84,110.77,110.8,1405.0
2018-01-17 10:39:00,110.75,110.78,110.75,110.78,300.0
2018-01-17 10:40:00,110.81,110.81,110.79,110.79,2200.0
2018-01-17 10:41:00,110.72,110.8,110.7,110.8,3765.0
2018-01-17 10:42:00,110.73,110.76,110.7,110.7,2215.0
2018-01-17 10:43:00,110.72,110.735,110.67,110.735,3471.0
2018-01-17 10:44:00,110.62,110.67,110.62,110.67,2204.0
2018-01-17 10:45:00,110.7,110.71,110.64,110.64,5006.0
2018-01-17 10:46:00,110.93,110.93,110.74,110.74,6301.0
2018-01-17 10:47:00,110.95,110.95,110.9,110.9499,2700.0
2018-01-17 10:48:00,111.0,111.0,110.95,110.95,1893.0
2018-01-17 10:49:00,110.97,110.97,110.94,110.97,1559.0
2018-01-17 10:50:00,111.04,111.04,110.93,110.97,6071.0
2018-01-17 10:51:00,110.95,111.01,110.95,111.0,1500.0
2018-01-17 10:52:00,110.925,110.94,110.925,110.94,300.0
2018-01-17 10:53:00,111.0,111.07,110.925,110.925,4158.0
2018-01-17 10:55:00,110.97,111.02,110.97,111.0,5891.0
2018-01-17 10:56:00,110.89,110.97,110.859,110.97,5617.0
2018-01-17 10:57:00,110.92,110.96,110.9,110.9,400.0
2018-01-17 10:58:00,111.0,111.05,110.89,110.89,3840.0
2018-01-17 10:59:00,111.15,111.15,111.03,111.05,6866.0
2018-01-17 11:00:00,111.12,111.17,111.07,111.13,2100.0
2018-01-17 11:01:00,111.07,111.18,111.07,111.17,400.0
2018-01-17 11:02:00,111.15,111.19,111.11,111.14,4000.0
2018-01-17 11:03:00,111.14,111.16,111.13,111.14,1200.0
2018-01-17 11:04:00,111.06,111.13,111.02,111.13,2721.0
2018-01-17 11:05:00,111.135,111.18,111.04,111.06,3800.0
2018-01-17 11:06:00,111.15,111.22,111.08,111.125,4045.0
2018-01-17 11:07:00,111.0794,111.13,111.05,111.13,2835.0
2018-01-17 11:08:00,111.07,111.07,111.01,111.03,900.0
2018-01-17 11:09:00,111.06,111.1,111.06,111.09,700.0
2018-01-17 11:10:00,111.305,111.31,111.07,111.1199,8575.0
2018-01-17 11:11:00,111.35,111.36,111.22,111.31,3200.0
2018-01-17 11:12:00,111.4,111.4,111.32,111.35,500.0
2018-01-17 11:13:00,111.41,111.42,111.34,111.3899,4344.0
2018-01-17 11:14:00,111.465,111.465,111.38,111.4002,2416.0
2018-01-17 11:15:00,111.37,111.47,111.34,111.47,5900.0
2018-01-17 11:16:00,111.52,111.59,111.37,111.37,7064.0
2018-01-17 11:17:00,111.48,111.59,111.48,111.55,1257.0
2018-01-17 11:18:00,111.23,111.53,111.23,111.47,1500.0
2018-01-17 11:19:00,111.25,111.31,111.25,111.26,2700.0
2018-01-17 11:20:00,111.23,111.3,111.23,111.2645,300.0
2018-01-17 11:21:00,111.21,111.29,111.21,111.25,5050.0
2018-01-17 11:22:00,111.32,111.32,111.18,111.24,16443.0
2018-01-17 11:23:00,111.27,111.32,111.24,111.32,2000.0
2018-01-17 11:24:00,111.24,111.29,111.14,111.29,10333.0
2018-01-17 11:25:00,111.085,111.28,111.06,111.24,9050.0
2018-01-17 11:26:00,111.17,111.26,111.08,111.11,9963.0
2018-01-17 11:27:00,111.1,111.15,111.0,111.15,6998.0
2018-01-17 11:28:00,111.06,111.19,111.03,111.09,5700.0
2018-01-17 11:29:00,111.06,111.1,111.02,111.1,3907.0
2018-01-17 11:30:00,110.97,111.05,110.9,111.05,38364.0
2018-01-17 11:31:00,110.81,110.935,110.8,110.92,5167.0
2018-01-17 11:32:00,110.89,110.89,110.71,110.81,4790.0
2018-01-17 11:33:00,110.77,110.99,110.77,110.92,1429.0
2018-01-17 11:34:00,110.77,110.81,110.73,110.73,1400.0
2018-01-17 11:35:00,110.575,110.74,110.53,110.74,1000.0
2018-01-17 11:36:00,110.58,110.77,110.58,110.62,3251.0
2018-01-17 11:37:00,110.38,110.56,110.3,110.56,2664.0
2018-01-17 11:38:00,110.4289,110.48,110.41,110.41,877.0
2018-01-17 11:39:00,110.43,110.455,110.41,110.455,2000.0
2018-01-17 11:40:00,110.42,110.44,110.38,110.38,2659.0
2018-01-17 11:41:00,110.39,110.42,110.32,110.415,2200.0
2018-01-17 11:42:00,110.33,110.41,110.33,110.41,1905.0
2018-01-17 11:43:00,110.38,110.39,110.37,110.37,700.0
2018-01-17 11:44:00,110.32,110.34,110.32,110.34,500.0
2018-01-17 11:46:00,110.335,110.35,110.32,110.32,900.0
2018-01-17 11:47:00,110.37,110.37,110.37,110.37,100.0
2018-01-17 11:48:00,110.34,110.37,110.3378,110.3378,2276.0
2018-01-17 11:49:00,110.36,110.36,110.36,110.36,200.0
2018-01-17 11:50:00,110.5,110.5,110.35,110.35,2300.0
2018-01-17 11:51:00,110.54,110.59,110.48,110.5001,2208.0
2018-01-17 11:52:00,110.51,110.51,110.51,110.51,100.0
2018-01-17 11:53:00,110.85,110.88,110.54,110.55,7098.0
2018-01-17 11:54:00,110.75,110.76,110.74,110.76,600.0
2018-01-17 11:55:00,110.81,110.85,110.78,110.78,1400.0
2018-01-17 11:56:00,110.99,110.99,110.84,110.84,2385.0
2018-01-17 11:57:00,111.01,111.01,110.94,110.94,1000.0
2018-01-17 11:58:00,110.91,111.0,110.9,110.93,3500.0
2018-01-17 11:59:00,110.98,110.98,110.92,110.96,800.0
2018-01-17 12:00:00,110.9,111.0,110.88,110.91,3400.0
2018-01-17 12:01:00,110.97,111.06,110.86,110.88,11200.0
2018-01-17 12:02:00,111.0,111.0,111.0,111.0,100.0
2018-01-17 12:03:00,111.03,111.04,111.0,111.0,4800.0
2018-01-17 12:04:00,111.07,111.08,111.04,111.06,2200.0
2018-01-17 12:05:00,111.08200000000001,111.12,111.045,111.08,2100.0
2018-01-17 12:06:00,111.05,111.07,111.0,111.07,3000.0
2018-01-17 12:07:00,111.08,111.09,111.05,111.06,700.0
2018-01-17 12:08:00,111.03,111.05,111.03,111.05,600.0
2018-01-17 12:09:00,110.96,111.03,110.95,111.03,4000.0
2018-01-17 12:10:00,111.0,111.05,110.9001,110.955,11600.0
2018-01-17 12:11:00,110.96,111.045,110.96,111.04,1498.0
2018-01-17 12:12:00,111.06,111.06,111.0,111.0,1100.0
2018-01-17 12:13:00,111.03,111.08,111.0,111.08,800.0
2018-01-17 12:14:00,111.0,111.01,110.96,110.96,1000.0
2018-01-17 12:15:00,111.05,111.05,111.02,111.02,1100.0
2018-01-17 12:17:00,111.04,111.1,111.04,111.09,800.0
2018-01-17 12:18:00,111.05,111.05,111.045,111.045,300.0
2018-01-17 12:19:00,111.02,111.06,111.02,111.06,200.0
2018-01-17 12:20:00,111.03,111.03,111.01,111.025,1000.0
2018-01-17 12:21:00,111.02,111.06,111.02,111.03,1400.0
2018-01-17 12:22:00,111.02,111.05,111.02,111.025,5200.0
2018-01-17 12:23:00,111.06,111.06,111.035,111.035,661.0
2018-01-17 12:24:00,111.12,111.13,111.06,111.06,1900.0
2018-01-17 12:25:00,111.13,111.15,111.12,111.14,1100.0
2018-01-17 12:26:00,111.15,111.15,111.09,111.09,1200.0
2018-01-17 12:27:00,111.19,111.19,111.165,111.165,500.0
2018-01-17 12:28:00,111.23,111.23,111.16,111.16,1400.0
2018-01-17 12:29:00,111.22,111.25,111.19,111.25,1855.0
2018-01-17 12:30:00,111.09,111.24,111.09,111.24,1965.0
2018-01-17 12:31:00,111.17,111.17,111.0975,111.12,1100.0
2018-01-17 12:32:00,111.22,111.22,111.13,111.13,1300.0
2018-01-17 12:33:00,111.23,111.23,111.17,111.21,800.0
2018-01-17 12:34:00,111.2,111.26,111.2,111.23,1200.0
2018-01-17 12:35:00,111.21,111.22,111.18,111.22,900.0
2018-01-17 12:36:00,111.2,111.2,111.18,111.18,200.0
2018-01-17 12:37:00,111.195,111.195,111.17,111.17,1119.0
2018-01-17 12:38:00,111.19,111.2,111.19,111.19,500.0
2018-01-17 12:39:00,111.16,111.17,111.13,111.17,1137.0
2018-01-17 12:40:00,111.18,111.18,111.18,111.18,200.0
2018-01-17 12:41:00,111.11,111.1794,111.11,111.15,1608.0
2018-01-17 12:42:00,111.12,111.13,111.09,111.09,8292.0
2018-01-17 12:43:00,111.05,111.13,111.05,111.125,900.0
2018-01-17 12:44:00,111.025,111.06,111.0161,111.06,700.0
2018-01-17 12:45:00,111.06,111.06,111.02,111.04,2300.0
2018-01-17 12:46:00,111.04,111.05,111.0,111.05,4200.0
2018-01-17 12:47:00,111.01,111.0599,111.01,111.0599,605.0
2018-01-17 12:48:00,111.07,111.1,111.05,111.05,2739.0
2018-01-17 12:49:00,111.069,111.07,111.03,111.07,2000.0
2018-01-17 12:50:00,110.99,111.03,110.99,111.01,800.0
2018-01-17 12:51:00,111.045,111.045,111.04,111.04,855.0
2018-01-17 12:52:00,111.0685,111.0685,111.06,111.06,496.0
2018-01-17 12:53:00,111.09,111.09,111.03,111.03,2041.0
2018-01-17 12:54:00,111.09,111.1,111.07,111.1,800.0
2018-01-17 12:55:00,111.09,111.12,111.06,111.06,2100.0
2018-01-17 12:56:00,111.08,111.08,111.08,111.08,100.0
2018-01-17 12:57:00,111.12,111.12,111.095,111.095,300.0
2018-01-17 12:58:00,111.07,111.12,111.07,111.12,903.0
2018-01-17 12:59:00,111.04,111.07,111.04,111.06,800.0
2018-01-17 13:00:00,111.04,111.05,111.02,111.02,3400.0
2018-01-17 13:01:00,111.0,111.03,110.97,111.03,3400.0
2018-01-17 13:02:00,111.06,111.06,110.97,111.02,4000.0
2018-01-17 13:03:00,111.06,111.07,110.97,111.06,7358.0
2018-01-17 13:04:00,111.06,111.06,111.06,111.06,700.0
2018-01-17 13:05:00,111.02,111.02,111.0,111.0,800.0
2018-01-17 13:06:00,110.97,110.97,110.97,110.97,200.0
2018-01-17 13:07:00,110.98,111.0,110.98,111.0,600.0
2018-01-17 13:08:00,111.02,111.02,110.99,110.99,500.0
2018-01-17 13:09:00,110.99,110.99,110.9699,110.99,1419.0
2018-01-17 13:10:00,110.99,111.01,110.98,110.98,800.0
2018-01-17 13:11:00,110.99,111.0,110.99,111.0,200.0
2018-01-17 13:12:00,111.01,111.02,110.98,110.99,1491.0
2018-01-17 13:13:00,111.02,111.04,111.0,111.01,800.0
2018-01-17 13:14:00,110.93,111.0,110.93,111.0,1401.0
2018-01-17 13:15:00,110.88,110.92,110.87,110.91,1000.0
2018-01-17 13:16:00,110.83,110.83,110.83,110.83,800.0
2018-01-17 13:17:00,110.85,110.85,110.83,110.83,400.0
2018-01-17 13:18:00,110.82,110.85,110.82,110.85,800.0
2018-01-17 13:19:00,110.81,110.81,110.81,110.81,700.0
2018-01-17 13:20:00,110.78,110.82,110.78,110.805,1400.0
2018-01-17 13:22:00,110.72,110.7668,110.72,110.75,620.0
2018-01-17 13:23:00,110.79,110.79,110.7,110.7,4235.0
2018-01-17 13:24:00,110.78,110.84,110.78,110.79,1800.0
2018-01-17 13:25:00,110.81,110.81,110.8,110.805,484.0
2018-01-17 13:26:00,110.67,110.77,110.67,110.77,800.0
2018-01-17 13:27:00,110.66,110.68,110.65,110.68,1910.0
2018-01-17 13:28:00,110.74,110.75,110.67,110.67,5131.0
2018-01-17 13:29:00,110.76,110.81,110.75,110.75,2200.0
2018-01-17 13:30:00,110.71,110.74,110.7,110.74,1189.0
2018-01-17 13:32:00,110.7,110.7,110.65,110.69,1100.0
2018-01-17 13:34:00,110.73,110.73,110.72,110.72,1700.0
2018-01-17 13:35:00,110.76,110.76,110.73,110.73,2110.0
2018-01-17 13:36:00,110.76,110.77,110.75,110.75,1900.0
2018-01-17 13:37:00,110.82,110.82,110.75,110.75,1500.0
2018-01-17 13:38:00,110.86,110.86,110.84,110.84,200.0
2018-01-17 13:39:00,110.84,110.84,110.82,110.82,604.0
2018-01-17 13:41:00,110.85,110.88,110.84,110.8464,4753.0
2018-01-17 13:42:00,110.85,110.89,110.85,110.89,2000.0
2018-01-17 13:43:00,110.79,110.83,110.79,110.83,900.0
2018-01-17 13:44:00,110.73,110.78,110.73,110.78,500.0
2018-01-17 13:45:00,110.73,110.73,110.7,110.72,3356.0
2018-01-17 13:46:00,110.67,110.715,110.67,110.715,300.0
2018-01-17 13:47:00,110.69,110.69,110.6676,110.6707,700.0
2018-01-17 13:48:00,110.71,110.71,110.7,110.7,900.0
2018-01-17 13:49:00,110.72,110.72,110.72,110.72,100.0
2018-01-17 13:50:00,110.66,110.73,110.66,110.71,4477.0
2018-01-17 13:51:00,110.67,110.69,110.67,110.68,1200.0
2018-01-17 13:52:00,110.72,110.72,110.7,110.7,1050.0
2018-01-17 13:53:00,110.73,110.73,110.73,110.73,300.0
2018-01-17 13:54:00,110.73,110.73,110.67,110.72,3602.0
2018-01-17 13:55:00,110.8,110.8,110.73,110.73,2000.0
2018-01-17 13:56:00,110.83,110.8399,110.83,110.8399,307.0
2018-01-17 13:57:00,110.8,110.83,110.8,110.83,200.0
2018-01-17 13:58:00,110.78,110.83,110.78,110.83,1300.0
2018-01-17 13:59:00,110.81,110.82,110.78,110.78,2960.0
2018-01-17 14:00:00,110.79,110.79,110.77,110.77,800.0
2018-01-17 14:01:00,110.83,110.83,110.8,110.8,1500.0
2018-01-17 14:02:00,110.825,110.83,110.81,110.82,1301.0
2018-01-17 14:03:00,110.82,110.84,110.82,110.83,2631.0
2018-01-17 14:04:00,110.86,110.86,110.84,110.84,1078.0
2018-01-17 14:05:00,110.9,110.91,110.87,110.88,2100.0
2018-01-17 14:06:00,110.93,110.93,110.87,110.9,3923.0
2018-01-17 14:07:00,110.97,110.97,110.91,110.91,1921.0
2018-01-17 14:08:00,111.025,111.03,110.95,110.98,6892.0
2018-01-17 14:09:00,111.03,111.07,111.025,111.025,4991.0
2018-01-17 14:10:00,111.05,111.085,111.0,111.04,7939.0
2018-01-17 14:11:00,111.08,111.1,111.01,111.075,7720.0
2018-01-17 14:12:00,111.17,111.17,111.04,111.07,9124.0
2018-01-17 14:13:00,111.2186,111.24,111.2,111.21,2007.0
2018-01-17 14:14:00,111.1893,111.2299,111.1803,111.21,3039.0
2018-01-17 14:15:00,111.16,111.19,111.145,111.19,1100.0
2018-01-17 14:16:00,111.08,111.13,111.05,111.13,4000.0
2018-01-17 14:17:00,111.17,111.17,111.08,111.08,2044.0
2018-01-17 14:18:00,111.15,111.17,111.13,111.17,2762.0
2018-01-17 14:19:00,111.15,111.17,111.135,111.17,3451.0
2018-01-17 14:20:00,111.095,111.15,111.09,111.15,2700.0
2018-01-17 14:21:00,111.13,111.15,111.1,111.12,3987.0
2018-01-17 14:22:00,111.12,111.14,111.1,111.13,2500.0
2018-01-17 14:23:00,111.03,111.13,111.03,111.12,900.0
2018-01-17 14:24:00,111.09,111.11,111.04,111.045,6000.0
2018-01-17 14:25:00,111.06,111.09,110.97,111.09,4600.0
2018-01-17 14:26:00,111.09,111.1,111.07,111.08,2200.0
2018-01-17 14:27:00,111.045,111.09,111.045,111.08,1800.0
2018-01-17 14:28:00,111.06,111.09,111.055,111.06,6910.0
2018-01-17 14:29:00,110.9,111.05,110.89,111.04,6031.0
2018-01-17 14:30:00,110.9925,110.9925,110.9,110.9,3800.0
2018-01-17 14:31:00,110.98,111.0,110.95,110.99,2500.0
2018-01-17 14:32:00,110.99,111.04,110.99,111.0,3600.0
2018-01-17 14:33:00,111.0,111.01,110.98,111.0,1200.0
2018-01-17 14:34:00,111.01,111.01,111.01,111.01,300.0
2018-01-17 14:35:00,111.03,111.03,110.96,111.01,6300.0
2018-01-17 14:36:00,111.065,111.065,111.03,111.04,2900.0
2018-01-17 14:37:00,111.07,111.08,111.06,111.07,2400.0
2018-01-17 14:38:00,111.085,111.11,111.08200000000001,111.08200000000001,2308.0
2018-01-17 14:40:00,111.06,111.09,111.04,111.09,3536.0
2018-01-17 14:41:00,111.06,111.08,111.05,111.06,2500.0
2018-01-17 14:42:00,111.07,111.07,111.03,111.07,4000.0
2018-01-17 14:43:00,111.08,111.08,111.07,111.07,900.0
2018-01-17 14:44:00,111.055,111.07,111.04,111.07,500.0
2018-01-17 14:45:00,111.06,111.09,111.05,111.08,3152.0
2018-01-17 14:46:00,110.99,111.05,110.96,111.05,5060.0
2018-01-17 14:47:00,111.01,111.02,110.99,110.99,3734.0
2018-01-17 14:48:00,111.03,111.03,111.0,111.0,5080.0
2018-01-17 14:49:00,111.09,111.09,111.03,111.03,3915.0
2018-01-17 14:50:00,111.07,111.1,111.06,111.1,2400.0
2018-01-17 14:51:00,111.08,111.1,111.08,111.09,1000.0
2018-01-17 14:52:00,111.08,111.1,111.04,111.06,2530.0
2018-01-17 14:53:00,111.04,111.07,111.02,111.06,1000.0
2018-01-17 14:54:00,111.03,111.03,111.01,111.0236,1242.0
2018-01-17 14:55:00,111.0,111.01,111.0,111.01,1192.0
2018-01-17 14:56:00,111.04,111.04,111.01,111.01,3585.0
2018-01-17 14:57:00,111.02,111.04,111.02,111.04,1200.0
2018-01-17 14:58:00,111.03,111.04,111.01,111.01,3300.0
2018-01-17 14:59:00,110.995,111.04,110.99,111.04,3300.0
2018-01-17 15:00:00,111.05,111.05,110.995,110.995,6105.0
2018-01-17 15:01:00,111.03,111.04,111.02,111.04,1700.0
2018-01-17 15:02:00,111.09,111.09,111.03,111.03,6402.0
2018-01-17 15:03:00,111.08,111.09,111.08,111.09,1400.0
2018-01-17 15:04:00,111.12,111.12,111.08,111.08,1700.0
2018-01-17 15:05:00,111.09,111.1,111.085,111.1,1400.0
2018-01-17 15:06:00,111.07,111.08,111.06,111.08,3360.0
2018-01-17 15:07:00,111.07,111.09,111.07,111.08,1852.0
2018-01-17 15:08:00,111.07,111.07,111.04,111.05,2400.0
2018-01-17 15:09:00,111.05,111.07,111.05,111.07,3400.0
2018-01-17 15:10:00,111.07,111.08,111.05,111.05,4052.0
2018-01-17 15:11:00,111.07,111.0839,111.06,111.08,2718.0
2018-01-17 15:12:00,111.06,111.07,111.055,111.07,1110.0
2018-01-17 15:13:00,111.07,111.07,111.05,111.05,3000.0
2018-01-17 15:14:00,111.03,111.06,111.03,111.06,2100.0
2018-01-17 15:15:00,111.0,111.04,110.985,111.02,5100.0
2018-01-17 15:16:00,111.04,111.05,111.0,111.0,5600.0
2018-01-17 15:17:00,111.07,111.07,111.03,111.03,2900.0
2018-01-17 15:18:00,111.04,111.07,111.04,111.05,900.0
2018-01-17 15:19:00,110.99,111.03,110.99,111.03,1600.0
2018-01-17 15:20:00,110.93,110.97,110.92,110.97,2000.0
2018-01-17 15:21:00,110.94,110.9501,110.94,110.94,3172.0
2018-01-17 15:22:00,110.89,110.94,110.89,110.93,2700.0
2018-01-17 15:23:00,110.905,110.92,110.9,110.9,3515.0
2018-01-17 15:24:00,110.84,110.9025,110.81,110.9,13302.0
2018-01-17 15:25:00,110.852,110.852,110.79,110.82,12189.0
2018-01-17 15:26:00,110.82,110.85,110.78,110.84,7028.0
2018-01-17 15:27:00,110.92,110.92,110.81,110.81,4282.0
2018-01-17 15:28:00,111.06,111.06,110.92,110.92,9777.0
2018-01-17 15:29:00,111.06,111.06,111.03,111.06,3000.0
2018-01-17 15:30:00,110.98,111.03,110.98,111.03,7200.0
2018-01-17 15:31:00,111.03,111.03,110.99,110.99,5915.0
2018-01-17 15:32:00,110.99,111.03,110.98,111.02,5495.0
2018-01-17 15:33:00,110.99,111.01,110.98,111.01,2100.0
2018-01-17 15:34:00,111.01,111.03,110.99,111.0,5300.0
2018-01-17 15:35:00,110.995,111.02,110.98,111.01,5614.0
2018-01-17 15:36:00,110.98,111.03,110.98,111.0,7215.0
2018-01-17 15:37:00,111.02,111.02,110.97,110.97,7535.0
2018-01-17 15:38:00,111.06,111.06,111.01,111.01,3537.0
2018-01-17 15:39:00,111.075,111.08,111.05,111.06,8546.0
2018-01-17 15:40:00,110.98,111.08,110.96,111.08,13441.0
2018-01-17 15:41:00,111.03,111.03,110.98,110.99,10400.0
2018-01-17 15:42:00,111.01,111.02,111.01,111.02,3400.0
2018-01-17 15:43:00,111.0,111.01,110.99,111.01,10100.0
2018-01-17 15:44:00,110.94,111.0,110.94,111.0,3498.0
2018-01-17 15:45:00,110.93,110.9499,110.93,110.9442,3450.0
2018-01-17 15:46:00,110.95,110.96,110.93,110.95,9816.0
2018-01-17 15:47:00,110.99,110.9999,110.96,110.96,5300.0
2018-01-17 15:48:00,110.95,110.99,110.94,110.98,6589.0
2018-01-17 15:49:00,111.0,111.0,110.95,110.955,4807.0
2018-01-17 15:50:00,111.02,111.02,110.99,110.99,6040.0
2018-01-17 15:51:00,110.8,111.02,110.69,111.0,36575.0
2018-01-17 15:52:00,110.83,110.86,110.81,110.81,7375.0
2018-01-17 15:53:00,110.805,110.82,110.8,110.82,3620.0
2018-01-17 15:54:00,110.715,110.8,110.67,110.8,16446.0
2018-01-17 15:55:00,110.73,110.7464,110.72,110.72,13754.0
2018-01-17 15:56:00,110.6,110.74,110.57,110.74,26217.0
2018-01-17 15:57:00,110.6,110.62,110.57,110.6,26527.0
2018-01-17 15:58:00,110.6,110.68,110.6,110.62,17098.0
2018-01-17 15:59:00,110.67,110.7,110.61,110.61,17886.0
2018-01-17 16:00:00,110.8,110.8,110.67,110.7,42020.0
2018-01-18 09:30:00,110.99,110.99,110.99,110.99,3451.0
2018-01-18 09:32:00,110.39,110.39,110.39,110.39,229.0
2018-01-18 09:33:00,110.5,110.5,110.5,110.5,100.0
2018-01-18 09:34:00,110.285,110.48,110.14,110.29,3600.0
2018-01-18 09:35:00,110.46,110.46,110.2642,110.33,3130.0
2018-01-18 09:36:00,110.395,110.5399,110.15,110.35,39800.0
2018-01-18 09:37:00,110.82,110.88,110.46,110.46,3500.0
2018-01-18 09:38:00,110.72,110.89,110.72,110.765,1400.0
2018-01-18 09:39:00,110.87,110.93,110.78,110.78,2186.0
2018-01-18 09:40:00,110.84,110.91,110.76,110.91,4605.0
2018-01-18 09:41:00,110.72,110.825,110.69,110.8,3800.0
2018-01-18 09:42:00,110.8,110.88,110.74,110.74,4734.0
2018-01-18 09:43:00,110.81,110.86,110.81,110.86,200.0
2018-01-18 09:44:00,110.77,110.82,110.77,110.82,500.0
2018-01-18 09:45:00,110.9216,110.9216,110.81,110.81,200.0
2018-01-18 09:46:00,110.76,110.86,110.76,110.81,1900.0
2018-01-18 09:47:00,110.715,110.77,110.71,110.74,1800.0
2018-01-18 09:48:00,110.78,110.78,110.67,110.72,600.0
2018-01-18 09:49:00,110.97,110.97,110.75,110.8,8733.0
2018-01-18 09:50:00,111.0,111.08,110.9999,110.9999,1855.0
2018-01-18 09:51:00,111.09,111.09,111.01,111.05,1400.0
2018-01-18 09:52:00,111.0,111.1,111.0,111.09,1700.0
2018-01-18 09:53:00,110.88,111.0,110.88,111.0,1110.0
2018-01-18 09:54:00,110.86,110.86,110.86,110.86,100.0
2018-01-18 09:55:00,110.75,110.815,110.75,110.815,500.0
2018-01-18 09:56:00,110.805,110.805,110.75,110.75,1884.0
2018-01-18 09:57:00,110.805,110.87,110.77,110.8,3800.0
2018-01-18 09:58:00,110.91,111.03,110.78,110.78,11685.0
2018-01-18 09:59:00,111.03,111.09,110.91,110.955,5650.0
2018-01-18 10:00:00,110.995,111.1,110.99,111.02,2900.0
2018-01-18 10:01:00,111.03,111.03,110.995,110.995,3045.0
2018-01-18 10:02:00,111.06,111.1,111.06,111.06,900.0
2018-01-18 10:03:00,111.12,111.19,111.06,111.14,3227.0
2018-01-18 10:04:00,111.21,111.21,111.11,111.18,1737.0
2018-01-18 10:05:00,111.11,111.13,111.09,111.11,2512.0
2018-01-18 10:06:00,111.105,111.11,111.105,111.11,400.0
2018-01-18 10:07:00,111.01,111.095,111.01,111.08,2919.0
2018-01-18 10:08:00,110.77,111.035,110.77,111.01,10200.0
2018-01-18 10:09:00,110.79,110.86,110.78,110.82,6200.0
2018-01-18 10:10:00,110.655,110.77,110.655,110.76,1300.0
2018-01-18 10:11:00,110.68,110.68,110.64,110.64,500.0
2018-01-18 10:12:00,110.6,110.645,110.6,110.62,1800.0
2018-01-18 10:13:00,110.58,110.58,110.58,110.58,400.0
2018-01-18 10:14:00,110.65,110.65,110.53,110.58,2627.0
2018-01-18 10:15:00,110.6,110.66,110.59,110.65,2300.0
2018-01-18 10:16:00,110.595,110.62,110.551,110.6,3475.0
2018-01-18 10:17:00,110.58,110.59,110.58,110.59,1400.0
2018-01-18 10:18:00,110.46,110.59,110.46,110.55,4426.0
2018-01-18 10:19:00,110.49,110.52,110.425,110.425,3571.0
2018-01-18 10:20:00,110.51,110.51,110.51,110.51,300.0
2018-01-18 10:21:00,110.4,110.56,110.4,110.505,5391.0
2018-01-18 10:22:00,110.45,110.45,110.3865,110.4,2302.0
2018-01-18 10:23:00,110.48,110.48,110.435,110.435,200.0
2018-01-18 10:24:00,110.31,110.43,110.31,110.42,2530.0
2018-01-18 10:25:00,110.12,110.28,110.05,110.28,6300.0
2018-01-18 10:26:00,110.13,110.13,110.125,110.125,200.0
2018-01-18 10:27:00,110.075,110.13,110.05,110.13,1250.0
2018-01-18 10:28:00,110.03,110.07,110.02,110.07,2200.0
2018-01-18 10:29:00,110.135,110.17,110.08,110.08,1500.0
2018-01-18 10:30:00,110.14,110.1544,110.135,110.135,2247.0
2018-01-18 10:31:00,110.1124,110.27,110.1,110.19,9740.0
2018-01-18 10:32:00,110.13,110.19,110.08,110.18,9003.0
2018-01-18 10:33:00,110.08,110.19,110.08,110.16,4791.0
2018-01-18 10:34:00,110.08,110.16,110.07,110.12,1600.0
2018-01-18 10:35:00,110.19,110.19,110.116,110.116,460.0
2018-01-18 10:36:00,110.14,110.19,110.14,110.14,400.0
2018-01-18 10:37:00,110.135,110.135,110.09,110.09,200.0
2018-01-18 10:38:00,110.12,110.16,110.09,110.135,600.0
2018-01-18 10:39:00,110.025,110.12,109.94,110.12,3800.0
2018-01-18 10:40:00,110.17,110.17,110.025,110.025,2600.0
2018-01-18 10:41:00,110.12,110.14,110.1,110.11,1544.0
2018-01-18 10:42:00,110.25,110.25,110.14,110.14,417.0
2018-01-18 10:43:00,110.23200000000001,110.25,110.23200000000001,110.25,200.0
2018-01-18 10:44:00,110.37,110.4,110.27,110.27,2200.0
2018-01-18 10:45:00,110.39,110.43,110.35,110.35,2300.0
2018-01-18 10:46:00,110.36,110.3825,110.36,110.37,1700.0
2018-01-18 10:47:00,110.34,110.375,110.31,110.375,1806.0
2018-01-18 10:48:00,110.45,110.45,110.35,110.35,1200.0
2018-01-18 10:49:00,110.42,110.445,110.4,110.43,1200.0
2018-01-18 10:50:00,110.4,110.4,110.39,110.39,200.0
2018-01-18 10:51:00,110.43,110.45,110.41,110.41,1500.0
2018-01-18 10:52:00,110.34,110.41,110.31,110.41,4668.0
2018-01-18 10:53:00,110.38,110.38,110.36,110.37,1900.0
2018-01-18 10:54:00,110.5325,110.5325,110.4,110.42,4000.0
2018-01-18 10:55:00,110.51,110.57,110.51,110.57,300.0
2018-01-18 10:56:00,110.53,110.57,110.49,110.57,1500.0
2018-01-18 10:57:00,110.51,110.6,110.51,110.56,1400.0
2018-01-18 10:58:00,110.505,110.55,110.5,110.54,4800.0
2018-01-18 10:59:00,110.545,110.5525,110.51,110.51,4000.0
2018-01-18 11:00:00,110.45,110.57,110.43,110.57,5945.0
2018-01-18 11:01:00,110.575,110.58,110.49,110.49,2510.0
2018-01-18 11:02:00,110.605,110.65,110.58,110.58,1900.0
2018-01-18 11:03:00,110.645,110.67,110.61,110.61,1000.0
2018-01-18 11:04:00,110.63,110.66,110.595,110.64,1600.0
2018-01-18 11:05:00,110.7,110.72,110.65,110.65,1600.0
2018-01-18 11:06:00,110.67,110.775,110.67,110.775,1500.0
2018-01-18 11:07:00,110.69,110.72,110.69,110.71,1000.0
2018-01-18 11:08:00,110.67,110.67,110.64,110.67,1587.0
2018-01-18 11:09:00,110.7,110.7,110.68,110.68,400.0
2018-01-18 11:10:00,110.665,110.67,110.66,110.66,900.0
2018-01-18 11:11:00,110.63,110.66,110.63,110.66,200.0
2018-01-18 11:12:00,110.62,110.661,110.62,110.661,200.0
2018-01-18 11:13:00,110.65,110.65,110.62,110.62,200.0
2018-01-18 11:14:00,110.62,110.62,110.62,110.62,100.0
2018-01-18 11:15:00,110.66,110.66,110.63,110.63,2600.0
2018-01-18 11:16:00,110.73,110.73,110.66,110.66,3400.0
2018-01-18 11:17:00,110.67,110.73,110.635,110.73,6700.0
2018-01-18 11:18:00,110.72,110.72,110.645,110.645,4700.0
2018-01-18 11:19:00,110.76,110.76,110.7,110.71,3961.0
2018-01-18 11:20:00,110.75,110.79,110.75,110.77,700.0
2018-01-18 11:21:00,110.71,110.765,110.71,110.765,2772.0
2018-01-18 11:22:00,110.66,110.715,110.66,110.715,2200.0
2018-01-18 11:23:00,110.62,110.69,110.59,110.68,2952.0
2018-01-18 11:24:00,110.66,110.67,110.58,110.605,6635.0
2018-01-18 11:25:00,110.57,110.69,110.57,110.68,1804.0
2018-01-18 11:26:00,110.56,110.62,110.55,110.55,1131.0
2018-01-18 11:27:00,110.55,110.55,110.48,110.52,2392.0
2018-01-18 11:28:00,110.64,110.64,110.54,110.54,1100.0
2018-01-18 11:29:00,110.6,110.64,110.59,110.61,4337.0
2018-01-18 11:30:00,110.64,110.65,110.63,110.63,2100.0
2018-01-18 11:31:00,110.645,110.685,110.64,110.66,3900.0
2018-01-18 11:32:00,110.66,110.66,110.62,110.635,1700.0
2018-01-18 11:33:00,110.66,110.67,110.64,110.64,600.0
2018-01-18 11:34:00,110.77,110.77,110.68,110.69,2326.0
2018-01-18 11:35:00,110.81,110.83,110.77,110.77,2800.0
2018-01-18 11:36:00,110.85,110.87,110.8346,110.84,1250.0
2018-01-18 11:37:00,110.76,110.85,110.76,110.85,3088.0
2018-01-18 11:38:00,110.79,110.8,110.76,110.76,1557.0
2018-01-18 11:39:00,110.815,110.815,110.81,110.81,300.0
2018-01-18 11:40:00,110.86,110.86,110.8,110.8,400.0
2018-01-18 11:41:00,110.81,110.86,110.81,110.86,1900.0
2018-01-18 11:42:00,110.83,110.85,110.81,110.81,2121.0
2018-01-18 11:43:00,110.87,110.87,110.825,110.83,1167.0
2018-01-18 11:44:00,110.85,110.88,110.84,110.86,3500.0
2018-01-18 11:45:00,110.9,110.94,110.83,110.87,5100.0
2018-01-18 11:46:00,110.91,110.91,110.87,110.885,700.0
2018-01-18 11:47:00,110.96,110.96,110.885,110.885,1000.0
2018-01-18 11:48:00,111.005,111.03,110.97,110.97,900.0
2018-01-18 11:49:00,111.05,111.08,110.99,110.99,3785.0
2018-01-18 11:50:00,111.05,111.08,111.0,111.02,2400.0
2018-01-18 11:51:00,111.055,111.06,111.01,111.03,1400.0
2018-01-18 11:52:00,111.04,111.08,111.04,111.07,700.0
2018-01-18 11:53:00,111.115,111.14,111.08,111.08,700.0
2018-01-18 11:54:00,111.12,111.15,111.115,111.13,1500.0
2018-01-18 11:55:00,111.18,111.18,111.14,111.15,600.0
2018-01-18 11:56:00,111.15,111.18,111.15,111.16,400.0
2018-01-18 11:57:00,111.25,111.28,111.18,111.18,1600.0
2018-01-18 11:58:00,111.22,111.32,111.22,111.25,9124.0
2018-01-18 11:59:00,111.23,111.25,111.21,111.21,1300.0
2018-01-18 12:00:00,111.275,111.28,111.19,111.22,4200.0
2018-01-18 12:01:00,111.25,111.31,111.24,111.27,7800.0
2018-01-18 12:02:00,111.19,111.24,111.07,111.22,6821.0
2018-01-18 12:03:00,111.2,111.22,111.2,111.22,1074.0
2018-01-18 12:04:00,111.249,111.249,111.2,111.2,900.0
2018-01-18 12:05:00,111.2,111.2,111.2,111.2,300.0
2018-01-18 12:06:00,111.27,111.27,111.19,111.22,4850.0
2018-01-18 12:07:00,111.3,111.3,111.235,111.27,11490.0
2018-01-18 12:08:00,111.3,111.32,111.275,111.3,8100.0
2018-01-18 12:09:00,111.23,111.28,111.23,111.28,3450.0
2018-01-18 12:10:00,111.19,111.23,111.19,111.23,2306.0
2018-01-18 12:11:00,111.17,111.17,111.17,111.17,100.0
2018-01-18 12:13:00,111.12,111.18,111.09,111.17,3300.0
2018-01-18 12:14:00,111.14,111.14,111.12,111.12,2517.0
2018-01-18 12:15:00,111.17,111.17,111.15,111.15,200.0
2018-01-18 12:16:00,111.18,111.2,111.17,111.17,600.0
2018-01-18 12:17:00,111.15,111.16,111.14,111.16,800.0
2018-01-18 12:18:00,111.1,111.13,111.1,111.13,1200.0
2018-01-18 12:19:00,111.1,111.14,111.09,111.13,1280.0
2018-01-18 12:20:00,111.15,111.17,111.1,111.1,2300.0
2018-01-18 12:21:00,111.2,111.2,111.19,111.19,500.0
2018-01-18 12:22:00,111.25,111.25,111.16,111.16,3758.0
2018-01-18 12:23:00,111.18,111.21,111.18,111.21,1929.0
2018-01-18 12:24:00,111.21,111.21,111.19,111.19,2795.0
2018-01-18 12:25:00,111.23,111.23,111.2,111.2,600.0
2018-01-18 12:26:00,111.17,111.22,111.17,111.18,1300.0
2018-01-18 12:27:00,111.22,111.24,111.2,111.23,600.0
2018-01-18 12:28:00,111.19,111.25,111.19,111.22,1100.0
2018-01-18 12:29:00,111.2,111.22,111.17,111.22,1360.0
2018-01-18 12:30:00,111.28,111.28,111.2,111.22,4284.0
2018-01-18 12:31:00,111.295,111.38,111.28,111.28,4213.0
2018-01-18 12:32:00,111.27,111.32,111.27,111.32,1400.0
2018-01-18 12:33:00,111.2,111.26,111.2,111.26,6122.0
2018-01-18 12:34:00,111.24,111.27,111.2,111.21,3300.0
2018-01-18 12:35:00,111.3,111.3,111.28,111.28,607.0
2018-01-18 12:36:00,111.31,111.31,111.26,111.26,3784.0
2018-01-18 12:37:00,111.39,111.39,111.325,111.33,2602.0
2018-01-18 12:38:00,111.35,111.46,111.35,111.45,5200.0
2018-01-18 12:39:00,111.42,111.43,111.34,111.34,3600.0
2018-01-18 12:40:00,111.33,111.49,111.26,111.44,6501.0
2018-01-18 12:41:00,111.38,111.4,111.33,111.35,2024.0
2018-01-18 12:42:00,111.44,111.44,111.39,111.39,1100.0
2018-01-18 12:43:00,111.33,111.4,111.33,111.4,2700.0
2018-01-18 12:44:00,111.329,111.355,111.31,111.355,500.0
2018-01-18 12:45:00,111.37,111.37,111.29,111.29,9513.0
2018-01-18 12:46:00,111.35,111.4,111.35,111.4,2300.0
2018-01-18 12:47:00,111.36,111.36,111.28,111.33,10300.0
2018-01-18 12:48:00,111.31,111.35,111.19,111.35,5706.0
2018-01-18 12:49:00,111.22,111.31,111.19,111.29,7880.0
2018-01-18 12:50:00,111.29,111.32,111.25,111.25,4529.0
2018-01-18 12:51:00,111.23,111.31,111.23,111.31,5601.0
2018-01-18 12:52:00,111.295,111.30799999999999,111.19,111.23,8022.0
2018-01-18 12:53:00,111.38,111.41,111.33,111.33,2630.0
2018-01-18 12:54:00,111.34,111.39,111.33,111.38,4820.0
2018-01-18 12:55:00,111.35,111.35,111.32,111.32,2400.0
2018-01-18 12:56:00,111.39,111.39,111.3201,111.33,7983.0
2018-01-18 12:57:00,111.37,111.37,111.345,111.37,1000.0
2018-01-18 12:58:00,111.37,111.37,111.33,111.37,602.0
2018-01-18 12:59:00,111.3899,111.3899,111.33,111.35,515.0
2018-01-18 13:00:00,111.12,111.33,111.12,111.33,3600.0
2018-01-18 13:01:00,111.2,111.22,111.18,111.18,1282.0
2018-01-18 13:02:00,111.22,111.22,111.22,111.22,100.0
2018-01-18 13:03:00,111.19,111.19,111.19,111.19,200.0
2018-01-18 13:04:00,111.28,111.28,111.2,111.22,2398.0
2018-01-18 13:05:00,111.31,111.31,111.285,111.29,926.0
2018-01-18 13:06:00,111.265,111.345,111.26,111.305,2700.0
2018-01-18 13:07:00,111.325,111.33,111.29,111.29,1500.0
2018-01-18 13:08:00,111.27,111.28,111.27,111.27,300.0
2018-01-18 13:09:00,111.29,111.29,111.265,111.265,300.0
2018-01-18 13:10:00,111.27,111.3,111.24,111.24,400.0
2018-01-18 13:11:00,111.45,111.45,111.3,111.3,2433.0
2018-01-18 13:12:00,111.43,111.51,111.41,111.5,3100.0
2018-01-18 13:13:00,111.47,111.47,111.46,111.46,400.0
2018-01-18 13:14:00,111.5,111.5,111.5,111.5,200.0
2018-01-18 13:15:00,111.53,111.57,111.53,111.56,800.0
2018-01-18 13:16:00,111.57,111.57,111.555,111.555,200.0
2018-01-18 13:17:00,111.5,111.52,111.5,111.51,1400.0
2018-01-18 13:18:00,111.505,111.505,111.47,111.47,1200.0
2018-01-18 13:19:00,111.47,111.48,111.47,111.48,800.0
2018-01-18 13:20:00,111.46,111.48,111.44,111.44,3111.0
2018-01-18 13:21:00,111.48,111.48,111.46,111.46,1500.0
2018-01-18 13:22:00,111.39,111.49,111.39,111.46,6928.0
2018-01-18 13:23:00,111.34,111.39,111.34,111.39,700.0
2018-01-18 13:24:00,111.389,111.4,111.34,111.34,1412.0
2018-01-18 13:25:00,111.43,111.43,111.38,111.42,700.0
2018-01-18 13:26:00,111.39,111.415,111.39,111.4,900.0
2018-01-18 13:27:00,111.415,111.415,111.39,111.39,200.0
2018-01-18 13:28:00,111.33,111.39,111.33,111.39,4154.0
2018-01-18 13:29:00,111.39,111.4,111.33,111.33,3616.0
2018-01-18 13:30:00,111.35,111.38,111.34,111.38,4800.0
2018-01-18 13:31:00,111.32,111.36,111.31,111.36,4100.0
2018-01-18 13:32:00,111.31,111.35,111.31,111.35,3375.0
2018-01-18 13:33:00,111.3,111.31,111.3,111.31,1000.0
2018-01-18 13:34:00,111.26,111.31,111.26,111.295,3935.0
2018-01-18 13:35:00,111.21,111.25,111.21,111.25,1700.0
2018-01-18 13:36:00,111.19,111.26,111.17,111.19,5080.0
2018-01-18 13:37:00,111.2,111.2,111.2,111.2,300.0
2018-01-18 13:38:00,111.22,111.24,111.19,111.22,2900.0
2018-01-18 13:39:00,111.25,111.27,111.21,111.21,1300.0
2018-01-18 13:40:00,111.26,111.27,111.24,111.25,900.0
2018-01-18 13:41:00,111.285,111.29,111.24,111.25,1300.0
2018-01-18 13:42:00,111.25,111.29,111.24,111.285,4088.0
2018-01-18 13:43:00,111.27,111.27,111.24,111.24,200.0
2018-01-18 13:44:00,111.25,111.26,111.24,111.25,1900.0
2018-01-18 13:45:00,111.21,111.24,111.2,111.24,2800.0
2018-01-18 13:46:00,111.18,111.19,111.18,111.19,1000.0
2018-01-18 13:47:00,111.23,111.23,111.15,111.18,4411.0
2018-01-18 13:48:00,111.255,111.28,111.23,111.25,1800.0
2018-01-18 13:49:00,111.21,111.27,111.21,111.24,1404.0
2018-01-18 13:50:00,111.22,111.27,111.22,111.25,1800.0
2018-01-18 13:51:00,111.2,111.225,111.19,111.2199,3421.0
2018-01-18 13:52:00,111.15,111.215,111.15,111.215,2300.0
2018-01-18 13:53:00,111.1699,111.1699,111.13,111.13,1700.0
2018-01-18 13:54:00,111.165,111.18,111.13,111.13,2500.0
2018-01-18 13:55:00,111.13,111.16,111.13,111.16,200.0
2018-01-18 13:56:00,111.16,111.18,111.11,111.18,2500.0
2018-01-18 13:57:00,111.28,111.29,111.15,111.16,3350.0
2018-01-18 13:58:00,111.28,111.315,111.2675,111.29,5258.0
2018-01-18 13:59:00,111.26,111.3,111.26,111.28,2402.0
2018-01-18 14:00:00,111.25,111.27,111.23,111.27,2400.0
2018-01-18 14:01:00,111.56,111.56,111.265,111.265,2700.0
2018-01-18 14:02:00,111.51,111.56,111.48,111.545,6500.0
2018-01-18 14:03:00,111.59,111.66,111.49,111.51,7399.0
2018-01-18 14:04:00,111.71,111.71,111.59,111.62,3926.0
2018-01-18 14:05:00,111.67,111.715,111.67,111.69,2200.0
2018-01-18 14:06:00,111.61,111.66,111.57,111.66,3257.0
2018-01-18 14:07:00,111.6,111.63,111.6,111.61,600.0
2018-01-18 14:08:00,111.565,111.61,111.54,111.59,2600.0
2018-01-18 14:09:00,111.71,111.75,111.565,111.59,7223.0
2018-01-18 14:10:00,111.77,111.86,111.76,111.77,2100.0
2018-01-18 14:11:00,111.73,111.79,111.73,111.76,4081.0
2018-01-18 14:12:00,111.765,111.78,111.74,111.745,3597.0
2018-01-18 14:13:00,111.765,111.765,111.765,111.765,100.0
2018-01-18 14:14:00,111.78,111.79,111.75,111.75,800.0
2018-01-18 14:15:00,111.76,111.79,111.72,111.76,3706.0
2018-01-18 14:16:00,111.77,111.79,111.765,111.765,2400.0
2018-01-18 14:17:00,111.7855,111.8,111.7604,111.78,8142.0
2018-01-18 14:18:00,111.77,111.79,111.75,111.79,3885.0
2018-01-18 14:19:00,111.765,111.765,111.765,111.765,300.0
2018-01-18 14:20:00,111.56,111.75,111.53,111.75,19191.0
2018-01-18 14:21:00,111.43,111.52,111.31,111.52,8457.0
2018-01-18 14:22:00,111.45,111.49,111.42,111.46,1500.0
2018-01-18 14:23:00,111.45,111.4564,111.411,111.411,920.0
2018-01-18 14:24:00,111.41,111.44,111.39,111.44,1275.0
2018-01-18 14:25:00,111.41,111.45,111.41,111.41,1800.0
2018-01-18 14:26:00,111.5,111.53,111.42,111.45,6130.0
2018-01-18 14:27:00,111.42,111.5,111.37,111.5,4700.0
2018-01-18 14:28:00,111.14,111.3975,111.14,111.395,195803.0
2018-01-18 14:29:00,111.02,111.2,111.02,111.19,13810.0
2018-01-18 14:30:00,111.15,111.15,111.06,111.09,2000.0
2018-01-18 14:31:00,111.155,111.16,111.135,111.15,122600.0
2018-01-18 14:32:00,111.175,111.19,111.12,111.155,10100.0
2018-01-18 14:33:00,111.24,111.24,111.16,111.175,2400.0
2018-01-18 14:34:00,111.335,111.35,111.24,111.25,3525.0
2018-01-18 14:35:00,111.3,111.3451,111.2801,111.32,3009.0
2018-01-18 14:36:00,111.395,111.4,111.31,111.32,2500.0
2018-01-18 14:37:00,111.47,111.47,111.415,111.432,1500.0
2018-01-18 14:38:00,111.47,111.475,111.47,111.475,600.0
2018-01-18 14:39:00,111.48,111.51,111.43,111.5,6300.0
2018-01-18 14:40:00,111.475,111.475,111.475,111.475,200.0
2018-01-18 14:41:00,111.45,111.48,111.44,111.475,2000.0
2018-01-18 14:42:00,111.41,111.44,111.4,111.44,900.0
2018-01-18 14:43:00,111.43,111.43,111.37,111.39,4482.0
2018-01-18 14:44:00,111.335,111.44,111.32,111.44,3729.0
2018-01-18 14:45:00,111.34,111.34,111.31,111.3204,645.0
2018-01-18 14:46:00,111.265,111.28,111.26,111.28,1400.0
2018-01-18 14:47:00,111.275,111.31,111.24,111.27,4298.0
2018-01-18 14:48:00,111.29,111.33,111.27,111.305,2900.0
2018-01-18 14:49:00,111.33,111.39,111.29,111.29,5102.0
2018-01-18 14:50:00,111.28,111.325,111.22,111.29,2081.0
2018-01-18 14:51:00,111.27,111.31,111.24,111.28,2400.0
2018-01-18 14:52:00,111.3,111.31,111.275,111.3,1000.0
2018-01-18 14:53:00,111.26,111.3,111.25,111.25,1800.0
2018-01-18 14:54:00,111.27,111.27,111.21,111.24,3700.0
2018-01-18 14:55:00,111.155,111.27,111.12,111.255,13520.0
2018-01-18 14:56:00,111.14,111.19,111.12,111.155,1000.0
2018-01-18 14:57:00,111.14,111.15700000000001,111.12,111.15,800.0
2018-01-18 14:58:00,111.12,111.13,111.1,111.1,600.0
2018-01-18 14:59:00,111.22,111.22,111.14,111.14,5055.0
2018-01-18 15:00:00,111.22,111.25,111.19,111.19,2600.0
2018-01-18 15:01:00,111.15,111.225,111.15,111.225,2500.0
2018-01-18 15:02:00,111.21,111.215,111.16,111.16,3850.0
2018-01-18 15:03:00,111.16,111.2,111.15,111.1509,2526.0
2018-01-18 15:04:00,111.115,111.16,111.03,111.16,3975.0
2018-01-18 15:05:00,111.15,111.16,111.1,111.12,900.0
2018-01-18 15:06:00,111.1526,111.16,111.13,111.13,1900.0
2018-01-18 15:07:00,111.12,111.16,111.1,111.16,85048.0
2018-01-18 15:08:00,111.15899999999999,111.17,111.11,111.13,4493.0
2018-01-18 15:09:00,111.13,111.15,111.12,111.14,3705.0
2018-01-18 15:10:00,111.1,111.14,111.08,111.135,5400.0
2018-01-18 15:11:00,111.045,111.11,111.0,111.11,2350.0
2018-01-18 15:12:00,111.05,111.06,111.015,111.05,6446.0
2018-01-18 15:13:00,111.0583,111.09,111.0393,111.045,4858.0
2018-01-18 15:14:00,111.05,111.1,111.05,111.06,1000.0
2018-01-18 15:15:00,111.21,111.21,111.07,111.1,3826.0
2018-01-18 15:16:00,111.18,111.21,111.17,111.19,3610.0
2018-01-18 15:17:00,111.16,111.19,111.14,111.175,3300.0
2018-01-18 15:18:00,111.175,111.2,111.16,111.16,1200.0
2018-01-18 15:19:00,111.22,111.22,111.16,111.18,4110.0
2018-01-18 15:20:00,111.425,111.43,111.19,111.19,4921.0
2018-01-18 15:21:00,111.29,111.425,111.29,111.425,6085.0
2018-01-18 15:22:00,111.28,111.32,111.26,111.32,2200.0
2018-01-18 15:23:00,111.175,111.245,111.175,111.245,2300.0
2018-01-18 15:24:00,111.16,111.2,111.15,111.175,3701.0
2018-01-18 15:25:00,111.19,111.21,111.15,111.21,2922.0
2018-01-18 15:26:00,111.19,111.21,111.19,111.21,1098.0
2018-01-18 15:27:00,111.17,111.18,111.15,111.17,1400.0
2018-01-18 15:28:00,111.14,111.18,111.12,111.15,6199.0
2018-01-18 15:29:00,111.14,111.17,111.12,111.12,3000.0
2018-01-18 15:30:00,111.1,111.14,111.1,111.14,2434.0
2018-01-18 15:31:00,111.04,111.12,111.02,111.1,28000.0
2018-01-18 15:32:00,111.03,111.04,111.01,111.03,5200.0
2018-01-18 15:33:00,111.01,111.04,111.0,111.03,6668.0
2018-01-18 15:34:00,110.98,111.05,110.91,111.01,6375.0
2018-01-18 15:35:00,111.03,111.03,110.98,110.98,3326.0
2018-01-18 15:36:00,111.03,111.06,111.02,111.045,5139.0
2018-01-18 15:37:00,110.99,111.04,110.99,111.03,30011.0
2018-01-18 15:38:00,111.07,111.07,110.99,111.0,7592.0
2018-01-18 15:39:00,110.99,111.07,110.93,111.07,37881.0
2018-01-18 15:40:00,111.0,111.0,110.95,110.95,7249.0
2018-01-18 15:41:00,111.11,111.11,111.0,111.0,3100.0
2018-01-18 15:42:00,111.15,111.2,111.14,111.2,1500.0
2018-01-18 15:43:00,111.13,111.22,111.13,111.19,7092.0
2018-01-18 15:44:00,111.16,111.19,111.12,111.16,69110.0
2018-01-18 15:45:00,111.05,111.18,110.99,111.16,10638.0
2018-01-18 15:46:00,111.12,111.16,111.035,111.035,7473.0
2018-01-18 15:47:00,111.32,111.32,111.1,111.1,14702.0
2018-01-18 15:48:00,111.36,111.38,111.32,111.32,4017.0
2018-01-18 15:49:00,111.32799999999999,111.35,111.21,111.33,11088.0
2018-01-18 15:50:00,111.24,111.33,111.2,111.32,18072.0
2018-01-18 15:51:00,111.315,111.33,111.24,111.24,8410.0
2018-01-18 15:52:00,111.43,111.44,111.31,111.315,8091.0
2018-01-18 15:53:00,111.49,111.52,111.39,111.43,27038.0
2018-01-18 15:54:00,111.39,111.51,111.39,111.5,11825.0
2018-01-18 15:55:00,111.41,111.45,111.34,111.38,21710.0
2018-01-18 15:56:00,111.42,111.45,111.4,111.45,30019.0
2018-01-18 15:57:00,111.52,111.52,111.42,111.425,12296.0
2018-01-18 15:58:00,111.55,111.595,111.5,111.51,35488.0
2018-01-18 15:59:00,111.505,111.56,111.5,111.56,19778.0
2018-01-18 16:00:00,111.5,111.52,111.49,111.5,49113.0
2018-01-19 09:30:00,108.74,108.74,108.68,108.68,4912.0
2018-01-19 09:31:00,108.7,108.74,108.69,108.74,330.0
2018-01-19 09:32:00,108.79,108.79,108.53,108.68,765.0
2018-01-19 09:33:00,109.24,109.45,108.87,109.16,66972.0
2018-01-19 09:34:00,110.81,111.07,109.04,109.04,26996.0
2018-01-19 09:35:00,110.545,110.86,109.3,110.81,15624.0
2018-01-19 09:36:00,110.38,110.55,110.145,110.545,3723.0
2018-01-19 09:37:00,109.59,110.165,109.45,110.07,9072.0
2018-01-19 09:38:00,109.45,109.74,109.45,109.46,1100.0
2018-01-19 09:39:00,108.65,109.7,108.45,109.7,8822.0
2018-01-19 09:40:00,108.49,108.785,108.43,108.6495,13796.0
2018-01-19 09:41:00,108.72,108.72,108.12,108.49,17719.0
2018-01-19 09:42:00,108.48,109.0,108.38,108.53,17310.0
2018-01-19 09:43:00,108.77,109.01,108.2925,108.47,22410.0
2018-01-19 09:44:00,108.75,109.0,108.7,108.84,6367.0
2018-01-19 09:45:00,108.79,108.855,108.51,108.76,8892.0
2018-01-19 09:46:00,108.72,108.87,108.69,108.78,11798.0
2018-01-19 09:47:00,108.73,108.7757,108.69,108.7757,2600.0
2018-01-19 09:48:00,108.3047,108.78,108.3047,108.78,8179.0
2018-01-19 09:49:00,108.21,108.5644,108.21,108.36,8950.0
2018-01-19 09:50:00,108.29,108.29,107.9,108.22,15012.0
2018-01-19 09:51:00,108.41,108.7,108.04,108.35,16779.0
2018-01-19 09:52:00,108.34,108.4446,108.34,108.4,5590.0
2018-01-19 09:53:00,108.27,108.38,108.18,108.38,7321.0
2018-01-19 09:54:00,107.91,108.3,107.86,108.28,15261.0
2018-01-19 09:55:00,108.37,108.37,108.0,108.01,3844.0
2018-01-19 09:56:00,108.3188,108.47,108.29,108.325,7000.0
2018-01-19 09:57:00,108.125,108.3655,108.03,108.3655,9090.0
2018-01-19 09:58:00,108.2375,108.2375,108.14,108.14,3694.0
2018-01-19 09:59:00,108.605,108.605,108.285,108.285,4049.0
2018-01-19 10:00:00,108.69,108.7,108.53,108.615,11200.0
2018-01-19 10:01:00,108.73,108.87,108.23,108.7,11905.0
2018-01-19 10:02:00,108.575,108.79,108.5005,108.76,6850.0
2018-01-19 10:03:00,108.45,108.58,108.435,108.5675,9600.0
2018-01-19 10:04:00,108.07,108.45,108.07,108.45,7915.0
2018-01-19 10:05:00,107.9065,108.04,107.77,108.02,8989.0
2018-01-19 10:06:00,107.65,108.0156,107.64,107.8,13460.0
2018-01-19 10:07:00,107.7047,107.75,107.56,107.7,6274.0
2018-01-19 10:08:00,107.6983,107.75,107.54,107.59,8756.0
2018-01-19 10:09:00,107.25,107.655,107.04,107.655,15723.0
2018-01-19 10:10:00,107.37,107.44,107.22,107.34,16770.0
2018-01-19 10:11:00,107.09,107.41,107.09,107.365,5600.0
2018-01-19 10:12:00,107.4,107.4,107.0,107.04,36834.0
2018-01-19 10:13:00,107.5364,107.57,107.3,107.355,5100.0
2018-01-19 10:14:00,107.44,107.49,107.22,107.49,9750.0
2018-01-19 10:15:00,107.01,107.3667,107.01,107.365,4632.0
2018-01-19 10:16:00,107.15,107.16,106.96,107.13,14995.0
2018-01-19 10:17:00,107.32,107.32,107.11,107.11,6950.0
2018-01-19 10:18:00,107.55,107.55,107.16,107.32,8800.0
2018-01-19 10:19:00,107.93,107.93,107.569,107.569,10410.0
2018-01-19 10:20:00,108.0,108.0,107.78,107.86,16252.0
2018-01-19 10:21:00,108.0,108.15,107.99,108.075,2700.0
2018-01-19 10:22:00,108.35,108.35,108.06,108.06,8811.0
2018-01-19 10:23:00,108.13,108.302,108.01,108.28,8421.0
2018-01-19 10:24:00,108.17,108.22,108.07,108.12,4440.0
2018-01-19 10:25:00,108.305,108.33,108.15,108.17,12020.0
2018-01-19 10:26:00,108.4,108.4536,108.2575,108.28,7848.0
2018-01-19 10:27:00,108.31,108.41,108.3,108.3395,3580.0
2018-01-19 10:28:00,108.3275,108.4,108.275,108.4,1020.0
2018-01-19 10:29:00,108.41,108.43,108.325,108.325,2900.0
2018-01-19 10:30:00,108.34,108.43,108.34,108.35,2480.0
2018-01-19 10:31:00,108.39,108.4457,108.39,108.43,2500.0
2018-01-19 10:32:00,108.5015,108.5015,108.42,108.44,4800.0
2018-01-19 10:33:00,108.48,108.51,108.4,108.51,14153.0
2018-01-19 10:34:00,108.29,108.48,108.25,108.48,6242.0
2018-01-19 10:35:00,108.14,108.22,108.1,108.11,1593.0
2018-01-19 10:36:00,108.17,108.17,108.145,108.145,1974.0
2018-01-19 10:37:00,107.8952,108.27,107.83,108.17,11405.0
2018-01-19 10:38:00,107.95,107.95,107.95,107.95,225.0
2018-01-19 10:39:00,107.78,107.9,107.78,107.9,1387.0
2018-01-19 10:40:00,108.03,108.03,107.72,107.775,3140.0
2018-01-19 10:41:00,107.9,108.01,107.87,108.01,2090.0
2018-01-19 10:42:00,107.82,107.99,107.82,107.8701,4670.0
2018-01-19 10:43:00,108.02,108.06,107.815,107.815,3516.0
2018-01-19 10:44:00,108.0,108.005,107.9,108.005,3840.0
2018-01-19 10:45:00,108.14,108.14,107.975,107.975,4329.0
2018-01-19 10:46:00,108.03,108.15,108.03,108.15,2500.0
2018-01-19 10:47:00,107.96,108.01,107.91,107.98,1324.0
2018-01-19 10:48:00,108.2,108.27,108.01,108.01,3700.0
2018-01-19 10:49:00,108.23,108.27,108.12,108.125,12665.0
2018-01-19 10:50:00,108.355,108.46,108.2221,108.2221,3846.0
2018-01-19 10:51:00,108.345,108.39,108.345,108.345,1300.0
2018-01-19 10:52:00,108.52,108.52,108.39,108.39,4231.0
2018-01-19 10:53:00,108.79,108.93,108.5849,108.5849,9088.0
2018-01-19 10:54:00,108.655,108.67,108.6013,108.67,400.0
2018-01-19 10:55:00,108.84,108.85,108.65,108.65,2400.0
2018-01-19 10:56:00,108.67,108.89,108.66,108.889,3040.0
2018-01-19 10:57:00,108.74,108.74,108.55,108.605,1736.0
2018-01-19 10:58:00,108.69,108.7,108.69,108.7,600.0
2018-01-19 10:59:00,108.61,108.67,108.551,108.67,5774.0
2018-01-19 11:00:00,108.76,108.76,108.61,108.61,1900.0
2018-01-19 11:01:00,108.74600000000001,108.74600000000001,108.65100000000001,108.65100000000001,6840.0
2018-01-19 11:02:00,108.87,108.91,108.695,108.72,4686.0
2018-01-19 11:03:00,109.14,109.275,108.87,108.87,6607.0
2018-01-19 11:04:00,109.03,109.189,108.8822,109.1,14422.0
2018-01-19 11:05:00,109.01,109.06,108.97,109.02,1718.0
2018-01-19 11:06:00,109.02,109.19,108.93,109.0,7110.0
2018-01-19 11:07:00,109.03,109.06,108.965,108.965,1880.0
2018-01-19 11:08:00,109.07,109.08,108.99,109.03,4200.0
2018-01-19 11:09:00,109.13,109.21,109.055,109.055,4727.0
2018-01-19 11:10:00,109.2404,109.28,109.13,109.14,4600.0
2018-01-19 11:11:00,109.41,109.41,109.28,109.28,4859.0
2018-01-19 11:12:00,109.38,109.39,109.35,109.39,1100.0
2018-01-19 11:13:00,109.37,109.37,109.226,109.35,9238.0
2018-01-19 11:14:00,109.33,109.33,109.22,109.24,4000.0
2018-01-19 11:15:00,109.36,109.36,109.265,109.265,2905.0
2018-01-19 11:16:00,109.38,109.4,109.29,109.29,2598.0
2018-01-19 11:17:00,109.34,109.39,109.305,109.38,3795.0
2018-01-19 11:18:00,109.2,109.34,109.2,109.3,1885.0
2018-01-19 11:19:00,109.3399,109.3399,109.215,109.215,2647.0
2018-01-19 11:20:00,109.55,109.57,109.315,109.32,3820.0
2018-01-19 11:21:00,109.5,109.54,109.4831,109.5,4700.0
2018-01-19 11:22:00,109.55,109.55,109.45,109.5,3869.0
2018-01-19 11:23:00,109.62,109.62,109.5379,109.5379,1300.0
2018-01-19 11:24:00,109.67,109.67,109.51100000000001,109.585,2350.0
2018-01-19 11:25:00,109.58,109.71,109.555,109.67,8595.0
2018-01-19 11:26:00,109.61,109.61,109.58,109.58,400.0
2018-01-19 11:27:00,109.65,109.72,109.6,109.6,3400.0
2018-01-19 11:28:00,109.89,110.03,109.65,109.67,5102.0
2018-01-19 11:29:00,109.76,109.96,109.76,109.868,9638.0
2018-01-19 11:30:00,109.71,109.8012,109.71,109.8,1700.0
2018-01-19 11:31:00,109.65,109.79,109.6,109.75,6169.0
2018-01-19 11:32:00,109.665,109.69,109.665,109.69,700.0
2018-01-19 11:33:00,109.7,109.71,109.65,109.71,400.0
2018-01-19 11:34:00,109.616,109.69,109.59,109.69,3500.0
2018-01-19 11:35:00,109.5,109.61,109.44,109.59,7706.0
2018-01-19 11:36:00,109.56,109.56,109.46,109.5,4150.0
2018-01-19 11:37:00,109.35,109.545,109.15,109.53,11920.0
2018-01-19 11:38:00,109.48,109.48,109.325,109.36,8384.0
2018-01-19 11:39:00,109.45,109.5,109.43,109.5,9747.0
2018-01-19 11:40:00,109.385,109.44,109.36,109.43,3460.0
2018-01-19 11:41:00,109.45,109.46,109.385,109.385,5854.0
2018-01-19 11:42:00,109.45,109.485,109.44,109.45,3140.0
2018-01-19 11:43:00,109.45,109.45,109.45,109.45,950.0
2018-01-19 11:44:00,109.32,109.46,109.26,109.46,5640.0
2018-01-19 11:46:00,109.2,109.33,109.155,109.33,4930.0
2018-01-19 11:47:00,109.17,109.21,109.11,109.18,4213.0
2018-01-19 11:48:00,109.12,109.22,109.12,109.2,890.0
2018-01-19 11:49:00,109.265,109.265,109.15,109.16,1400.0
2018-01-19 11:50:00,109.23,109.24,109.13,109.24,1200.0
2018-01-19 11:51:00,109.22,109.22,109.14,109.185,2600.0
2018-01-19 11:52:00,109.1748,109.2,109.14,109.18,600.0
2018-01-19 11:53:00,109.17,109.2,109.09,109.1785,8300.0
2018-01-19 11:54:00,109.0,109.155,109.0,109.13,3800.0
2018-01-19 11:55:00,109.125,109.15,108.99,108.99,2648.0
2018-01-19 11:56:00,109.05,109.1231,109.04,109.11,2119.0
2018-01-19 11:57:00,109.07,109.08,109.06,109.06,1100.0
2018-01-19 11:58:00,109.05,109.07,109.03,109.04,1700.0
2018-01-19 12:00:00,109.225,109.24,109.055,109.09,3645.0
2018-01-19 12:01:00,109.14,109.2,109.14,109.2,2722.0
2018-01-19 12:02:00,109.23,109.265,109.1,109.1,1900.0
2018-01-19 12:04:00,109.2,109.2,109.2,109.2,300.0
2018-01-19 12:05:00,109.29,109.29,109.22,109.26,2300.0
2018-01-19 12:06:00,109.54,109.58,109.29,109.29,3800.0
2018-01-19 12:07:00,109.62,109.64,109.495,109.495,1010.0
2018-01-19 12:08:00,109.59,109.6,109.42,109.5,5859.0
2018-01-19 12:09:00,109.72,109.8,109.59,109.59,3900.0
2018-01-19 12:10:00,109.72,109.72,109.72,109.72,100.0
2018-01-19 12:11:00,109.78399999999999,109.78399999999999,109.69,109.69,4841.0
2018-01-19 12:12:00,109.67,109.73,109.61,109.73,3598.0
2018-01-19 12:13:00,109.655,109.66,109.61,109.66,900.0
2018-01-19 12:14:00,109.69,109.765,109.65,109.65,4170.0
2018-01-19 12:15:00,109.67,109.71,109.67,109.71,5788.0
2018-01-19 12:16:00,109.61,109.685,109.56,109.68,2700.0
2018-01-19 12:17:00,109.64,109.65,109.55,109.57,4950.0
2018-01-19 12:18:00,109.64,109.64,109.63,109.63,200.0
2018-01-19 12:19:00,109.65,109.65,109.65,109.65,100.0
2018-01-19 12:20:00,109.6009,109.6009,109.6009,109.6009,100.0
2018-01-19 12:21:00,109.84,109.84,109.68,109.68,2231.0
2018-01-19 12:22:00,109.84,109.84,109.7797,109.7797,2500.0
2018-01-19 12:23:00,109.85,109.89,109.75,109.84,10836.0
2018-01-19 12:24:00,109.82,109.91,109.82,109.8359,6800.0
2018-01-19 12:25:00,109.815,109.815,109.78,109.78,400.0
2018-01-19 12:26:00,109.925,109.95,109.8106,109.815,1800.0
2018-01-19 12:27:00,109.88,109.96,109.88,109.925,6993.0
2018-01-19 12:28:00,109.83,109.87,109.8,109.87,4853.0
2018-01-19 12:29:00,109.87,109.875,109.84,109.84,3700.0
2018-01-19 12:30:00,109.88,109.9,109.845,109.845,1900.0
2018-01-19 12:31:00,109.88,109.89,109.82,109.87,5388.0
2018-01-19 12:32:00,109.8,109.9,109.8,109.9,3504.0
2018-01-19 12:33:00,109.815,109.84,109.79,109.805,5457.0
2018-01-19 12:34:00,109.71,109.77,109.71,109.77,428.0
2018-01-19 12:35:00,109.785,109.79,109.77,109.77,1179.0
2018-01-19 12:36:00,109.66,109.8,109.64,109.8,2025.0
2018-01-19 12:37:00,109.68,109.68,109.57,109.655,5309.0
2018-01-19 12:38:00,109.65,109.68,109.59,109.68,600.0
2018-01-19 12:40:00,109.55,109.65,109.55,109.65,2971.0
2018-01-19 12:41:00,109.59,109.6,109.5,109.55,3229.0
2018-01-19 12:42:00,109.63,109.65,109.59,109.6216,2350.0
2018-01-19 12:43:00,109.52,109.59,109.5,109.59,3090.0
2018-01-19 12:44:00,109.56,109.605,109.55,109.56,4100.0
2018-01-19 12:45:00,109.65,109.65,109.52,109.55,3700.0
2018-01-19 12:46:00,109.725,109.78,109.63,109.64,4856.0
2018-01-19 12:47:00,109.8,109.845,109.7,109.7,5445.0
2018-01-19 12:48:00,109.715,109.7825,109.71,109.77,4300.0
2018-01-19 12:49:00,109.81,109.81,109.71,109.71,1300.0
2018-01-19 12:50:00,109.76,109.855,109.76,109.83,5764.0
2018-01-19 12:51:00,109.75,109.79,109.72,109.76,1500.0
2018-01-19 12:52:00,109.71,109.76,109.71,109.74,2200.0
2018-01-19 12:53:00,109.8,109.8,109.71,109.71,2800.0
2018-01-19 12:54:00,109.79,109.84,109.79,109.84,1500.0
2018-01-19 12:55:00,109.865,109.865,109.81,109.81,1400.0
2018-01-19 12:56:00,109.86,109.89,109.86,109.86,1000.0
2018-01-19 12:57:00,109.775,109.85,109.76,109.85,2100.0
2018-01-19 12:58:00,109.76,109.8706,109.76,109.76,2617.0
2018-01-19 12:59:00,109.84,109.8999,109.79,109.79,1500.0
2018-01-19 13:00:00,109.815,109.815,109.815,109.815,100.0
2018-01-19 13:01:00,109.8,109.83,109.8,109.83,200.0
2018-01-19 13:02:00,109.85,109.85,109.84,109.84,1250.0
2018-01-19 13:03:00,109.71,109.85,109.71,109.85,3614.0
2018-01-19 13:04:00,109.735,109.735,109.735,109.735,400.0
2018-01-19 13:05:00,109.7695,109.79,109.76,109.76,1275.0
2018-01-19 13:06:00,109.74,109.8,109.72,109.79,6237.0
2018-01-19 13:07:00,109.7267,109.745,109.72,109.73,1785.0
2018-01-19 13:08:00,109.69,109.71,109.69,109.71,720.0
2018-01-19 13:09:00,109.74,109.74,109.7,109.7,1600.0
2018-01-19 13:10:00,109.67,109.73,109.66,109.72,2380.0
2018-01-19 13:11:00,109.62,109.66,109.62,109.66,600.0
2018-01-19 13:12:00,109.68,109.7,109.68,109.68,1400.0
2018-01-19 13:13:00,109.71,109.71,109.66,109.66,300.0
2018-01-19 13:14:00,109.71,109.71,109.71,109.71,300.0
2018-01-19 13:15:00,109.64,109.71,109.62,109.71,3825.0
2018-01-19 13:16:00,109.705,109.735,109.66,109.66,3200.0
2018-01-19 13:17:00,109.72,109.72,109.7,109.7,900.0
2018-01-19 13:18:00,109.76,109.76,109.705,109.705,2800.0
2018-01-19 13:19:00,109.82,109.82,109.72,109.72,2300.0
2018-01-19 13:20:00,109.77,109.88,109.77,109.83,3900.0
2018-01-19 13:21:00,109.785,109.8,109.77,109.77,1100.0
2018-01-19 13:22:00,109.81,109.81,109.785,109.785,1701.0
2018-01-19 13:23:00,109.81,109.81,109.81,109.81,300.0
2018-01-19 13:24:00,109.8,109.83,109.8,109.8,400.0
2018-01-19 13:25:00,109.71,109.83,109.71,109.805,5370.0
2018-01-19 13:26:00,109.74,109.74,109.69,109.69,400.0
2018-01-19 13:27:00,109.72,109.725,109.72,109.725,200.0
2018-01-19 13:28:00,109.755,109.76,109.7194,109.7194,2569.0
2018-01-19 13:29:00,109.75,109.76,109.75,109.76,700.0
2018-01-19 13:30:00,109.47,109.75,109.44,109.73,7120.0
2018-01-19 13:31:00,109.56,109.56,109.52,109.52,800.0
2018-01-19 13:32:00,109.56,109.56,109.56,109.56,100.0
2018-01-19 13:33:00,109.59,109.59,109.56,109.56,400.0
2018-01-19 13:35:00,109.6,109.61,109.57,109.57,300.0
2018-01-19 13:36:00,109.625,109.625,109.595,109.6,1300.0
2018-01-19 13:37:00,109.67,109.725,109.53,109.61,7758.0
2018-01-19 13:38:00,109.655,109.7,109.6,109.67,3650.0
2018-01-19 13:39:00,109.645,109.68,109.645,109.68,400.0
2018-01-19 13:40:00,109.63,109.655,109.63,109.63,1200.0
2018-01-19 13:41:00,109.5801,109.64,109.5801,109.64,3651.0
2018-01-19 13:42:00,109.6,109.6,109.6,109.6,200.0
2018-01-19 13:43:00,109.63,109.63,109.62,109.62,1253.0
2018-01-19 13:44:00,109.75,109.75,109.6888,109.6888,2250.0
2018-01-19 13:45:00,109.78,109.78,109.7402,109.76,400.0
2018-01-19 13:46:00,109.78,109.78,109.75,109.78,700.0
2018-01-19 13:47:00,109.78,109.78,109.7317,109.77,2000.0
2018-01-19 13:48:00,109.74,109.76100000000001,109.69,109.76100000000001,6512.0
2018-01-19 13:49:00,109.74,109.7648,109.74,109.7648,255.0
2018-01-19 13:50:00,109.66,109.74,109.66,109.74,2100.0
2018-01-19 13:51:00,109.67,109.67,109.58,109.65,3400.0
2018-01-19 13:52:00,109.62,109.65,109.61,109.62,1400.0
2018-01-19 13:53:00,109.67,109.67,109.64,109.64,200.0
2018-01-19 13:54:00,109.68,109.68,109.655,109.655,200.0
2018-01-19 13:55:00,109.67,109.7,109.66,109.68,2739.0
2018-01-19 13:56:00,109.6501,109.6958,109.6501,109.6752,435.0
2018-01-19 13:57:00,109.66,109.675,109.64,109.65,2190.0
2018-01-19 13:58:00,109.79,109.79,109.67,109.68,3200.0
2018-01-19 13:59:00,109.71,109.77,109.71,109.77,4550.0
2018-01-19 14:00:00,109.7445,109.76,109.7176,109.7176,3631.0
2018-01-19 14:01:00,109.75,109.75,109.745,109.745,700.0
2018-01-19 14:02:00,109.77,109.775,109.76,109.77,2334.0
2018-01-19 14:03:00,109.82,109.83,109.77,109.78,4469.0
2018-01-19 14:04:00,109.78,109.84,109.78,109.825,3200.0
2018-01-19 14:05:00,109.73,109.79,109.73,109.7874,3706.0
2018-01-19 14:06:00,109.73,109.75,109.72,109.74,1119.0
2018-01-19 14:07:00,109.66,109.71,109.65,109.71,2000.0
2018-01-19 14:08:00,109.7,109.7,109.6466,109.6466,4639.0
2018-01-19 14:09:00,109.7,109.71,109.7,109.71,300.0
2018-01-19 14:10:00,109.66799999999999,109.7,109.66,109.69,5018.0
2018-01-19 14:11:00,109.72,109.725,109.68,109.68,3000.0
2018-01-19 14:12:00,109.69,109.72,109.69,109.72,3246.0
2018-01-19 14:13:00,109.81,109.83,109.69,109.695,7925.0
2018-01-19 14:14:00,109.88,109.88,109.785,109.785,2650.0
2018-01-19 14:15:00,109.855,109.88,109.84,109.87,3326.0
2018-01-19 14:16:00,109.86,109.89,109.85,109.87,3300.0
2018-01-19 14:17:00,109.92,109.92,109.855,109.855,2402.0
2018-01-19 14:18:00,109.915,109.935,109.91,109.9201,3800.0
2018-01-19 14:19:00,109.86,109.96,109.85,109.92,8951.0
2018-01-19 14:20:00,109.86,109.86,109.78,109.83,4600.0
2018-01-19 14:21:00,109.9,109.965,109.88,109.88,2700.0
2018-01-19 14:22:00,109.87,109.91,109.84,109.9,3579.0
2018-01-19 14:23:00,109.9,109.9,109.81,109.85,6500.0
2018-01-19 14:24:00,109.859,109.89,109.84,109.87,3436.0
2018-01-19 14:25:00,109.897,109.91,109.865,109.865,2411.0
2018-01-19 14:26:00,109.86,109.93,109.83,109.895,12982.0
2018-01-19 14:27:00,109.96,109.96,109.86,109.86,3705.0
2018-01-19 14:28:00,109.9716,109.9716,109.95,109.95,450.0
2018-01-19 14:29:00,109.93,110.0,109.93,109.98,3332.0
2018-01-19 14:30:00,109.99,109.99,109.96,109.965,1401.0
2018-01-19 14:31:00,110.0,110.08,109.98,109.99,6100.0
2018-01-19 14:32:00,110.02,110.055,110.005,110.005,2603.0
2018-01-19 14:33:00,110.0075,110.06,109.96,110.02,6325.0
2018-01-19 14:34:00,109.995,110.0,109.995,109.995,1000.0
2018-01-19 14:35:00,109.94,109.97,109.89,109.97,4693.0
2018-01-19 14:36:00,109.91,109.95,109.9,109.95,3939.0
2018-01-19 14:37:00,109.96,109.96,109.9,109.91,3000.0
2018-01-19 14:38:00,109.94,109.945,109.94,109.945,400.0
2018-01-19 14:39:00,109.95,109.95,109.95,109.95,300.0
2018-01-19 14:40:00,109.95,109.95,109.95,109.95,200.0
2018-01-19 14:41:00,109.85,109.95,109.85,109.9451,5360.0
2018-01-19 14:42:00,109.86,109.875,109.86,109.86,1216.0
2018-01-19 14:43:00,109.91,109.91,109.86,109.88,2477.0
2018-01-19 14:44:00,109.94,109.94,109.915,109.915,2528.0
2018-01-19 14:45:00,109.95,109.95,109.95,109.95,700.0
2018-01-19 14:46:00,110.03,110.03,109.96,109.96,2202.0
2018-01-19 14:47:00,110.03,110.04,109.98,110.01,6026.0
2018-01-19 14:48:00,110.01,110.05,110.01,110.04,1300.0
2018-01-19 14:49:00,110.08,110.08,109.9822,109.9822,4251.0
2018-01-19 14:50:00,110.08,110.09,110.04,110.09,4600.0
2018-01-19 14:51:00,110.06,110.08,110.05,110.0674,5400.0
2018-01-19 14:52:00,110.19,110.2,110.06,110.08,17410.0
2018-01-19 14:53:00,110.11,110.2,110.09,110.19,4365.0
2018-01-19 14:54:00,110.15,110.15,110.07,110.11,8807.0
2018-01-19 14:55:00,110.09,110.14,110.07,110.14,11155.0
2018-01-19 14:56:00,110.155,110.16,110.085,110.085,3373.0
2018-01-19 14:57:00,110.18,110.19,110.155,110.155,4097.0
2018-01-19 14:58:00,110.145,110.17,110.14,110.17,1838.0
2018-01-19 14:59:00,110.11,110.145,110.11,110.145,2500.0
2018-01-19 15:00:00,110.07,110.12,110.07,110.11,1550.0
2018-01-19 15:01:00,110.07,110.1,110.06,110.08,3401.0
2018-01-19 15:02:00,110.135,110.135,110.08,110.1,5200.0
2018-01-19 15:03:00,110.13,110.155,110.13,110.135,3800.0
2018-01-19 15:04:00,110.145,110.15,110.14,110.14,1700.0
2018-01-19 15:05:00,110.14,110.145,110.11,110.145,3800.0
2018-01-19 15:06:00,110.18,110.18,110.13,110.13,5164.0
2018-01-19 15:07:00,110.12,110.205,110.1,110.18,5641.0
2018-01-19 15:08:00,110.135,110.135,110.08,110.08,600.0
2018-01-19 15:09:00,110.12,110.17,110.12,110.13,6489.0
2018-01-19 15:10:00,109.955,110.11,109.94,110.11,2800.0
2018-01-19 15:11:00,109.93,110.025,109.93,109.97,4390.0
2018-01-19 15:12:00,109.94,109.94,109.934,109.94,417.0
2018-01-19 15:13:00,109.94,109.96,109.925,109.925,1800.0
2018-01-19 15:14:00,109.96,109.965,109.9352,109.94,1650.0
2018-01-19 15:15:00,109.975,109.99,109.97,109.97,1078.0
2018-01-19 15:16:00,110.02,110.02,109.995,110.01,600.0
2018-01-19 15:17:00,109.97,110.0,109.96,110.0,3000.0
2018-01-19 15:18:00,109.975,110.0,109.975,109.975,700.0
2018-01-19 15:19:00,109.975,109.975,109.975,109.975,400.0
2018-01-19 15:20:00,109.975,109.975,109.975,109.975,300.0
2018-01-19 15:21:00,109.83,109.99,109.82,109.975,7585.0
2018-01-19 15:22:00,109.84,109.84,109.79,109.81,3100.0
2018-01-19 15:23:00,109.85,109.885,109.83,109.83,5200.0
2018-01-19 15:24:00,109.83,109.85,109.77,109.85,3400.0
2018-01-19 15:25:00,109.87,109.89,109.85,109.85,2800.0
2018-01-19 15:26:00,109.79,109.86,109.79,109.86,2200.0
2018-01-19 15:27:00,109.88,109.88,109.795,109.795,3000.0
2018-01-19 15:28:00,109.86,109.88,109.86,109.87,1400.0
2018-01-19 15:29:00,109.8632,109.87,109.86,109.87,1511.0
2018-01-19 15:30:00,109.82,109.88,109.77,109.865,7003.0
2018-01-19 15:31:00,109.88,109.9,109.83,109.83,5785.0
2018-01-19 15:32:00,109.89,109.89,109.87,109.88,3000.0
2018-01-19 15:33:00,109.88,109.89,109.86,109.89,13639.0
2018-01-19 15:34:00,109.94,109.95,109.87,109.88,6200.0
2018-01-19 15:35:00,110.03,110.03,109.93,109.93,4445.0
2018-01-19 15:36:00,109.9701,110.06,109.9701,110.045,3992.0
2018-01-19 15:37:00,109.96,109.995,109.95,109.995,2995.0
2018-01-19 15:38:00,110.04,110.04,109.97,109.97,3697.0
2018-01-19 15:39:00,110.03,110.04,109.98,110.04,4810.0
2018-01-19 15:40:00,110.035,110.04,110.01,110.01,2303.0
2018-01-19 15:41:00,109.985,110.035,109.97,110.035,11352.0
2018-01-19 15:42:00,110.01,110.01,109.98,109.99,4401.0
2018-01-19 15:43:00,110.0,110.0,109.9801,109.995,2399.0
2018-01-19 15:44:00,110.0,110.01,109.98,109.99,3518.0
2018-01-19 15:45:00,110.01,110.01,109.98,110.0,4731.0
2018-01-19 15:46:00,109.975,110.005,109.94,110.0,15201.0
2018-01-19 15:47:00,109.975,109.985,109.95,109.98,9330.0
2018-01-19 15:48:00,109.9684,109.98,109.95,109.975,3621.0
2018-01-19 15:49:00,109.99,109.99,109.9501,109.97,6120.0
2018-01-19 15:50:00,110.02,110.02,109.975,109.99,8771.0
2018-01-19 15:51:00,110.08,110.1,110.025,110.03,28598.0
2018-01-19 15:52:00,110.1,110.11,110.08,110.09,16274.0
2018-01-19 15:53:00,110.06,110.105,110.05,110.1,20975.0
2018-01-19 15:54:00,110.07,110.08,110.054,110.06,10214.0
2018-01-19 15:55:00,110.065,110.07,110.03,110.07,12883.0
2018-01-19 15:56:00,110.0683,110.0855,110.0548,110.07,15066.0
2018-01-19 15:57:00,110.01,110.08,110.01,110.08,13075.0
2018-01-19 15:58:00,110.0,110.03,109.98,110.01,18111.0
2018-01-19 15:59:00,109.97,110.02,109.97,110.0,19086.0
2018-01-19 16:00:00,110.02,110.02,109.9,109.98,44582.0
2018-01-22 09:30:00,110.34,110.34,110.34,110.34,16969.0
2018-01-22 09:31:00,110.86,110.86,110.37,110.37,2094.0
2018-01-22 09:32:00,110.37,110.9,110.25,110.5,3400.0
2018-01-22 09:33:00,110.86,110.92,110.58,110.86,3436.0
2018-01-22 09:34:00,110.945,110.945,110.61,110.83,3129.0
2018-01-22 09:35:00,110.68,110.95,110.68,110.95,3558.0
2018-01-22 09:36:00,110.48,110.79,110.48,110.68,2300.0
2018-01-22 09:37:00,110.645,110.71,110.31,110.62,2900.0
2018-01-22 09:38:00,110.47,110.63,110.44,110.62,2900.0
2018-01-22 09:39:00,110.49,110.63,110.38,110.47,3450.0
2018-01-22 09:40:00,110.135,110.38,110.135,110.38,2200.0
2018-01-22 09:41:00,110.31,110.35,110.11,110.11,2300.0
2018-01-22 09:42:00,110.35,110.49,110.3,110.33,3300.0
2018-01-22 09:43:00,110.34,110.5,110.33,110.44,4400.0
2018-01-22 09:44:00,110.26,110.365,110.26,110.365,1200.0
2018-01-22 09:45:00,110.23,110.3,110.23,110.3,1000.0
2018-01-22 09:46:00,110.22,110.3,110.14,110.27,2032.0
2018-01-22 09:47:00,110.2816,110.2816,110.1501,110.1501,741.0
2018-01-22 09:48:00,110.245,110.245,110.21,110.21,200.0
2018-01-22 09:49:00,110.22,110.245,110.17,110.245,5402.0
2018-01-22 09:50:00,110.255,110.255,110.2,110.22,1716.0
2018-01-22 09:51:00,110.31,110.36,110.26,110.29,3500.0
2018-01-22 09:52:00,110.325,110.325,110.3,110.3,500.0
2018-01-22 09:53:00,110.295,110.34,110.27,110.3,4766.0
2018-01-22 09:54:00,110.26,110.32,110.26,110.26,1600.0
2018-01-22 09:55:00,110.06,110.23,110.06,110.23,3360.0
2018-01-22 09:56:00,110.12,110.12,110.06,110.06,200.0
2018-01-22 09:57:00,110.24,110.24,110.0975,110.0975,3500.0
2018-01-22 09:58:00,110.32,110.32,110.3,110.3,500.0
2018-01-22 09:59:00,110.31,110.41,110.27,110.27,3500.0
2018-01-22 10:00:00,110.29,110.35,110.27,110.335,3000.0
2018-01-22 10:01:00,110.21,110.25,110.19,110.25,4930.0
2018-01-22 10:02:00,110.2,110.2,110.2,110.2,100.0
2018-01-22 10:03:00,110.27,110.27,110.215,110.24,1882.0
2018-01-22 10:04:00,110.2526,110.3,110.2526,110.3,745.0
2018-01-22 10:05:00,110.29,110.3,110.26,110.26,600.0
2018-01-22 10:06:00,110.24,110.34,110.23,110.26,7915.0
2018-01-22 10:07:00,110.1,110.24,110.1,110.24,4565.0
2018-01-22 10:08:00,110.125,110.16,110.125,110.16,1500.0
2018-01-22 10:09:00,110.16,110.16,110.135,110.135,1000.0
2018-01-22 10:10:00,110.23,110.25,110.18,110.23,4000.0
2018-01-22 10:11:00,110.31,110.31,110.2448,110.2448,1275.0
2018-01-22 10:12:00,110.34,110.36,110.25,110.28,2400.0
2018-01-22 10:13:00,110.39,110.41,110.3,110.39,6388.0
2018-01-22 10:14:00,110.36,110.38,110.31,110.31,1834.0
2018-01-22 10:15:00,110.51,110.51,110.42,110.42,4100.0
2018-01-22 10:16:00,110.5,110.53,110.44,110.485,8704.0
2018-01-22 10:17:00,110.55,110.605,110.44,110.46,8310.0
2018-01-22 10:18:00,110.63,110.63,110.51,110.545,8900.0
2018-01-22 10:19:00,110.671,110.73,110.58,110.62,6199.0
2018-01-22 10:20:00,110.72,110.74,110.68,110.74,981.0
2018-01-22 10:21:00,110.84,110.84,110.69,110.75,3537.0
2018-01-22 10:22:00,110.63,110.84,110.63,110.84,8566.0
2018-01-22 10:23:00,110.84,110.84,110.65,110.68,4200.0
2018-01-22 10:24:00,110.905,110.905,110.79,110.84,3200.0
2018-01-22 10:25:00,110.985,111.03,110.89,110.905,13200.0
2018-01-22 10:26:00,111.04,111.07,110.96,110.99,4379.0
2018-01-22 10:27:00,111.0,111.05,110.95,111.03,8192.0
2018-01-22 10:28:00,110.98,111.015,110.98,110.99,3100.0
2018-01-22 10:29:00,110.995,111.0,110.98,110.99,3200.0
2018-01-22 10:30:00,110.98,111.035,110.98,111.01,6637.0
2018-01-22 10:31:00,111.0,111.05,110.99,111.0,6837.0
2018-01-22 10:32:00,111.05,111.06,110.98,111.0,10605.0
2018-01-22 10:33:00,111.165,111.165,111.0,111.03,6840.0
2018-01-22 10:34:00,111.35,111.38,111.13,111.17,7927.0
2018-01-22 10:35:00,111.3825,111.41,111.32,111.355,9670.0
2018-01-22 10:36:00,111.34,111.39,111.33,111.39,8975.0
2018-01-22 10:37:00,111.31,111.34,111.29,111.32,6300.0
2018-01-22 10:38:00,111.22,111.34,111.16,111.31,7212.0
2018-01-22 10:39:00,111.205,111.21,111.17,111.2,2100.0
2018-01-22 10:40:00,111.16,111.195,111.15,111.19,2500.0
2018-01-22 10:41:00,111.12,111.17,111.12,111.16,1850.0
2018-01-22 10:42:00,111.18,111.24,111.12,111.12,5000.0
2018-01-22 10:43:00,111.175,111.18,111.15,111.18,1300.0
2018-01-22 10:44:00,111.12,111.18,111.11,111.16,4828.0
2018-01-22 10:45:00,111.17,111.17,111.1175,111.13,4780.0
2018-01-22 10:46:00,111.23,111.241,111.14,111.14,3118.0
2018-01-22 10:47:00,111.32,111.32,111.18,111.18,3009.0
2018-01-22 10:48:00,111.33,111.37,111.28,111.29,4701.0
2018-01-22 10:49:00,111.43,111.43,111.35,111.35,4647.0
2018-01-22 10:50:00,111.46,111.48,111.43,111.45,3350.0
2018-01-22 10:51:00,111.41,111.4501,111.41,111.4501,3500.0
2018-01-22 10:52:00,111.42,111.44,111.39,111.41,1900.0
2018-01-22 10:53:00,111.35,111.39,111.35,111.39,5849.0
2018-01-22 10:54:00,111.28,111.36,111.28,111.35,2353.0
2018-01-22 10:55:00,111.02,111.28,111.02,111.27,3200.0
2018-01-22 10:56:00,111.03,111.09,111.03,111.09,1700.0
2018-01-22 10:57:00,111.0724,111.1,111.01,111.04,8305.0
2018-01-22 10:58:00,111.02,111.06,111.02,111.05,2216.0
2018-01-22 10:59:00,111.04,111.04,111.0,111.0,2800.0
2018-01-22 11:00:00,111.05,111.11,111.04,111.07,1200.0
2018-01-22 11:01:00,111.02,111.07,111.01,111.05,2740.0
2018-01-22 11:02:00,111.01,111.02,111.01,111.01,1400.0
2018-01-22 11:03:00,111.22,111.31,111.02,111.02,4303.0
2018-01-22 11:04:00,111.12,111.22,111.1,111.22,3700.0
2018-01-22 11:05:00,111.12,111.19,111.12,111.12,4699.0
2018-01-22 11:06:00,111.19,111.21,111.14,111.15,2548.0
2018-01-22 11:07:00,111.34,111.34,111.17,111.22,700.0
2018-01-22 11:08:00,111.17,111.27,111.17,111.27,4076.0
2018-01-22 11:09:00,111.185,111.21,111.18,111.2,1032.0
2018-01-22 11:10:00,111.23,111.29,111.205,111.22,3072.0
2018-01-22 11:11:00,111.16,111.26,111.16,111.22,3925.0
2018-01-22 11:12:00,111.17,111.2,111.15,111.16,1100.0
2018-01-22 11:13:00,111.14,111.18,111.13,111.15,2502.0
2018-01-22 11:14:00,111.21,111.21,111.16,111.19,1300.0
2018-01-22 11:15:00,111.21,111.24,111.21,111.21,1150.0
2018-01-22 11:16:00,111.21,111.25,111.21,111.24,5103.0
2018-01-22 11:17:00,111.245,111.26,111.21,111.21,1800.0
2018-01-22 11:18:00,111.3,111.32,111.25,111.26,3900.0
2018-01-22 11:19:00,111.26,111.3,111.26,111.3,2298.0
2018-01-22 11:20:00,111.24,111.27,111.24,111.26,2800.0
2018-01-22 11:21:00,111.23,111.245,111.23,111.24,1800.0
2018-01-22 11:22:00,111.26,111.27,111.25,111.25,1501.0
2018-01-22 11:23:00,111.32,111.34,111.26,111.26,3479.0
2018-01-22 11:24:00,111.33,111.37,111.3,111.3,7494.0
2018-01-22 11:25:00,111.3501,111.4,111.33,111.33,8334.0
2018-01-22 11:26:00,111.36,111.36,111.33,111.35,4100.0
2018-01-22 11:27:00,111.33,111.36,111.31,111.34,12193.0
2018-01-22 11:28:00,111.3,111.34,111.28,111.32,11800.0
2018-01-22 11:29:00,111.265,111.31,111.25,111.31,7000.0
2018-01-22 11:30:00,111.19,111.3,111.19,111.28,4729.0
2018-01-22 11:31:00,111.06,111.18,111.06,111.18,1600.0
2018-01-22 11:32:00,111.03,111.05,111.03,111.05,400.0
2018-01-22 11:33:00,111.03,111.05,111.03,111.03,500.0
2018-01-22 11:34:00,111.11,111.15,111.03,111.03,2929.0
2018-01-22 11:35:00,111.225,111.24,111.15,111.17,2745.0
2018-01-22 11:36:00,111.29,111.33,111.17,111.23,2325.0
2018-01-22 11:37:00,111.19,111.35,111.16,111.35,6100.0
2018-01-22 11:38:00,111.31,111.31,111.19,111.22,3170.0
2018-01-22 11:39:00,111.21,111.34,111.2,111.3,10011.0
2018-01-22 11:40:00,111.17,111.17,111.17,111.17,100.0
2018-01-22 11:41:00,111.185,111.21,111.16,111.205,5500.0
2018-01-22 11:42:00,111.11,111.2,111.07,111.2,8018.0
2018-01-22 11:43:00,111.13,111.2,111.07,111.11,7704.0
2018-01-22 11:44:00,111.17,111.2,111.08,111.2,12202.0
2018-01-22 11:45:00,111.16,111.2,111.09,111.17,6632.0
2018-01-22 11:46:00,111.08,111.17,111.08,111.16,3000.0
2018-01-22 11:47:00,111.14,111.18,111.1,111.1,6377.0
2018-01-22 11:48:00,111.08,111.1428,111.08,111.12100000000001,8400.0
2018-01-22 11:49:00,111.13,111.16,111.09,111.095,2800.0
2018-01-22 11:50:00,111.19,111.2,111.12,111.14,12854.0
2018-01-22 11:51:00,111.29,111.33,111.21,111.23,5356.0
2018-01-22 11:52:00,111.34,111.34,111.26,111.26,3100.0
2018-01-22 11:53:00,111.4,111.4,111.29,111.31,2025.0
2018-01-22 11:54:00,111.42,111.42,111.42,111.42,900.0
2018-01-22 11:55:00,111.69,111.69,111.47,111.47,2400.0
2018-01-22 11:56:00,111.66,111.69,111.61,111.61,1000.0
2018-01-22 11:57:00,111.72,111.72,111.69,111.69,507.0
2018-01-22 11:58:00,111.735,111.757,111.735,111.75,661.0
2018-01-22 11:59:00,111.64,111.71,111.64,111.71,4401.0
2018-01-22 12:00:00,111.63,111.7,111.605,111.63,2600.0
2018-01-22 12:01:00,111.46,111.63,111.43,111.63,6330.0
2018-01-22 12:02:00,111.57,111.625,111.5,111.53,2072.0
2018-01-22 12:03:00,111.524,111.62,111.524,111.62,2102.0
2018-01-22 12:04:00,111.6,111.61,111.545,111.545,900.0
2018-01-22 12:05:00,111.55,111.6,111.51,111.6,2600.0
2018-01-22 12:06:00,111.6,111.6,111.55,111.58,5341.0
2018-01-22 12:07:00,111.58,111.58,111.53,111.57,1900.0
2018-01-22 12:08:00,111.56,111.6,111.52,111.59,5195.0
2018-01-22 12:09:00,111.5301,111.5301,111.51,111.53,2000.0
2018-01-22 12:10:00,111.52,111.55,111.52,111.54,1300.0
2018-01-22 12:11:00,111.53,111.54,111.43,111.54,7015.0
2018-01-22 12:12:00,111.54,111.57,111.51,111.57,2000.0
2018-01-22 12:13:00,111.56,111.59,111.5,111.51,6454.0
2018-01-22 12:14:00,111.54,111.57,111.52,111.57,3400.0
2018-01-22 12:15:00,111.5,111.551,111.5,111.54,6752.0
2018-01-22 12:16:00,111.54,111.56,111.51,111.51,1602.0
2018-01-22 12:17:00,111.54,111.54,111.54,111.54,600.0
2018-01-22 12:18:00,111.52,111.55,111.51,111.55,4305.0
2018-01-22 12:19:00,111.53,111.55,111.51,111.55,9287.0
2018-01-22 12:20:00,111.52,111.54,111.52,111.53,700.0
2018-01-22 12:21:00,111.55,111.57,111.52,111.52,2500.0
2018-01-22 12:22:00,111.48100000000001,111.55,111.48100000000001,111.55,4212.0
2018-01-22 12:23:00,111.52,111.54,111.52,111.53,700.0
2018-01-22 12:24:00,111.51,111.54,111.51,111.54,2112.0
2018-01-22 12:25:00,111.52,111.55,111.52,111.53,2339.0
2018-01-22 12:26:00,111.49,111.56,111.48,111.53,8075.0
2018-01-22 12:27:00,111.4975,111.4975,111.4975,111.4975,100.0
2018-01-22 12:28:00,111.46,111.5,111.46,111.5,300.0
2018-01-22 12:29:00,111.51,111.51,111.49,111.49,1198.0
2018-01-22 12:30:00,111.51,111.53,111.495,111.52,1100.0
2018-01-22 12:31:00,111.5,111.51,111.49,111.49,1549.0
2018-01-22 12:32:00,111.54,111.54,111.51,111.51,900.0
2018-01-22 12:33:00,111.55,111.56,111.54,111.56,1750.0
2018-01-22 12:34:00,111.54,111.54,111.54,111.54,100.0
2018-01-22 12:35:00,111.54,111.5499,111.5325,111.5499,470.0
2018-01-22 12:36:00,111.54,111.54,111.535,111.54,400.0
2018-01-22 12:37:00,111.48,111.56,111.47,111.54,7531.0
2018-01-22 12:38:00,111.48,111.495,111.48,111.495,200.0
2018-01-22 12:39:00,111.48,111.48,111.46,111.46,200.0
2018-01-22 12:40:00,111.45,111.47,111.43,111.46,1100.0
2018-01-22 12:41:00,111.47,111.485,111.43,111.43,2237.0
2018-01-22 12:42:00,111.5,111.5,111.4999,111.4999,600.0
2018-01-22 12:44:00,111.49,111.52,111.49,111.5,3362.0
2018-01-22 12:45:00,111.5,111.5,111.5,111.5,100.0
2018-01-22 12:46:00,111.51,111.51,111.495,111.495,1000.0
2018-01-22 12:47:00,111.4925,111.51,111.48,111.51,2700.0
2018-01-22 12:48:00,111.49,111.49,111.47,111.48,1400.0
2018-01-22 12:49:00,111.53,111.53,111.5,111.5,3225.0
2018-01-22 12:50:00,111.51,111.53,111.51,111.53,600.0
2018-01-22 12:51:00,111.565,111.58,111.515,111.515,4750.0
2018-01-22 12:52:00,111.52,111.565,111.5,111.565,9020.0
2018-01-22 12:53:00,111.55,111.56,111.52,111.52,2400.0
2018-01-22 12:54:00,111.53,111.55,111.53,111.55,2300.0
2018-01-22 12:55:00,111.5,111.535,111.5,111.535,1409.0
2018-01-22 12:56:00,111.495,111.5,111.48,111.5,2032.0
2018-01-22 12:57:00,111.46,111.52,111.46,111.52,4436.0
2018-01-22 12:58:00,111.42,111.45,111.42,111.45,1089.0
2018-01-22 12:59:00,111.48,111.48,111.41,111.41,1700.0
2018-01-22 13:00:00,111.42,111.43,111.42,111.43,400.0
2018-01-22 13:01:00,111.47,111.47,111.42,111.42,300.0
2018-01-22 13:02:00,111.45,111.48,111.44,111.48,1050.0
2018-01-22 13:03:00,111.51,111.51,111.49,111.49,629.0
2018-01-22 13:04:00,111.495,111.5,111.49,111.5,500.0
2018-01-22 13:05:00,111.57,111.57,111.51,111.51,660.0
2018-01-22 13:06:00,111.53,111.55,111.53,111.55,3523.0
2018-01-22 13:07:00,111.63,111.63,111.54,111.54,2800.0
2018-01-22 13:08:00,111.58,111.6,111.58,111.6,800.0
2018-01-22 13:09:00,111.595,111.595,111.58,111.58,200.0
2018-01-22 13:10:00,111.59,111.59,111.58,111.58,300.0
2018-01-22 13:11:00,111.6,111.62,111.59,111.6,2380.0
2018-01-22 13:12:00,111.55,111.6,111.51,111.6,8807.0
2018-01-22 13:13:00,111.58,111.61,111.54,111.54,2600.0
2018-01-22 13:14:00,111.57,111.6,111.54,111.6,2100.0
2018-01-22 13:15:00,111.555,111.555,111.48,111.51,4071.0
2018-01-22 13:16:00,111.55,111.57,111.54,111.57,700.0
2018-01-22 13:17:00,111.57,111.57,111.54,111.54,2622.0
2018-01-22 13:18:00,111.58,111.59,111.56,111.56,1200.0
2018-01-22 13:19:00,111.51,111.59,111.51,111.57,3400.0
2018-01-22 13:20:00,111.52,111.52,111.5,111.5,3955.0
2018-01-22 13:21:00,111.54,111.56,111.54,111.54,1100.0
2018-01-22 13:22:00,111.55,111.57,111.53,111.57,572.0
2018-01-22 13:23:00,111.54,111.55,111.54,111.55,1500.0
2018-01-22 13:24:00,111.53,111.55,111.52,111.55,4450.0
2018-01-22 13:25:00,111.555,111.58,111.5,111.51,9458.0
2018-01-22 13:26:00,111.66,111.66,111.55,111.55,3846.0
2018-01-22 13:27:00,111.6585,111.66,111.6585,111.66,700.0
2018-01-22 13:28:00,111.67,111.67,111.64,111.665,1018.0
2018-01-22 13:29:00,111.6895,111.71,111.665,111.665,2400.0
2018-01-22 13:30:00,111.66,111.71,111.66,111.71,3200.0
2018-01-22 13:31:00,111.62,111.67,111.59,111.67,1300.0
2018-01-22 13:32:00,111.72,111.72,111.59,111.62,3636.0
2018-01-22 13:33:00,111.68,111.68,111.68,111.68,100.0
2018-01-22 13:34:00,111.64,111.705,111.64,111.68,2100.0
2018-01-22 13:35:00,111.57,111.61,111.53,111.61,3762.0
2018-01-22 13:36:00,111.545,111.545,111.52,111.54,1500.0
2018-01-22 13:37:00,111.54,111.56,111.53,111.53,1400.0
2018-01-22 13:38:00,111.55,111.56,111.54,111.54,300.0
2018-01-22 13:39:00,111.53,111.595,111.53,111.58,3332.0
2018-01-22 13:40:00,111.545,111.55,111.54,111.54,1000.0
2018-01-22 13:41:00,111.5,111.5435,111.48,111.5401,6390.0
2018-01-22 13:42:00,111.51,111.52,111.5,111.52,1000.0
2018-01-22 13:43:00,111.55,111.55,111.53,111.53,900.0
2018-01-22 13:44:00,111.53,111.56,111.5,111.55,2100.0
2018-01-22 13:46:00,111.48,111.53,111.48,111.52,2500.0
2018-01-22 13:47:00,111.51,111.52,111.4801,111.4801,2428.0
2018-01-22 13:48:00,111.48,111.5,111.45,111.4925,2900.0
2018-01-22 13:49:00,111.47,111.4765,111.47,111.4765,1100.0
2018-01-22 13:50:00,111.43,111.48,111.35,111.48,2900.0
2018-01-22 13:51:00,111.4338,111.46,111.41,111.41,935.0
2018-01-22 13:52:00,111.47,111.47,111.47,111.47,400.0
2018-01-22 13:53:00,111.49,111.51,111.49,111.49,1061.0
2018-01-22 13:54:00,111.5,111.5,111.48,111.48,1800.0
2018-01-22 13:55:00,111.4,111.49,111.4,111.49,2201.0
2018-01-22 13:56:00,111.39,111.405,111.38,111.39,500.0
2018-01-22 13:57:00,111.43,111.43,111.39,111.39,2500.0
2018-01-22 13:58:00,111.36,111.45,111.36,111.44,6579.0
2018-01-22 13:59:00,111.31,111.36,111.31,111.36,1288.0
2018-01-22 14:00:00,111.26,111.32,111.26,111.3124,1759.0
2018-01-22 14:01:00,111.32,111.32,111.29,111.29,1100.0
2018-01-22 14:02:00,111.28,111.2801,111.28,111.2801,300.0
2018-01-22 14:03:00,111.14,111.28,111.14,111.27,2900.0
2018-01-22 14:04:00,111.17,111.17,111.17,111.17,100.0
2018-01-22 14:05:00,111.24,111.25,111.23,111.25,800.0
2018-01-22 14:06:00,111.29,111.29,111.23,111.23,1300.0
2018-01-22 14:07:00,111.2,111.31,111.2,111.31,6126.0
2018-01-22 14:08:00,111.2,111.2,111.2,111.2,400.0
2018-01-22 14:09:00,111.18,111.18,111.18,111.18,400.0
2018-01-22 14:10:00,111.15,111.195,111.15,111.195,600.0
2018-01-22 14:11:00,111.22,111.22,111.155,111.17,2300.0
2018-01-22 14:12:00,111.22,111.22,111.18,111.19,2101.0
2018-01-22 14:13:00,111.23,111.27,111.21,111.22,2451.0
2018-01-22 14:14:00,111.3,111.355,111.23,111.23,1400.0
2018-01-22 14:15:00,111.26,111.31,111.26,111.31,400.0
2018-01-22 14:16:00,111.32,111.32,111.27,111.29,2093.0
2018-01-22 14:17:00,111.29,111.315,111.29,111.31,2961.0
2018-01-22 14:18:00,111.27,111.2842,111.27,111.28,400.0
2018-01-22 14:19:00,111.3,111.3,111.27,111.27,900.0
2018-01-22 14:20:00,111.28,111.28,111.28,111.28,200.0
2018-01-22 14:21:00,111.27,111.28,111.27,111.28,1700.0
2018-01-22 14:22:00,111.23,111.27,111.23,111.27,3812.0
2018-01-22 14:23:00,111.23,111.23,111.22,111.22,300.0
2018-01-22 14:24:00,111.15,111.23,111.15,111.23,1401.0
2018-01-22 14:25:00,111.16,111.16,111.1,111.14,2300.0
2018-01-22 14:26:00,111.12,111.16,111.12,111.16,1300.0
2018-01-22 14:27:00,111.14,111.14,111.14,111.14,100.0
2018-01-22 14:28:00,111.23,111.23,111.15,111.15,2100.0
2018-01-22 14:29:00,111.16,111.23,111.14,111.21,3300.0
2018-01-22 14:30:00,111.17,111.18,111.17,111.18,800.0
2018-01-22 14:31:00,111.08,111.14,111.08,111.14,1800.0
2018-01-22 14:32:00,111.1001,111.12,111.07,111.07,1400.0
2018-01-22 14:33:00,111.1,111.12,111.1,111.1,1600.0
2018-01-22 14:34:00,111.05,111.09,111.05,111.09,5829.0
2018-01-22 14:35:00,111.03,111.03,111.03,111.03,100.0
2018-01-22 14:36:00,111.06,111.06,111.02,111.03,2300.0
2018-01-22 14:37:00,111.12,111.13,111.06,111.07,2500.0
2018-01-22 14:38:00,111.11,111.12,111.11,111.11,600.0
2018-01-22 14:39:00,111.1,111.11,111.1,111.11,900.0
2018-01-22 14:40:00,111.14,111.14,111.11,111.11,1700.0
2018-01-22 14:41:00,111.1,111.13,111.1,111.12,2700.0
2018-01-22 14:43:00,111.06,111.09,111.06,111.09,1200.0
2018-01-22 14:44:00,111.02,111.02,111.02,111.02,100.0
2018-01-22 14:45:00,111.03,111.07,111.03,111.05,1200.0
2018-01-22 14:46:00,111.03,111.03,111.03,111.03,100.0
2018-01-22 14:47:00,110.99,111.05,110.99,111.05,2300.0
2018-01-22 14:48:00,110.92,110.98,110.92,110.98,600.0
2018-01-22 14:49:00,110.905,110.905,110.89,110.89,400.0
2018-01-22 14:50:00,110.92,110.93,110.88,110.89,2348.0
2018-01-22 14:51:00,110.91,110.94,110.9,110.9003,600.0
2018-01-22 14:52:00,110.92,110.93,110.92,110.93,600.0
2018-01-22 14:53:00,110.81,110.93,110.8,110.93,4183.0
2018-01-22 14:54:00,110.83,110.84,110.81,110.81,800.0
2018-01-22 14:55:00,110.82,110.85,110.82,110.85,360.0
2018-01-22 14:56:00,110.98,110.98,110.84,110.84,3600.0
2018-01-22 14:57:00,110.985,111.0,110.96,111.0,1700.0
2018-01-22 14:58:00,110.95,111.0,110.95,111.0,1875.0
2018-01-22 14:59:00,110.9,110.9,110.9,110.9,100.0
2018-01-22 15:01:00,110.97,110.97,110.92,110.94,1201.0
2018-01-22 15:02:00,110.99,110.99,110.95,110.96,3635.0
2018-01-22 15:03:00,111.07,111.07,111.01,111.01,1303.0
2018-01-22 15:04:00,111.09,111.12,111.08,111.1,1300.0
2018-01-22 15:05:00,110.99,111.07,110.99,111.05,2400.0
2018-01-22 15:06:00,110.98,110.98,110.98,110.98,100.0
2018-01-22 15:07:00,110.96,110.98,110.96,110.97,1700.0
2018-01-22 15:08:00,110.9842,110.9842,110.96,110.96,300.0
2018-01-22 15:09:00,111.005,111.02,110.98,111.0,2200.0
2018-01-22 15:10:00,110.9798,111.0,110.97,110.99,4294.0
2018-01-22 15:11:00,110.97,110.98,110.97,110.97,2100.0
2018-01-22 15:12:00,111.0,111.0,110.97,110.97,1500.0
2018-01-22 15:13:00,110.97,110.99,110.96,110.99,600.0
2018-01-22 15:14:00,111.0,111.0,110.96,110.96,1751.0
2018-01-22 15:15:00,111.02,111.02,110.97,111.01,4182.0
2018-01-22 15:16:00,110.98,111.03,110.98,111.02,5417.0
2018-01-22 15:17:00,110.96,110.96,110.96,110.96,100.0
2018-01-22 15:18:00,110.97,110.97,110.97,110.97,1100.0
2018-01-22 15:19:00,110.97,110.99,110.97,110.98,1952.0
2018-01-22 15:20:00,111.01,111.01,110.98,110.98,2430.0
2018-01-22 15:21:00,110.95,111.0,110.95,111.0,5101.0
2018-01-22 15:22:00,110.99,111.0,110.96,110.97,1429.0
2018-01-22 15:23:00,110.99,110.99,110.97,110.98,1700.0
2018-01-22 15:24:00,110.95,110.99,110.95,110.99,1400.0
2018-01-22 15:25:00,110.92,110.96,110.92,110.96,1487.0
2018-01-22 15:26:00,110.9,110.91,110.9,110.91,200.0
2018-01-22 15:27:00,110.91,110.93,110.9,110.9,3100.0
2018-01-22 15:28:00,110.92,110.93,110.915,110.93,2000.0
2018-01-22 15:29:00,110.89,110.92,110.89,110.92,1600.0
2018-01-22 15:30:00,110.85,110.89,110.85,110.89,3077.0
2018-01-22 15:31:00,110.84,110.9,110.84,110.865,4568.0
2018-01-22 15:32:00,110.82,110.85,110.79,110.84,3900.0
2018-01-22 15:33:00,110.88,110.88,110.83,110.83,3193.0
2018-01-22 15:34:00,110.87,110.88,110.86,110.87,4009.0
2018-01-22 15:35:00,110.82,110.87,110.82,110.87,2206.0
2018-01-22 15:36:00,110.75,110.83,110.75,110.83,4175.0
2018-01-22 15:37:00,110.7,110.75,110.7,110.75,2800.0
2018-01-22 15:38:00,110.635,110.7,110.62,110.7,8485.0
2018-01-22 15:39:00,110.66,110.67,110.65,110.65,2789.0
2018-01-22 15:40:00,110.7,110.7,110.67,110.67,5294.0
2018-01-22 15:41:00,110.72,110.72,110.69,110.7,3796.0
2018-01-22 15:42:00,110.73,110.73,110.72,110.73,2174.0
2018-01-22 15:43:00,110.74,110.74,110.72,110.73,3286.0
2018-01-22 15:44:00,110.82,110.82,110.745,110.745,9010.0
2018-01-22 15:45:00,110.89,110.91,110.83,110.83,9881.0
2018-01-22 15:46:00,110.9225,110.935,110.89,110.9,6415.0
2018-01-22 15:47:00,110.94,110.97,110.94,110.94,8551.0
2018-01-22 15:48:00,110.96,110.97,110.95,110.96,3705.0
2018-01-22 15:49:00,110.99,110.99,110.945,110.95,7200.0
2018-01-22 15:50:00,111.01,111.01,110.98,110.98,3400.0
2018-01-22 15:51:00,111.02,111.03,111.01,111.01,7040.0
2018-01-22 15:52:00,111.0103,111.03,110.99,111.03,13085.0
2018-01-22 15:53:00,110.97,111.02,110.96,111.02,9513.0
2018-01-22 15:54:00,110.98,110.98,110.95,110.97,6306.0
2018-01-22 15:55:00,110.98,110.99,110.97,110.98,3600.0
2018-01-22 15:56:00,110.97,111.0,110.97,111.0,9122.0
2018-01-22 15:57:00,110.96,110.98,110.96,110.975,6932.0
2018-01-22 15:58:00,110.925,110.97,110.92,110.97,8722.0
2018-01-22 15:59:00,110.99,110.99,110.93,110.93,8053.0
2018-01-22 16:00:00,110.95,110.99,110.88,110.99,23978.0
2018-01-23 09:30:00,110.64,110.64,110.64,110.64,4561.0
2018-01-23 09:31:00,110.8437,110.8437,110.0,110.0,3200.0
2018-01-23 09:32:00,110.19,110.19,110.03,110.11,500.0
2018-01-23 09:34:00,110.64,110.64,110.48,110.48,300.0
2018-01-23 09:36:00,110.52,110.52,110.52,110.52,100.0
2018-01-23 09:37:00,109.95,110.3795,109.95,110.37,2500.0
2018-01-23 09:38:00,109.86,110.1,109.86,109.99,1575.0
2018-01-23 09:39:00,109.95,110.02,109.81,110.0,1500.0
2018-01-23 09:40:00,109.94,110.0,109.94,109.99,715.0
2018-01-23 09:41:00,109.87,110.08,109.87,109.935,1500.0
2018-01-23 09:42:00,109.79,109.89,109.79,109.89,400.0
2018-01-23 09:43:00,109.7801,109.7801,109.76,109.78,1000.0
2018-01-23 09:44:00,109.64,109.84,109.64,109.84,1200.0
2018-01-23 09:45:00,109.61,109.61,109.61,109.61,100.0
2018-01-23 09:46:00,109.97,109.97,109.7175,109.8,1300.0
2018-01-23 09:47:00,109.78,109.97,109.78,109.97,1455.0
2018-01-23 09:48:00,109.79,109.79,109.79,109.79,100.0
2018-01-23 09:49:00,109.77,109.78,109.73,109.78,400.0
2018-01-23 09:50:00,109.68,109.69,109.68,109.69,300.0
2018-01-23 09:51:00,109.66,109.75,109.64,109.74,2167.0
2018-01-23 09:52:00,109.67,109.68,109.645,109.67,1700.0
2018-01-23 09:53:00,109.52,109.62,109.52,109.62,1300.0
2018-01-23 09:54:00,109.35,109.55,109.34,109.54,3874.0
2018-01-23 09:55:00,109.42,109.45,109.34,109.35,2300.0
2018-01-23 09:56:00,109.0,109.42,109.0,109.42,7610.0
2018-01-23 09:57:00,108.84,109.14,108.84,109.06,5745.0
2018-01-23 09:58:00,108.86,108.96,108.84,108.9,3537.0
2018-01-23 09:59:00,109.13,109.185,108.85,108.85,5417.0
2018-01-23 10:00:00,109.02,109.14,109.02,109.12,2463.0
2018-01-23 10:01:00,109.0548,109.09,108.94,109.04,2177.0
2018-01-23 10:02:00,109.08,109.08,109.05,109.07,1476.0
2018-01-23 10:03:00,109.26,109.31,109.19,109.19,910.0
2018-01-23 10:04:00,109.51,109.51,109.25,109.275,5250.0
2018-01-23 10:05:00,109.41,109.5,109.37,109.48,3100.0
2018-01-23 10:06:00,109.37,109.5,109.37,109.44,4781.0
2018-01-23 10:07:00,109.405,109.46,109.27,109.37,8070.0
2018-01-23 10:08:00,109.42,109.42,109.37,109.38,1200.0
2018-01-23 10:09:00,109.36,109.4,109.35,109.36,3700.0
2018-01-23 10:10:00,109.37,109.41,109.34,109.36,4300.0
2018-01-23 10:11:00,109.42,109.43,109.37,109.37,4493.0
2018-01-23 10:12:00,109.405,109.41,109.39,109.4,1400.0
2018-01-23 10:13:00,109.3,109.43,109.3,109.4,4956.0
2018-01-23 10:14:00,109.43,109.45,109.23,109.33,3796.0
2018-01-23 10:15:00,109.34,109.41,109.34,109.405,1000.0
2018-01-23 10:16:00,109.3,109.375,109.29,109.35,1000.0
2018-01-23 10:17:00,109.42,109.42,109.2435,109.27,4753.0
2018-01-23 10:18:00,109.381,109.41,109.37,109.4,4500.0
2018-01-23 10:19:00,109.42,109.46,109.4,109.4,3050.0
2018-01-23 10:20:00,109.34700000000001,109.415,109.31,109.4,2500.0
2018-01-23 10:21:00,109.35,109.35,109.25,109.29,1400.0
2018-01-23 10:22:00,109.3,109.36,109.26,109.3401,1800.0
2018-01-23 10:23:00,109.25,109.3,109.25,109.27,3200.0
2018-01-23 10:24:00,109.32,109.32,109.2,109.22,1525.0
2018-01-23 10:25:00,109.335,109.34,109.31,109.31,800.0
2018-01-23 10:26:00,109.395,109.41,109.31,109.31,1500.0
2018-01-23 10:27:00,109.33,109.41,109.3,109.405,2071.0
2018-01-23 10:28:00,109.3214,109.43,109.29,109.29,3441.0
2018-01-23 10:29:00,109.3,109.33,109.24,109.33,918.0
2018-01-23 10:30:00,109.33,109.33,109.27,109.27,400.0
2018-01-23 10:31:00,109.28,109.325,109.27,109.29,1500.0
2018-01-23 10:32:00,109.32,109.365,109.31,109.31,1500.0
2018-01-23 10:33:00,109.32,109.36,109.29,109.29,1000.0
2018-01-23 10:34:00,109.3176,109.3176,109.27,109.28,400.0
2018-01-23 10:35:00,109.4,109.4,109.3,109.3,1588.0
2018-01-23 10:36:00,109.36,109.3969,109.33,109.3969,1743.0
2018-01-23 10:37:00,109.41,109.42,109.35,109.35,1649.0
2018-01-23 10:38:00,109.32,109.38,109.3,109.38,700.0
2018-01-23 10:39:00,109.311,109.33,109.28,109.28,600.0
2018-01-23 10:40:00,109.27,109.33,109.27,109.31,1500.0
2018-01-23 10:41:00,109.27,109.27,109.27,109.27,100.0
2018-01-23 10:42:00,109.08,109.22,109.08,109.22,3450.0
2018-01-23 10:43:00,109.13,109.13,109.12,109.12,336.0
2018-01-23 10:44:00,109.17,109.2,109.15,109.16,1300.0
2018-01-23 10:45:00,109.18,109.18,109.15,109.18,600.0
2018-01-23 10:47:00,109.051,109.16,109.0501,109.16,4400.0
2018-01-23 10:48:00,109.1206,109.15,109.105,109.105,500.0
2018-01-23 10:49:00,109.13,109.15,109.08,109.08,900.0
2018-01-23 10:50:00,109.15,109.19,109.15,109.15,4400.0
2018-01-23 10:51:00,109.18,109.18,109.16,109.16,614.0
2018-01-23 10:52:00,109.155,109.155,109.155,109.155,200.0
2018-01-23 10:53:00,109.21,109.21,109.19,109.19,1400.0
2018-01-23 10:54:00,109.22,109.23,109.18,109.23,2100.0
2018-01-23 10:56:00,109.12,109.205,109.12,109.19,3900.0
2018-01-23 10:57:00,109.2701,109.31,109.17,109.17,2672.0
2018-01-23 10:58:00,109.315,109.315,109.315,109.315,100.0
2018-01-23 10:59:00,109.41,109.41,109.34,109.34,2400.0
2018-01-23 11:00:00,109.4701,109.51,109.43,109.435,1200.0
2018-01-23 11:01:00,109.4735,109.55,109.47,109.55,2105.0
2018-01-23 11:02:00,109.509,109.509,109.45,109.48,1115.0
2018-01-23 11:03:00,109.53,109.56,109.47,109.51,3240.0
2018-01-23 11:04:00,109.57,109.57,109.51,109.51,950.0
2018-01-23 11:05:00,109.49,109.559,109.49,109.52,2625.0
2018-01-23 11:06:00,109.44,109.485,109.43,109.485,5412.0
2018-01-23 11:07:00,109.43,109.48,109.43,109.462,2300.0
2018-01-23 11:08:00,109.41,109.4782,109.41,109.45,1417.0
2018-01-23 11:09:00,109.4668,109.4668,109.44,109.44,1000.0
2018-01-23 11:10:00,109.535,109.57,109.48,109.48,1350.0
2018-01-23 11:11:00,109.5,109.535,109.5,109.51,700.0
2018-01-23 11:12:00,109.51,109.51,109.5,109.5,500.0
2018-01-23 11:13:00,109.5,109.55,109.49,109.5,3905.0
2018-01-23 11:14:00,109.4313,109.49,109.42,109.49,2930.0
2018-01-23 11:15:00,109.5,109.5,109.41,109.42,1500.0
2018-01-23 11:16:00,109.49,109.49,109.46,109.48,400.0
2018-01-23 11:17:00,109.53,109.55,109.485,109.49,1500.0
2018-01-23 11:18:00,109.675,109.675,109.55,109.55,1400.0
2018-01-23 11:19:00,109.665,109.719,109.665,109.719,450.0
2018-01-23 11:20:00,109.665,109.665,109.665,109.665,100.0
2018-01-23 11:21:00,109.81,109.81,109.63,109.63,1600.0
2018-01-23 11:22:00,109.77,109.7975,109.75,109.7975,2000.0
2018-01-23 11:23:00,109.75,109.779,109.73,109.77,825.0
2018-01-23 11:24:00,109.765,109.77,109.7,109.7,3400.0
2018-01-23 11:25:00,109.75,109.772,109.75,109.772,1200.0
2018-01-23 11:26:00,109.71,109.82,109.71,109.79,4885.0
2018-01-23 11:28:00,109.71,109.71,109.71,109.71,200.0
2018-01-23 11:29:00,109.74,109.74,109.72,109.73,500.0
2018-01-23 11:30:00,109.725,109.725,109.725,109.725,100.0
2018-01-23 11:31:00,109.79,109.8,109.69,109.725,4039.0
2018-01-23 11:32:00,109.8052,109.82,109.74,109.78,3516.0
2018-01-23 11:33:00,109.85,109.85,109.83,109.83,394.0
2018-01-23 11:34:00,109.92,109.92,109.91,109.91,400.0
2018-01-23 11:35:00,109.95,109.95,109.92,109.92,800.0
2018-01-23 11:36:00,109.87,109.92,109.87,109.91,900.0
2018-01-23 11:37:00,109.73,109.83,109.73,109.83,2165.0
2018-01-23 11:38:00,109.79,109.79,109.79,109.79,200.0
2018-01-23 11:39:00,109.845,109.845,109.83,109.83,400.0
2018-01-23 11:40:00,109.8205,109.845,109.79,109.845,800.0
2018-01-23 11:41:00,109.89,109.89,109.85,109.859,1300.0
2018-01-23 11:42:00,109.84,109.89,109.73,109.89,2453.0
2018-01-23 11:43:00,109.88,109.88,109.88,109.88,100.0
2018-01-23 11:44:00,109.8625,109.91,109.8625,109.91,600.0
2018-01-23 11:45:00,109.87,109.895,109.87,109.88,600.0
2018-01-23 11:47:00,109.88,109.88,109.88,109.88,100.0
2018-01-23 11:48:00,109.86,109.885,109.86,109.87,2200.0
2018-01-23 11:49:00,109.89,109.9,109.86,109.87,4700.0
2018-01-23 11:50:00,109.7,109.87,109.7,109.86,1100.0
2018-01-23 11:51:00,109.64,109.68,109.64,109.68,200.0
2018-01-23 11:52:00,109.64,109.7,109.61,109.675,1600.0
2018-01-23 11:53:00,109.64,109.68,109.64,109.68,500.0
2018-01-23 11:54:00,109.7,109.7,109.66,109.66,500.0
2018-01-23 11:55:00,109.71,109.71,109.68,109.68,300.0
2018-01-23 11:56:00,109.695,109.695,109.695,109.695,100.0
2018-01-23 11:57:00,109.66,109.695,109.66,109.695,612.0
2018-01-23 11:58:00,109.86,109.86,109.65,109.65,2000.0
2018-01-23 11:59:00,109.8,109.8,109.8,109.8,500.0
2018-01-23 12:00:00,109.825,109.825,109.825,109.825,300.0
2018-01-23 12:02:00,109.825,109.825,109.825,109.825,100.0
2018-01-23 12:03:00,109.79,109.825,109.79,109.8,2700.0
2018-01-23 12:04:00,109.89,109.9,109.85,109.86,2400.0
2018-01-23 12:05:00,109.805,109.87,109.805,109.87,1600.0
2018-01-23 12:07:00,109.8202,109.8202,109.77,109.77,1100.0
2018-01-23 12:08:00,109.7701,109.8,109.7701,109.8,400.0
2018-01-23 12:09:00,109.82,109.82,109.805,109.805,400.0
2018-01-23 12:10:00,109.74,109.8,109.74,109.78,1200.0
2018-01-23 12:11:00,109.75,109.75,109.75,109.75,100.0
2018-01-23 12:12:00,109.73,109.77,109.73,109.77,600.0
2018-01-23 12:13:00,109.71,109.74,109.71,109.72,600.0
2018-01-23 12:14:00,109.715,109.735,109.71,109.735,466.0
2018-01-23 12:15:00,109.72,109.73,109.69,109.73,2526.0
2018-01-23 12:16:00,109.69,109.71,109.69,109.71,500.0
2018-01-23 12:17:00,109.6,109.695,109.6,109.695,1200.0
2018-01-23 12:18:00,109.61,109.61,109.61,109.61,100.0
2018-01-23 12:19:00,109.59,109.615,109.59,109.615,200.0
2018-01-23 12:20:00,109.54,109.62,109.515,109.6001,4453.0
2018-01-23 12:22:00,109.55,109.55,109.525,109.525,500.0
2018-01-23 12:23:00,109.49,109.53,109.49,109.52,1000.0
2018-01-23 12:24:00,109.52,109.52,109.52,109.52,100.0
2018-01-23 12:25:00,109.49,109.51,109.49,109.51,1020.0
2018-01-23 12:27:00,109.49,109.52,109.49,109.52,402.0
2018-01-23 12:28:00,109.45,109.4625,109.45,109.45,300.0
2018-01-23 12:29:00,109.45,109.45,109.385,109.385,1600.0
2018-01-23 12:31:00,109.45,109.47,109.43,109.43,1415.0
2018-01-23 12:32:00,109.43,109.45,109.41,109.45,2500.0
2018-01-23 12:33:00,109.44,109.44,109.44,109.44,200.0
2018-01-23 12:34:00,109.41,109.43,109.41,109.43,800.0
2018-01-23 12:35:00,109.441,109.45,109.41,109.41,1284.0
2018-01-23 12:36:00,109.41,109.45,109.41,109.45,624.0
2018-01-23 12:37:00,109.4114,109.4114,109.41,109.41,252.0
2018-01-23 12:38:00,109.36,109.4,109.35,109.4,2995.0
2018-01-23 12:39:00,109.23,109.35,109.23,109.35,1874.0
2018-01-23 12:40:00,109.18,109.25200000000001,109.18,109.25200000000001,4265.0
2018-01-23 12:41:00,109.0,109.17,109.0,109.17,3850.0
2018-01-23 12:42:00,109.0,109.03,108.9,109.0,6588.0
2018-01-23 12:43:00,109.0875,109.15,109.02,109.03,1200.0
2018-01-23 12:44:00,109.12,109.1736,109.06,109.0845,3596.0
2018-01-23 12:45:00,109.1437,109.1602,109.12,109.1602,1185.0
2018-01-23 12:46:00,109.12,109.155,109.12,109.155,200.0
2018-01-23 12:47:00,109.2125,109.25,109.16,109.16,2742.0
2018-01-23 12:49:00,109.26,109.26,109.2,109.225,1926.0
2018-01-23 12:50:00,109.25,109.25,109.235,109.235,400.0
2018-01-23 12:51:00,109.26,109.28,109.2301,109.235,5884.0
2018-01-23 12:52:00,109.26,109.3,109.24,109.26,6107.0
2018-01-23 12:53:00,109.3,109.32,109.25,109.26,4909.0
2018-01-23 12:54:00,109.3,109.36,109.28,109.3,2650.0
2018-01-23 12:55:00,109.37,109.37,109.3,109.3,2000.0
2018-01-23 12:56:00,109.33,109.43,109.33,109.39,3233.0
2018-01-23 12:57:00,109.46,109.46,109.32,109.32,3772.0
2018-01-23 12:58:00,109.44,109.44,109.4,109.4,500.0
2018-01-23 12:59:00,109.46,109.46,109.44,109.44,700.0
2018-01-23 13:00:00,109.45,109.5,109.45,109.5,1100.0
2018-01-23 13:01:00,109.58,109.61,109.485,109.49,2706.0
2018-01-23 13:02:00,109.535,109.57,109.52,109.57,800.0
2018-01-23 13:03:00,109.5101,109.565,109.5101,109.55,1600.0
2018-01-23 13:04:00,109.5686,109.5999,109.53,109.5395,3570.0
2018-01-23 13:05:00,109.585,109.585,109.58,109.58,400.0
2018-01-23 13:06:00,109.56,109.62,109.53,109.56,5800.0
2018-01-23 13:07:00,109.62,109.68,109.56,109.56,5338.0
2018-01-23 13:08:00,109.59,109.6,109.57,109.58,2400.0
2018-01-23 13:09:00,109.69,109.69,109.59,109.6,6200.0
2018-01-23 13:10:00,109.63,109.74,109.63,109.7,6717.0
2018-01-23 13:11:00,109.645,109.67,109.63,109.63,2684.0
2018-01-23 13:12:00,109.62,109.73,109.62,109.73,2200.0
2018-01-23 13:13:00,109.57,109.62,109.57,109.6101,1804.0
2018-01-23 13:14:00,109.53,109.56,109.53,109.56,600.0
2018-01-23 13:15:00,109.55,109.55,109.52,109.53,1200.0
2018-01-23 13:16:00,109.56,109.57,109.54,109.54,700.0
2018-01-23 13:18:00,109.58,109.59,109.57,109.57,700.0
2018-01-23 13:19:00,109.58,109.58,109.564,109.564,600.0
2018-01-23 13:20:00,109.5425,109.5854,109.5425,109.58,3467.0
2018-01-23 13:21:00,109.56,109.56,109.56,109.56,300.0
2018-01-23 13:22:00,109.53,109.53,109.53,109.53,200.0
2018-01-23 13:23:00,109.51,109.51,109.51,109.51,100.0
2018-01-23 13:24:00,109.54,109.54,109.54,109.54,100.0
2018-01-23 13:25:00,109.57,109.57,109.54,109.54,800.0
2018-01-23 13:26:00,109.53,109.58,109.51,109.58,2000.0
2018-01-23 13:27:00,109.54,109.55,109.54,109.55,200.0
2018-01-23 13:28:00,109.51,109.535,109.51,109.53,1600.0
2018-01-23 13:29:00,109.5484,109.5484,109.5484,109.5484,100.0
2018-01-23 13:30:00,109.58,109.58,109.525,109.525,858.0
2018-01-23 13:32:00,109.59,109.59,109.57,109.57,300.0
2018-01-23 13:33:00,109.61,109.625,109.585,109.59,4500.0
2018-01-23 13:34:00,109.6,109.61,109.6,109.6,1501.0
2018-01-23 13:35:00,109.55,109.59,109.55,109.58,3330.0
2018-01-23 13:36:00,109.62,109.62,109.55,109.55,2120.0
2018-01-23 13:37:00,109.63,109.64,109.61,109.64,800.0
2018-01-23 13:38:00,109.61,109.65,109.6,109.615,2700.0
2018-01-23 13:39:00,109.64,109.68,109.62,109.62,3423.0
2018-01-23 13:40:00,109.66,109.66,109.61,109.64,874.0
2018-01-23 13:41:00,109.7268,109.73,109.67,109.67,1850.0
2018-01-23 13:42:00,109.71,109.74,109.7,109.72,2285.0
2018-01-23 13:43:00,109.73,109.73,109.73,109.73,1400.0
2018-01-23 13:44:00,109.7282,109.7282,109.7282,109.7282,177.0
2018-01-23 13:45:00,109.74,109.74,109.7092,109.7092,1100.0
2018-01-23 13:46:00,109.98,109.99,109.73,109.74,19906.0
2018-01-23 13:47:00,110.11,110.15,109.96,110.0,25010.0
2018-01-23 13:48:00,109.835,110.0588,109.8,110.055,11250.0
2018-01-23 13:49:00,109.93,109.95,109.85,109.865,5850.0
2018-01-23 13:50:00,110.04,110.04,109.83,109.905,9400.0
2018-01-23 13:51:00,109.94,110.05,109.82,110.015,13208.0
2018-01-23 13:52:00,110.11,110.1699,109.93,109.93,11926.0
2018-01-23 13:53:00,110.35,110.39,110.14,110.16,15043.0
2018-01-23 13:54:00,110.435,110.44,110.27,110.27,7620.0
2018-01-23 13:55:00,110.5,110.54,110.43,110.48,9143.0
2018-01-23 13:56:00,110.395,110.52,110.38,110.43,6582.0
2018-01-23 13:57:00,110.45,110.45,110.39,110.395,2700.0
2018-01-23 13:58:00,110.355,110.42,110.31,110.42,3449.0
2018-01-23 13:59:00,110.39,110.3967,110.31,110.3967,4777.0
2018-01-23 14:00:00,110.38,110.4,110.33,110.376,1700.0
2018-01-23 14:01:00,110.26,110.41,110.26,110.41,5100.0
2018-01-23 14:02:00,110.025,110.23,109.99,110.23,4995.0
2018-01-23 14:03:00,110.035,110.07,109.96,110.01,2651.0
2018-01-23 14:04:00,110.145,110.28,110.04,110.05,4876.0
2018-01-23 14:05:00,110.25,110.28,110.145,110.145,6900.0
2018-01-23 14:06:00,110.25,110.28,110.21,110.22,3644.0
2018-01-23 14:07:00,110.285,110.31,110.22,110.22,2595.0
2018-01-23 14:08:00,110.34,110.34,110.285,110.33,600.0
2018-01-23 14:09:00,110.48,110.48,110.32,110.32,5491.0
2018-01-23 14:10:00,110.57,110.575,110.45,110.52,12311.0
2018-01-23 14:11:00,110.75,110.85,110.53,110.53,18345.0
2018-01-23 14:12:00,110.76,110.78,110.71,110.73,6513.0
2018-01-23 14:13:00,110.81,110.88,110.77,110.78,6500.0
2018-01-23 14:14:00,110.715,110.8,110.57,110.76,16400.0
2018-01-23 14:15:00,110.835,110.89,110.69,110.7,4571.0
2018-01-23 14:16:00,110.9,110.95,110.77,110.78,3997.0
2018-01-23 14:17:00,110.81,110.89,110.8,110.86,6672.0
2018-01-23 14:18:00,110.71,110.85,110.68,110.76,3200.0
2018-01-23 14:19:00,110.77,110.77,110.69,110.7,3100.0
2018-01-23 14:20:00,110.7,110.8,110.68,110.8,4562.0
2018-01-23 14:21:00,110.66,110.7,110.62,110.68,2681.0
2018-01-23 14:22:00,110.73,110.77,110.62,110.64,7104.0
2018-01-23 14:23:00,110.8,110.8,110.75,110.76,1900.0
2018-01-23 14:24:00,110.78,110.83,110.78,110.805,2000.0
2018-01-23 14:25:00,110.805,110.82,110.78,110.79,1710.0
2018-01-23 14:26:00,110.79,110.84,110.79,110.805,3900.0
2018-01-23 14:27:00,110.8784,110.9,110.805,110.805,2700.0
2018-01-23 14:28:00,110.85,110.9,110.85,110.87,2427.0
2018-01-23 14:29:00,110.89,110.94,110.865,110.865,3310.0
2018-01-23 14:30:00,110.86,110.94,110.86,110.91,4606.0
2018-01-23 14:31:00,110.88,110.9,110.86,110.87,4395.0
2018-01-23 14:32:00,110.93,110.93,110.88,110.895,2300.0
2018-01-23 14:33:00,110.99,111.007,110.94,110.94,6865.0
2018-01-23 14:34:00,110.955,111.0062,110.95,111.0062,4170.0
2018-01-23 14:35:00,111.0,111.0,110.91,110.955,4632.0
2018-01-23 14:36:00,110.97,110.995,110.92,110.98,7800.0
2018-01-23 14:37:00,110.83,110.955,110.83,110.955,5800.0
2018-01-23 14:38:00,110.73,110.83,110.7,110.82,3450.0
2018-01-23 14:39:00,110.8,110.8,110.73,110.745,3900.0
2018-01-23 14:40:00,110.81,110.82,110.77,110.81,4413.0
2018-01-23 14:41:00,110.72,110.82,110.7,110.81,3400.0
2018-01-23 14:42:00,110.64,110.7,110.64,110.7,3349.0
2018-01-23 14:43:00,110.62,110.6507,110.62,110.63,759.0
2018-01-23 14:44:00,110.75,110.75,110.61,110.64,4799.0
2018-01-23 14:45:00,110.78,110.86,110.72,110.72,3352.0
2018-01-23 14:46:00,110.86,110.86,110.78,110.78,1700.0
2018-01-23 14:47:00,110.92,110.92,110.84,110.86,2000.0
2018-01-23 14:48:00,110.98,110.98,110.92,110.92,1000.0
2018-01-23 14:49:00,110.98,110.98,110.94,110.97,2100.0
2018-01-23 14:50:00,111.079,111.079,110.94,110.95,3400.0
2018-01-23 14:51:00,111.16,111.19,111.035,111.04,2400.0
2018-01-23 14:52:00,111.17,111.21,111.165,111.2,4100.0
2018-01-23 14:53:00,111.25,111.28,111.14,111.16,3800.0
2018-01-23 14:54:00,111.28,111.29,111.23,111.25,1500.0
2018-01-23 14:55:00,111.31,111.35,111.24,111.29,4282.0
2018-01-23 14:56:00,110.95,111.3025,110.95,111.27,10139.0
2018-01-23 14:57:00,110.93,111.03,110.915,110.98,4073.0
2018-01-23 14:58:00,110.825,110.94,110.77,110.94,1419.0
2018-01-23 14:59:00,110.77,110.82,110.75,110.82,2000.0
2018-01-23 15:00:00,110.78,110.82,110.73,110.77,4720.0
2018-01-23 15:01:00,110.72,110.785,110.72,110.75,4200.0
2018-01-23 15:02:00,110.735,110.825,110.71,110.77,3612.0
2018-01-23 15:03:00,110.7,110.735,110.67,110.71,4357.0
2018-01-23 15:04:00,110.695,110.7185,110.67,110.705,1812.0
2018-01-23 15:05:00,110.691,110.72,110.69,110.71,2737.0
2018-01-23 15:06:00,110.74,110.77,110.69,110.715,3261.0
2018-01-23 15:07:00,110.88,110.96,110.755,110.755,4762.0
2018-01-23 15:08:00,110.95,110.95,110.94,110.95,700.0
2018-01-23 15:09:00,110.88,110.955,110.855,110.955,4000.0
2018-01-23 15:10:00,110.98,110.98,110.91,110.91,1100.0
2018-01-23 15:11:00,111.01,111.06,110.99,110.99,5040.0
2018-01-23 15:12:00,110.98,111.0,110.96,110.98,2300.0
2018-01-23 15:13:00,111.08,111.1,111.0,111.0,3200.0
2018-01-23 15:14:00,111.12,111.14,111.1,111.11,3474.0
2018-01-23 15:15:00,111.14,111.19,111.071,111.071,3448.0
2018-01-23 15:16:00,111.07,111.1505,111.06,111.1505,4250.0
2018-01-23 15:17:00,111.03,111.09,111.03,111.08,2800.0
2018-01-23 15:18:00,111.08,111.08,111.02,111.02,4703.0
2018-01-23 15:19:00,111.16,111.19,111.08,111.08,3766.0
2018-01-23 15:20:00,111.1,111.16,111.06,111.16,7580.0
2018-01-23 15:21:00,111.17,111.2,111.061,111.09,4038.0
2018-01-23 15:22:00,111.19,111.2,111.18,111.18,1100.0
2018-01-23 15:23:00,111.16,111.2,111.13,111.2,3600.0
2018-01-23 15:24:00,111.3089,111.32,111.18,111.18,5920.0
2018-01-23 15:25:00,111.2658,111.32,111.2658,111.31,2152.0
2018-01-23 15:26:00,111.37,111.39,111.26,111.29,6433.0
2018-01-23 15:27:00,111.355,111.38,111.35,111.36,1800.0
2018-01-23 15:28:00,111.38,111.4,111.31,111.355,11533.0
2018-01-23 15:29:00,111.425,111.43,111.38,111.38,2812.0
2018-01-23 15:30:00,111.45,111.46,111.4,111.425,4200.0
2018-01-23 15:31:00,111.46,111.5,111.42,111.45,9312.0
2018-01-23 15:32:00,111.42,111.49,111.42,111.47,8224.0
2018-01-23 15:33:00,111.41,111.44,111.4,111.43,11732.0
2018-01-23 15:34:00,111.395,111.41,111.38,111.4,4847.0
2018-01-23 15:35:00,111.54,111.54,111.4,111.41,11145.0
2018-01-23 15:36:00,111.5,111.545,111.4449,111.52,8183.0
2018-01-23 15:37:00,111.51,111.51,111.43,111.485,4059.0
2018-01-23 15:38:00,111.5,111.53,111.47,111.5,6550.0
2018-01-23 15:39:00,111.515,111.53,111.48,111.495,4400.0
2018-01-23 15:40:00,111.53,111.56,111.5,111.53,9500.0
2018-01-23 15:41:00,111.54,111.55,111.51,111.52,4892.0
2018-01-23 15:42:00,111.58,111.58,111.53,111.535,10674.0
2018-01-23 15:43:00,111.645,111.645,111.57,111.57,7467.0
2018-01-23 15:44:00,111.6,111.65,111.6,111.635,10500.0
2018-01-23 15:45:00,111.71,111.72,111.6,111.6,6347.0
2018-01-23 15:46:00,111.64,111.72,111.64,111.71,12170.0
2018-01-23 15:47:00,111.7,111.71,111.62,111.65,10106.0
2018-01-23 15:48:00,111.76,111.76,111.68,111.72,5100.0
2018-01-23 15:49:00,111.79,111.84,111.75,111.75,9612.0
2018-01-23 15:50:00,111.865,111.88,111.78,111.8,14806.0
2018-01-23 15:51:00,111.82,111.88,111.82,111.88,14879.0
2018-01-23 15:52:00,111.81,111.84,111.8,111.84,10262.0
2018-01-23 15:53:00,111.815,111.84,111.79,111.805,9440.0
2018-01-23 15:54:00,111.83,111.85,111.81,111.82,8894.0
2018-01-23 15:55:00,111.85,111.85,111.81,111.84,7634.0
2018-01-23 15:56:00,111.9,111.9,111.83,111.84,18126.0
2018-01-23 15:57:00,111.88,111.92,111.86,111.88,13604.0
2018-01-23 15:58:00,111.87,111.9,111.87,111.89,16583.0
2018-01-23 15:59:00,111.85,111.89,111.85,111.87,25379.0
2018-01-23 16:00:00,111.66,111.88,111.53,111.86,37781.0
2018-01-24 09:30:00,111.86,111.86,111.86,111.86,4994.0
2018-01-24 09:31:00,111.9,112.0,111.75,112.0,1000.0
2018-01-24 09:32:00,111.76,111.9,111.76,111.9,500.0
2018-01-24 09:33:00,111.87,111.93,111.87,111.89,1400.0
2018-01-24 09:34:00,111.73,111.865,111.545,111.81,4971.0
2018-01-24 09:35:00,112.22,112.22,111.74,111.74,2910.0
2018-01-24 09:36:00,112.51,112.64,112.32,112.32,1456.0
2018-01-24 09:37:00,112.76,112.76,112.63,112.63,300.0
2018-01-24 09:38:00,112.65,112.77,112.4,112.61,5438.0
2018-01-24 09:39:00,112.7,112.88,112.68,112.74,7426.0
2018-01-24 09:40:00,112.78,112.84,112.75,112.79,1100.0
2018-01-24 09:41:00,112.695,112.87,112.67,112.73,1700.0
2018-01-24 09:42:00,112.8,112.87,112.745,112.745,4600.0
2018-01-24 09:43:00,112.75,112.77,112.64,112.74,5209.0
2018-01-24 09:44:00,112.745,112.76,112.66,112.76,3100.0
2018-01-24 09:45:00,112.654,112.74,112.53,112.715,7051.0
2018-01-24 09:46:00,112.53,112.72,112.5,112.72,4750.0
2018-01-24 09:47:00,112.6675,112.6675,112.5,112.545,3400.0
2018-01-24 09:48:00,112.675,112.74,112.62,112.65,4900.0
2018-01-24 09:49:00,112.75,112.79,112.655,112.675,3500.0
2018-01-24 09:50:00,112.67,112.76,112.64,112.74,7300.0
2018-01-24 09:51:00,112.655,112.67,112.57,112.63,4050.0
2018-01-24 09:52:00,112.5842,112.77,112.5842,112.7,3399.0
2018-01-24 09:53:00,112.545,112.55,112.48,112.55,1331.0
2018-01-24 09:54:00,112.51,112.515,112.4,112.45,1901.0
2018-01-24 09:55:00,112.601,112.601,112.48,112.48,1250.0
2018-01-24 09:56:00,112.645,112.645,112.55,112.55,600.0
2018-01-24 09:57:00,112.76,112.77,112.52,112.6,4800.0
2018-01-24 09:58:00,112.86,112.86,112.76,112.76,4500.0
2018-01-24 09:59:00,112.805,112.86,112.79,112.83,4600.0
2018-01-24 10:00:00,112.77,112.84,112.77,112.805,3545.0
2018-01-24 10:01:00,112.93,113.11,112.78,112.79,13705.0
2018-01-24 10:02:00,112.97,112.98,112.87,112.935,3825.0
2018-01-24 10:03:00,113.135,113.15,112.91,112.92,8252.0
2018-01-24 10:04:00,112.98,113.135,112.92,113.135,5080.0
2018-01-24 10:05:00,113.1,113.11,112.97,113.0,5470.0
2018-01-24 10:06:00,113.36,113.36,113.055,113.109,5001.0
2018-01-24 10:07:00,113.52,113.54,113.3,113.3,3924.0
2018-01-24 10:08:00,113.36,113.53,113.35,113.5,5872.0
2018-01-24 10:09:00,113.415,113.48,113.36,113.36,5531.0
2018-01-24 10:10:00,113.28,113.4241,113.28,113.4225,4200.0
2018-01-24 10:11:00,113.33,113.37,113.26,113.315,4094.0
2018-01-24 10:12:00,113.37,113.37,113.31,113.33,1205.0
2018-01-24 10:13:00,113.37,113.405,113.33,113.38,2523.0
2018-01-24 10:14:00,113.4,113.42,113.4,113.4,1947.0
2018-01-24 10:15:00,113.16,113.39,113.16,113.38,4088.0
2018-01-24 10:16:00,113.209,113.22,113.15,113.2,4307.0
2018-01-24 10:17:00,112.89,113.2,112.82,113.2,4033.0
2018-01-24 10:18:00,112.9192,112.9192,112.84,112.87,1508.0
2018-01-24 10:19:00,112.88,112.88,112.88,112.88,400.0
2018-01-24 10:20:00,112.7539,112.88,112.7539,112.85,2921.0
2018-01-24 10:21:00,112.83,112.83,112.76,112.76,3130.0
2018-01-24 10:22:00,112.89,112.9,112.85,112.85,2364.0
2018-01-24 10:23:00,112.81,112.83,112.81,112.81,1000.0
2018-01-24 10:24:00,112.825,112.86,112.825,112.84,900.0
2018-01-24 10:25:00,112.88,112.88,112.825,112.825,1200.0
2018-01-24 10:26:00,112.89,112.96,112.89,112.91,1724.0
2018-01-24 10:27:00,112.79,112.905,112.79,112.905,1200.0
2018-01-24 10:28:00,112.89,112.915,112.81,112.81,2712.0
2018-01-24 10:29:00,112.86,112.86,112.86,112.86,300.0
2018-01-24 10:30:00,113.01,113.01,112.86,112.86,1300.0
2018-01-24 10:31:00,113.16,113.19,113.03,113.03,1270.0
2018-01-24 10:32:00,113.17,113.17,113.11,113.11,1719.0
2018-01-24 10:33:00,113.3076,113.3399,113.17,113.17,3300.0
2018-01-24 10:34:00,113.2525,113.31,113.24,113.31,1900.0
2018-01-24 10:35:00,113.31,113.37,113.25,113.27,3384.0
2018-01-24 10:36:00,113.32,113.36,113.3,113.35,5748.0
2018-01-24 10:37:00,113.36,113.465,113.34,113.34,4817.0
2018-01-24 10:38:00,113.405,113.41,113.34,113.385,2342.0
2018-01-24 10:39:00,113.4,113.4,113.38,113.38,300.0
2018-01-24 10:40:00,113.41,113.44,113.4,113.41,4900.0
2018-01-24 10:41:00,113.1,113.44,113.1,113.44,5900.0
2018-01-24 10:42:00,113.09,113.28,113.09,113.18,3669.0
2018-01-24 10:43:00,113.09,113.2,113.09,113.13,2100.0
2018-01-24 10:44:00,113.22,113.22,113.11,113.14,5420.0
2018-01-24 10:45:00,113.11,113.2,113.09,113.18,4398.0
2018-01-24 10:46:00,113.13,113.21,113.07,113.1839,5616.0
2018-01-24 10:47:00,113.13,113.21,113.13,113.2,900.0
2018-01-24 10:48:00,113.1,113.1,113.1,113.1,100.0
2018-01-24 10:49:00,113.075,113.1136,113.06,113.1136,700.0
2018-01-24 10:50:00,113.12,113.12,113.09,113.09,2619.0
2018-01-24 10:51:00,113.195,113.22,113.12,113.12,2303.0
2018-01-24 10:52:00,113.35,113.35,113.22,113.22,3569.0
2018-01-24 10:53:00,113.24,113.32,113.24,113.32,1600.0
2018-01-24 10:54:00,113.29,113.29,113.14,113.2,2100.0
2018-01-24 10:55:00,113.24,113.3,113.2,113.3,2402.0
2018-01-24 10:56:00,113.04,113.22,113.04,113.22,1108.0
2018-01-24 10:57:00,113.02,113.06,112.945,113.05,5403.0
2018-01-24 10:58:00,112.87,113.0,112.87,113.0,2389.0
2018-01-24 10:59:00,112.93,113.0,112.83,112.83,1500.0
2018-01-24 11:00:00,113.08,113.16,112.935,112.935,5100.0
2018-01-24 11:01:00,113.01,113.13,113.01,113.12,3701.0
2018-01-24 11:02:00,113.025,113.025,112.9788,112.9788,550.0
2018-01-24 11:03:00,113.02,113.05,113.02,113.05,1200.0
2018-01-24 11:04:00,113.06,113.06,112.98,113.06,5550.0
2018-01-24 11:05:00,113.07,113.09,113.0,113.04,3100.0
2018-01-24 11:06:00,113.05,113.09,113.0,113.08,4023.0
2018-01-24 11:07:00,113.0,113.05,113.0,113.05,4250.0
2018-01-24 11:08:00,113.01,113.06,113.0,113.02,2200.0
2018-01-24 11:09:00,112.94,113.0,112.94,113.0,1800.0
2018-01-24 11:10:00,112.88,112.94,112.88,112.9,3050.0
2018-01-24 11:11:00,112.875,112.9,112.85,112.85,1300.0
2018-01-24 11:12:00,112.74,112.9,112.74,112.87,724.0
2018-01-24 11:13:00,112.63,112.72,112.63,112.72,1000.0
2018-01-24 11:14:00,112.46,112.655,112.46,112.655,700.0
2018-01-24 11:15:00,112.42,112.54,112.42,112.48,1924.0
2018-01-24 11:16:00,112.37,112.44,112.34,112.38,5412.0
2018-01-24 11:17:00,112.37,112.39,112.27,112.34,4200.0
2018-01-24 11:18:00,112.44,112.45,112.44,112.45,200.0
2018-01-24 11:19:00,112.41,112.46,112.32,112.46,2500.0
2018-01-24 11:20:00,112.41,112.42,112.38,112.415,1000.0
2018-01-24 11:21:00,112.355,112.395,112.355,112.395,800.0
2018-01-24 11:22:00,112.3,112.35,112.28,112.35,1450.0
2018-01-24 11:23:00,112.22,112.31,112.22,112.31,1700.0
2018-01-24 11:24:00,112.24,112.29,112.15,112.2,2576.0
2018-01-24 11:25:00,112.24,112.295,112.24,112.27,3997.0
2018-01-24 11:26:00,112.38,112.38,112.26,112.26,1200.0
2018-01-24 11:27:00,112.32,112.35,112.32,112.35,200.0
2018-01-24 11:28:00,112.31,112.31,112.31,112.31,100.0
2018-01-24 11:29:00,112.36,112.41,112.34,112.34,1000.0
2018-01-24 11:30:00,112.4,112.4,112.39,112.39,600.0
2018-01-24 11:31:00,112.39,112.465,112.39,112.41,2882.0
2018-01-24 11:32:00,112.29,112.4,112.19,112.4,3000.0
2018-01-24 11:33:00,112.31,112.31,112.24,112.24,1622.0
2018-01-24 11:34:00,112.2555,112.3,112.2555,112.28,2200.0
2018-01-24 11:35:00,112.2,112.2894,112.14,112.2894,1375.0
2018-01-24 11:36:00,112.09,112.32,112.09,112.2,4500.0
2018-01-24 11:37:00,112.04,112.16,112.04,112.09,4052.0
2018-01-24 11:38:00,112.02,112.045,111.94,111.99,650.0
2018-01-24 11:39:00,111.965,111.99,111.89,111.94,3369.0
2018-01-24 11:40:00,112.13,112.13,111.86,111.92,7175.0
2018-01-24 11:41:00,112.3,112.41,112.07,112.1,12842.0
2018-01-24 11:42:00,112.42,112.42,112.33,112.35,5900.0
2018-01-24 11:43:00,112.425,112.425,112.425,112.425,200.0
2018-01-24 11:44:00,112.51,112.57,112.425,112.425,6437.0
2018-01-24 11:45:00,112.57,112.59,112.44,112.51,4500.0
2018-01-24 11:46:00,112.66,112.68,112.56,112.56,5415.0
2018-01-24 11:47:00,112.72,112.72,112.6,112.65,4251.0
2018-01-24 11:48:00,112.43,112.65,112.43,112.65,2500.0
2018-01-24 11:49:00,112.4,112.42,112.37,112.37,950.0
2018-01-24 11:50:00,112.255,112.46,112.255,112.46,1800.0
2018-01-24 11:51:00,112.36,112.36,112.3,112.3,1700.0
2018-01-24 11:52:00,112.33,112.34,112.27,112.34,680.0
2018-01-24 11:53:00,112.41,112.41,112.3125,112.34,3166.0
2018-01-24 11:54:00,112.46,112.46,112.3862,112.3862,778.0
2018-01-24 11:55:00,112.455,112.525,112.4,112.49,4400.0
2018-01-24 11:56:00,112.415,112.415,112.415,112.415,100.0
2018-01-24 11:57:00,112.4749,112.4749,112.29,112.33,2229.0
2018-01-24 11:58:00,112.43,112.5,112.41,112.45,1563.0
2018-01-24 11:59:00,112.37,112.41,112.36,112.36,500.0
2018-01-24 12:00:00,112.32,112.37,112.32,112.36,1000.0
2018-01-24 12:01:00,112.34,112.44,112.34,112.4,8821.0
2018-01-24 12:02:00,112.45,112.45,112.34,112.34,5179.0
2018-01-24 12:03:00,112.405,112.44,112.38,112.41,2900.0
2018-01-24 12:04:00,112.42,112.45,112.42,112.43,1100.0
2018-01-24 12:05:00,112.45,112.47,112.42,112.425,1700.0
2018-01-24 12:06:00,112.58,112.58,112.46,112.465,2927.0
2018-01-24 12:07:00,112.61,112.61,112.57,112.57,2514.0
2018-01-24 12:08:00,112.65,112.66,112.6,112.6,1586.0
2018-01-24 12:09:00,112.58,112.64,112.56,112.64,800.0
2018-01-24 12:10:00,112.52,112.56,112.52,112.53,500.0
2018-01-24 12:11:00,112.36,112.445,112.36,112.445,1050.0
2018-01-24 12:12:00,112.405,112.42,112.4,112.415,700.0
2018-01-24 12:13:00,112.39,112.42,112.35,112.4,1948.0
2018-01-24 12:14:00,112.39,112.4,112.38,112.4,600.0
2018-01-24 12:15:00,112.25,112.36,112.25,112.31,3900.0
2018-01-24 12:16:00,112.195,112.29,112.19,112.29,2100.0
2018-01-24 12:17:00,112.195,112.21,112.14,112.16,5351.0
2018-01-24 12:18:00,112.1,112.21,112.065,112.21,4596.0
2018-01-24 12:19:00,112.11,112.17,112.1,112.1,9909.0
2018-01-24 12:20:00,112.225,112.27,112.12,112.12,6600.0
2018-01-24 12:21:00,112.17,112.22,112.17,112.19,4600.0
2018-01-24 12:22:00,112.055,112.16,112.055,112.16,2500.0
2018-01-24 12:23:00,112.0,112.06,111.97,112.06,7244.0
2018-01-24 12:24:00,111.97,112.0,111.97,112.0,900.0
2018-01-24 12:25:00,111.9692,112.0,111.9,112.0,2809.0
2018-01-24 12:27:00,111.915,111.915,111.915,111.915,100.0
2018-01-24 12:28:00,111.79,111.915,111.79,111.88,2100.0
2018-01-24 12:29:00,111.83,111.89,111.82,111.85,5351.0
2018-01-24 12:30:00,111.9,111.9,111.82,111.8426,787.0
2018-01-24 12:31:00,111.935,111.94,111.88,111.88,800.0
2018-01-24 12:32:00,111.92,111.935,111.91,111.935,5338.0
2018-01-24 12:33:00,111.97,111.98,111.93,111.94,2203.0
2018-01-24 12:34:00,112.1,112.1,111.99,112.02,3479.0
2018-01-24 12:35:00,112.055,112.08,112.04,112.08,3089.0
2018-01-24 12:36:00,112.035,112.1,112.01,112.03,9584.0
2018-01-24 12:37:00,111.95,112.06,111.95,112.0536,2100.0
2018-01-24 12:38:00,111.875,111.95,111.82,111.95,7050.0
2018-01-24 12:39:00,111.88,111.96,111.875,111.875,1500.0
2018-01-24 12:40:00,111.72,111.905,111.72,111.905,1700.0
2018-01-24 12:41:00,111.7,111.7,111.67,111.67,300.0
2018-01-24 12:42:00,111.805,111.805,111.68,111.685,2461.0
2018-01-24 12:43:00,111.77,111.86,111.76,111.805,2160.0
2018-01-24 12:44:00,111.755,111.755,111.755,111.755,200.0
2018-01-24 12:45:00,111.79,111.79,111.78,111.78,1162.0
2018-01-24 12:46:00,111.64,111.76,111.64,111.76,1800.0
2018-01-24 12:47:00,111.595,111.645,111.595,111.645,400.0
2018-01-24 12:48:00,111.75,111.75,111.62,111.62,2100.0
2018-01-24 12:49:00,111.667,111.71,111.667,111.67,4137.0
2018-01-24 12:50:00,111.67,111.74,111.6,111.6,3453.0
2018-01-24 12:51:00,111.69,111.715,111.69,111.6905,355.0
2018-01-24 12:52:00,111.76,111.76,111.72,111.73,900.0
2018-01-24 12:53:00,111.76,111.81,111.72,111.79,1400.0
2018-01-24 12:54:00,111.73,111.785,111.71,111.785,1400.0
2018-01-24 12:55:00,111.715,111.715,111.715,111.715,100.0
2018-01-24 12:56:00,111.81,111.83,111.68,111.75,3172.0
2018-01-24 12:57:00,111.795,111.8218,111.795,111.81,600.0
2018-01-24 12:58:00,111.78,111.795,111.77,111.795,900.0
2018-01-24 12:59:00,111.81,111.81,111.81,111.81,100.0
2018-01-24 13:00:00,111.7728,111.8,111.7728,111.8,508.0
2018-01-24 13:02:00,111.8,111.82,111.76,111.7935,4882.0
2018-01-24 13:03:00,111.705,111.805,111.705,111.805,11400.0
2018-01-24 13:04:00,111.54,111.73,111.54,111.73,5139.0
2018-01-24 13:05:00,111.57,111.58,111.52,111.52,600.0
2018-01-24 13:06:00,111.49,111.55,111.49,111.55,400.0
2018-01-24 13:07:00,111.5,111.535,111.5,111.535,400.0
2018-01-24 13:08:00,111.38,111.505,111.38,111.505,3512.0
2018-01-24 13:09:00,111.319,111.36,111.27,111.36,4195.0
2018-01-24 13:10:00,111.32,111.35,111.27,111.32,3696.0
2018-01-24 13:11:00,111.36,111.41,111.29,111.29,1300.0
2018-01-24 13:12:00,111.41,111.42,111.31,111.35,2100.0
2018-01-24 13:13:00,111.43,111.43,111.412,111.412,600.0
2018-01-24 13:14:00,111.44,111.44,111.38,111.38,1410.0
2018-01-24 13:15:00,111.43,111.46,111.41,111.41,3400.0
2018-01-24 13:16:00,111.37,111.4,111.32,111.4,1200.0
2018-01-24 13:17:00,111.41,111.41,111.41,111.41,200.0
2018-01-24 13:18:00,111.45,111.49,111.4,111.4,800.0
2018-01-24 13:19:00,111.445,111.46,111.42,111.43,1962.0
2018-01-24 13:20:00,111.4902,111.4902,111.41,111.42,1400.0
2018-01-24 13:21:00,111.48,111.5,111.45,111.45,728.0
2018-01-24 13:22:00,111.47,111.47,111.4,111.46,4000.0
2018-01-24 13:23:00,111.59,111.59,111.5,111.5,2300.0
2018-01-24 13:24:00,111.58,111.58,111.58,111.58,100.0
2018-01-24 13:25:00,111.63,111.63,111.55,111.59,2200.0
2018-01-24 13:26:00,111.66,111.67,111.62,111.65,600.0
2018-01-24 13:27:00,111.675,111.73,111.675,111.71,1400.0
2018-01-24 13:28:00,111.71,111.71,111.69,111.69,500.0
2018-01-24 13:29:00,111.72,111.72,111.65,111.68,1300.0
2018-01-24 13:30:00,111.78,111.995,111.74,111.74,12598.0
2018-01-24 13:31:00,111.76,111.78,111.73,111.78,2600.0
2018-01-24 13:32:00,111.8,111.8,111.68,111.73,2300.0
2018-01-24 13:33:00,111.835,111.85,111.8,111.8,2200.0
2018-01-24 13:34:00,111.795,111.81,111.79,111.81,1451.0
2018-01-24 13:35:00,111.85,111.85,111.73,111.76,4300.0
2018-01-24 13:36:00,111.875,111.9,111.84,111.89,3000.0
2018-01-24 13:37:00,111.755,111.84,111.75,111.82,3700.0
2018-01-24 13:38:00,111.775,111.775,111.775,111.775,200.0
2018-01-24 13:39:00,111.74,111.8,111.72,111.8,1800.0
2018-01-24 13:40:00,111.78,111.8,111.73,111.73,1710.0
2018-01-24 13:41:00,111.75,111.785,111.75,111.78,1400.0
2018-01-24 13:42:00,111.72,111.73,111.7,111.73,615.0
2018-01-24 13:43:00,111.74,111.76,111.735,111.74,7824.0
2018-01-24 13:44:00,111.72,111.76,111.65,111.74,9514.0
2018-01-24 13:45:00,111.72,111.76,111.69,111.72,6711.0
2018-01-24 13:46:00,111.79,111.8,111.72,111.72,15750.0
2018-01-24 13:47:00,111.75,111.82,111.705,111.78,9100.0
2018-01-24 13:48:00,111.75,111.785,111.74,111.75,5300.0
2018-01-24 13:49:00,111.765,111.78,111.7,111.78,8008.0
2018-01-24 13:50:00,111.76,111.8,111.755,111.8,2772.0
2018-01-24 13:51:00,111.72,111.75,111.72,111.74,1660.0
2018-01-24 13:52:00,111.74,111.74,111.74,111.74,100.0
2018-01-24 13:53:00,111.84,111.88,111.74,111.74,2200.0
2018-01-24 13:54:00,111.875,111.88,111.84,111.88,1200.0
2018-01-24 13:55:00,111.87,111.92,111.84,111.885,7794.0
2018-01-24 13:56:00,111.82,111.9,111.78,111.87,13599.0
2018-01-24 13:57:00,111.85,111.88,111.82,111.82,5942.0
2018-01-24 13:58:00,111.99,111.99,111.85,111.85,2600.0
2018-01-24 13:59:00,111.98,112.1,111.98,111.99,5000.0
2018-01-24 14:00:00,112.02,112.02,111.95,111.95,3509.0
2018-01-24 14:01:00,112.035,112.15,111.98,112.0,5268.0
2018-01-24 14:02:00,112.0858,112.0858,112.05,112.06,914.0
2018-01-24 14:03:00,112.12,112.12,112.12,112.12,500.0
2018-01-24 14:04:00,112.12,112.14,112.10600000000001,112.11,3255.0
2018-01-24 14:05:00,112.16,112.16,112.14,112.14,1269.0
2018-01-24 14:06:00,112.2,112.24,112.15,112.15,2950.0
2018-01-24 14:07:00,112.3,112.3,112.19,112.2,4100.0
2018-01-24 14:08:00,112.2602,112.275,112.24,112.26,3510.0
2018-01-24 14:09:00,112.26,112.26,112.25,112.25,900.0
2018-01-24 14:10:00,112.26,112.26,112.24,112.24,440.0
2018-01-24 14:11:00,112.265,112.28,112.24,112.28,5800.0
2018-01-24 14:12:00,112.28,112.3,112.28,112.28,800.0
2018-01-24 14:13:00,112.27,112.29,112.23,112.27,5617.0
2018-01-24 14:14:00,112.28,112.29,112.26,112.26,600.0
2018-01-24 14:15:00,112.27,112.29,112.27,112.28,433.0
2018-01-24 14:16:00,112.29,112.31,112.27,112.285,8694.0
2018-01-24 14:17:00,112.265,112.275,112.26,112.275,4835.0
2018-01-24 14:18:00,112.27,112.29,112.27,112.27,1917.0
2018-01-24 14:19:00,112.385,112.385,112.315,112.315,1800.0
2018-01-24 14:20:00,112.41,112.42,112.39,112.39,1200.0
2018-01-24 14:21:00,112.41,112.45,112.41,112.41,6092.0
2018-01-24 14:22:00,112.46,112.49,112.41,112.41,3175.0
2018-01-24 14:23:00,112.495,112.495,112.4401,112.46,3556.0
2018-01-24 14:24:00,112.51,112.51,112.51,112.51,200.0
2018-01-24 14:25:00,112.59,112.59,112.485,112.49,6200.0
2018-01-24 14:26:00,112.53,112.59,112.51,112.575,8000.0
2018-01-24 14:27:00,112.48,112.51,112.48,112.5,2600.0
2018-01-24 14:28:00,112.475,112.495,112.475,112.48,1225.0
2018-01-24 14:29:00,112.515,112.515,112.47,112.47,2700.0
2018-01-24 14:30:00,112.57,112.57,112.5186,112.5186,1185.0
2018-01-24 14:31:00,112.59,112.59,112.54,112.57,4600.0
2018-01-24 14:32:00,112.565,112.59,112.565,112.59,765.0
2018-01-24 14:33:00,112.6,112.62,112.565,112.565,5646.0
2018-01-24 14:34:00,112.6,112.62,112.59,112.59,2200.0
2018-01-24 14:35:00,112.58,112.61,112.58,112.6,2300.0
2018-01-24 14:36:00,112.53,112.6,112.52,112.59,6690.0
2018-01-24 14:37:00,112.53,112.53,112.53,112.53,400.0
2018-01-24 14:38:00,112.59,112.59,112.55,112.55,1516.0
2018-01-24 14:40:00,112.565,112.57,112.56,112.56,700.0
2018-01-24 14:41:00,112.64,112.64,112.58,112.58,5992.0
2018-01-24 14:42:00,112.66,112.67,112.65,112.66,4700.0
2018-01-24 14:43:00,112.66,112.665,112.65,112.66,3200.0
2018-01-24 14:44:00,112.68,112.68,112.66,112.67,5261.0
2018-01-24 14:45:00,112.7,112.71,112.68,112.68,4805.0
2018-01-24 14:46:00,112.77,112.77,112.72,112.72,3020.0
2018-01-24 14:47:00,112.88,112.9,112.79,112.79,20769.0
2018-01-24 14:48:00,112.94,112.94,112.8784,112.89,8330.0
2018-01-24 14:49:00,112.95,112.96,112.9225,112.9225,1400.0
2018-01-24 14:50:00,112.94,112.96,112.9,112.96,9689.0
2018-01-24 14:51:00,112.81,112.95,112.76,112.95,42621.0
2018-01-24 14:52:00,112.725,112.8,112.7,112.79,4868.0
2018-01-24 14:53:00,112.83,112.83,112.7007,112.725,2350.0
2018-01-24 14:54:00,112.8,112.8575,112.79,112.855,11450.0
2018-01-24 14:55:00,112.805,112.805,112.805,112.805,100.0
2018-01-24 14:56:00,112.85,112.88,112.83,112.83,4200.0
2018-01-24 14:57:00,112.83,112.87,112.82,112.84,2713.0
2018-01-24 14:58:00,112.84,112.84,112.79,112.81,2592.0
2018-01-24 14:59:00,112.85,112.86,112.83,112.83,2237.0
2018-01-24 15:00:00,112.905,112.91,112.85,112.85,4410.0
2018-01-24 15:01:00,112.79,112.89,112.78,112.89,9324.0
2018-01-24 15:02:00,112.65,112.81,112.65,112.81,5107.0
2018-01-24 15:03:00,112.57,112.6015,112.57,112.57,1653.0
2018-01-24 15:04:00,112.595,112.64,112.59,112.59,2400.0
2018-01-24 15:05:00,112.595,112.595,112.595,112.595,100.0
2018-01-24 15:06:00,112.68,112.74,112.595,112.595,5877.0
2018-01-24 15:07:00,112.625,112.66,112.6,112.66,3500.0
2018-01-24 15:08:00,112.625,112.625,112.57,112.6,2750.0
2018-01-24 15:09:00,112.65,112.65,112.61,112.61,1000.0
2018-01-24 15:10:00,112.64,112.67,112.6325,112.64,3700.0
2018-01-24 15:11:00,112.61,112.66,112.61,112.655,4177.0
2018-01-24 15:12:00,112.51,112.61,112.51,112.61,2600.0
2018-01-24 15:13:00,112.43,112.5185,112.42,112.5185,3373.0
2018-01-24 15:14:00,112.6,112.6,112.44,112.44,4702.0
2018-01-24 15:15:00,112.53,112.575,112.53,112.575,2900.0
2018-01-24 15:16:00,112.56,112.56,112.5139,112.54,5000.0
2018-01-24 15:17:00,112.59,112.59,112.56,112.57,2503.0
2018-01-24 15:18:00,112.595,112.595,112.595,112.595,2900.0
2018-01-24 15:19:00,112.695,112.7,112.59,112.59,9498.0
2018-01-24 15:20:00,112.59,112.695,112.59,112.695,3800.0
2018-01-24 15:21:00,112.64,112.64,112.53,112.55,6254.0
2018-01-24 15:22:00,112.69,112.69,112.65,112.65,6586.0
2018-01-24 15:23:00,112.66,112.665,112.66,112.66,2300.0
2018-01-24 15:24:00,112.66,112.68,112.64,112.66,4479.0
2018-01-24 15:25:00,112.75,112.75,112.66,112.66,4100.0
2018-01-24 15:26:00,112.69,112.75,112.69,112.73,6400.0
2018-01-24 15:27:00,112.695,112.7,112.675,112.69,5000.0
2018-01-24 15:28:00,112.75,112.76,112.7,112.71,6110.0
2018-01-24 15:29:00,112.71,112.73,112.7,112.73,5385.0
2018-01-24 15:30:00,112.75,112.76,112.72,112.73,3300.0
2018-01-24 15:31:00,112.8,112.825,112.755,112.755,12043.0
2018-01-24 15:32:00,112.8,112.815,112.77,112.815,11482.0
2018-01-24 15:33:00,112.77,112.79,112.76,112.79,1605.0
2018-01-24 15:34:00,112.65,112.77,112.63,112.77,7338.0
2018-01-24 15:35:00,112.68,112.7,112.64,112.66,4573.0
2018-01-24 15:36:00,112.75,112.75,112.7,112.7,4202.0
2018-01-24 15:37:00,112.77,112.77,112.75,112.76,2000.0
2018-01-24 15:38:00,112.82,112.85,112.77,112.77,8206.0
2018-01-24 15:39:00,112.825,112.83,112.81,112.81,2750.0
2018-01-24 15:40:00,112.92,113.02,112.82,112.825,9830.0
2018-01-24 15:41:00,112.855,112.93,112.855,112.9,4946.0
2018-01-24 15:42:00,112.82,112.85,112.82,112.83,3800.0
2018-01-24 15:43:00,112.81,112.81,112.77,112.795,5201.0
2018-01-24 15:44:00,112.78,112.83,112.77,112.805,4750.0
2018-01-24 15:45:00,112.8,112.82,112.76,112.8,14425.0
2018-01-24 15:46:00,112.88,112.88,112.8,112.8,5934.0
2018-01-24 15:47:00,112.9,112.92,112.82,112.85,6450.0
2018-01-24 15:48:00,112.9,112.96,112.88,112.91,11026.0
2018-01-24 15:49:00,112.82,112.895,112.82,112.89,3899.0
2018-01-24 15:50:00,112.72,112.82,112.71,112.82,9300.0
2018-01-24 15:51:00,112.67,112.705,112.6401,112.7,12185.0
2018-01-24 15:52:00,112.71,112.735,112.68,112.68,8004.0
2018-01-24 15:53:00,112.75,112.76,112.69,112.69,6140.0
2018-01-24 15:54:00,112.63,112.75,112.62,112.75,11480.0
2018-01-24 15:55:00,112.615,112.64,112.59,112.63,8600.0
2018-01-24 15:56:00,112.65,112.665,112.62,112.63,8229.0
2018-01-24 15:57:00,112.67,112.69,112.635,112.655,12284.0
2018-01-24 15:58:00,112.7401,112.76,112.68,112.68,9843.0
2018-01-24 15:59:00,112.78,112.78,112.72,112.74,6090.0
2018-01-24 16:00:00,112.69,112.78,112.65,112.77,26603.0
2018-01-25 09:30:00,112.31,112.31,112.31,112.31,8736.0
2018-01-25 09:31:00,112.81,112.81,112.6,112.6,606.0
2018-01-25 09:32:00,112.33,112.795,112.33,112.64,1200.0
2018-01-25 09:33:00,112.57,112.57,112.57,112.57,100.0
2018-01-25 09:35:00,112.39,112.58,112.39,112.42,900.0
2018-01-25 09:36:00,112.365,112.4,112.15,112.39,3800.0
2018-01-25 09:39:00,112.235,112.235,112.235,112.235,200.0
2018-01-25 09:41:00,112.32600000000001,112.32600000000001,112.32600000000001,112.32600000000001,161.0
2018-01-25 09:42:00,112.41,112.41,112.27,112.37,790.0
2018-01-25 09:43:00,112.61,112.61,112.39,112.42,3120.0
2018-01-25 09:44:00,112.45,112.53,112.42,112.5,2700.0
2018-01-25 09:45:00,112.48,112.5,112.33,112.44,1800.0
2018-01-25 09:46:00,112.46,112.46,112.46,112.46,200.0
2018-01-25 09:47:00,112.46,112.46,112.46,112.46,100.0
2018-01-25 09:48:00,112.19,112.365,112.19,112.36,2300.0
2018-01-25 09:49:00,112.14,112.32,112.09,112.14,4400.0
2018-01-25 09:50:00,112.35,112.46,112.12,112.12,1900.0
2018-01-25 09:51:00,112.2,112.38,112.17,112.305,5187.0
2018-01-25 09:52:00,112.194,112.194,112.15,112.15,2400.0
2018-01-25 09:53:00,112.26,112.26,112.1,112.167,3939.0
2018-01-25 09:54:00,112.41,112.47,112.24,112.29,6080.0
2018-01-25 09:55:00,112.42,112.53,112.42,112.42,600.0
2018-01-25 09:56:00,112.42,112.42,112.42,112.42,1050.0
2018-01-25 09:57:00,112.64,112.64,112.48,112.53,1500.0
2018-01-25 09:58:00,112.44,112.62,112.44,112.62,1600.0
2018-01-25 09:59:00,112.38,112.425,112.38,112.38,1355.0
2018-01-25 10:00:00,112.51,112.51,112.39,112.41,2200.0
2018-01-25 10:01:00,111.292,112.48,111.292,112.48,51948.0
2018-01-25 10:02:00,111.89,111.97,111.33,111.33,20421.0
2018-01-25 10:03:00,111.625,111.77,111.55,111.63,3981.0
2018-01-25 10:04:00,111.39,111.61,111.33,111.55,4100.0
2018-01-25 10:05:00,111.33,111.33,111.33,111.33,2228.0
2018-01-25 10:06:00,111.7,111.79,111.32,111.365,15304.0
2018-01-25 10:07:00,111.64,111.76,111.64,111.76,1300.0
2018-01-25 10:08:00,111.54,111.74,111.54,111.74,5600.0
2018-01-25 10:09:00,111.905,111.98,111.54,111.54,10036.0
2018-01-25 10:10:00,111.7759,111.89,111.76,111.83,2000.0
2018-01-25 10:11:00,111.86,111.86,111.61,111.75,12896.0
2018-01-25 10:12:00,111.87,111.89,111.77,111.8,2746.0
2018-01-25 10:13:00,111.83,111.83,111.78,111.83,2400.0
2018-01-25 10:14:00,111.74,111.84,111.74,111.8,1800.0
2018-01-25 10:15:00,111.97,111.97,111.76,111.82,3713.0
2018-01-25 10:16:00,112.0632,112.07,111.94,111.94,1500.0
2018-01-25 10:17:00,111.95,112.07,111.95,112.06,3600.0
2018-01-25 10:18:00,111.98,111.98,111.95,111.95,900.0
2018-01-25 10:19:00,111.92,112.0,111.92,111.97,1100.0
2018-01-25 10:20:00,111.91,111.91,111.8,111.88,2400.0
2018-01-25 10:21:00,111.78,111.88,111.77,111.86,2927.0
2018-01-25 10:22:00,111.67,111.81,111.67,111.73,6889.0
2018-01-25 10:23:00,111.67,111.67,111.57,111.58,4449.0
2018-01-25 10:24:00,111.68,111.69,111.68,111.69,300.0
2018-01-25 10:25:00,111.68,111.8,111.635,111.67,3170.0
2018-01-25 10:26:00,111.82,111.82,111.79,111.79,600.0
2018-01-25 10:27:00,111.87,111.87,111.73,111.76,4528.0
2018-01-25 10:28:00,111.89,111.92,111.87,111.87,2000.0
2018-01-25 10:29:00,111.95,112.0,111.88,111.88,2999.0
2018-01-25 10:30:00,112.11,112.11,111.98,111.98,700.0
2018-01-25 10:31:00,112.18,112.23,112.11,112.11,2500.0
2018-01-25 10:32:00,112.17,112.21,112.12,112.195,2200.0
2018-01-25 10:33:00,112.16,112.19,112.095,112.12,2780.0
2018-01-25 10:34:00,112.3099,112.3099,112.3099,112.3099,445.0
2018-01-25 10:35:00,112.05,112.18,112.05,112.18,968.0
2018-01-25 10:36:00,112.15,112.15,112.11,112.15,1807.0
2018-01-25 10:37:00,111.96,112.11,111.96,112.11,1360.0
2018-01-25 10:38:00,112.01,112.01,112.0,112.0,1504.0
2018-01-25 10:39:00,111.95,112.0,111.91,111.97,4621.0
2018-01-25 10:40:00,111.89,111.89,111.87,111.87,2300.0
2018-01-25 10:41:00,111.848,111.848,111.848,111.848,1500.0
2018-01-25 10:42:00,111.77,111.91,111.77,111.8604,4400.0
2018-01-25 10:43:00,111.51,111.76,111.43,111.7,3597.0
2018-01-25 10:44:00,111.6,111.6,111.485,111.51,5800.0
2018-01-25 10:45:00,111.59,111.59,111.59,111.59,200.0
2018-01-25 10:46:00,111.54,111.65,111.54,111.62,1800.0
2018-01-25 10:47:00,111.51,111.54,111.46,111.54,1100.0
2018-01-25 10:48:00,111.2895,111.43,111.2401,111.43,5011.0
2018-01-25 10:49:00,111.211,111.34,111.21,111.34,6967.0
2018-01-25 10:50:00,111.485,111.4873,111.3,111.3,4207.0
2018-01-25 10:51:00,111.37,111.37,111.37,111.37,100.0
2018-01-25 10:52:00,111.5,111.5,111.44,111.44,920.0
2018-01-25 10:53:00,111.56,111.56,111.475,111.475,1201.0
2018-01-25 10:54:00,111.54,111.62,111.54,111.62,600.0
2018-01-25 10:55:00,111.3901,111.6,111.3901,111.56,8910.0
2018-01-25 10:56:00,111.42,111.42,111.42,111.42,100.0
2018-01-25 10:57:00,111.345,111.455,111.29,111.455,3112.0
2018-01-25 10:58:00,111.41,111.42,111.4,111.4,924.0
2018-01-25 10:59:00,111.35,111.395,111.35,111.395,1971.0
2018-01-25 11:00:00,111.46,111.47,111.38,111.39,1872.0
2018-01-25 11:01:00,111.405,111.405,111.39,111.39,300.0
2018-01-25 11:02:00,111.44,111.44,111.4,111.405,3800.0
2018-01-25 11:03:00,111.35,111.42,111.35,111.4,2944.0
2018-01-25 11:04:00,111.37,111.38,111.34,111.34,3600.0
2018-01-25 11:05:00,111.36,111.36,111.33,111.33,800.0
2018-01-25 11:06:00,111.44,111.44,111.35,111.38,3034.0
2018-01-25 11:07:00,111.45,111.45,111.4,111.4,1500.0
2018-01-25 11:09:00,111.44,111.4417,111.44,111.4417,1000.0
2018-01-25 11:10:00,111.45,111.47,111.41,111.445,5914.0
2018-01-25 11:11:00,111.44,111.44,111.44,111.44,4800.0
2018-01-25 11:12:00,111.36,111.48,111.36,111.47,2364.0
2018-01-25 11:13:00,111.52,111.52,111.38,111.4,3552.0
2018-01-25 11:14:00,111.44,111.52,111.42,111.52,3685.0
2018-01-25 11:15:00,111.56,111.56,111.47,111.485,1625.0
2018-01-25 11:16:00,111.75,111.75,111.62,111.62,700.0
2018-01-25 11:17:00,111.765,111.765,111.76,111.76,600.0
2018-01-25 11:18:00,111.85,111.85,111.82,111.82,1700.0
2018-01-25 11:19:00,111.88,111.89,111.86,111.86,300.0
2018-01-25 11:20:00,112.05,112.05,111.82,111.88,6120.0
2018-01-25 11:21:00,112.145,112.1494,112.145,112.1494,900.0
2018-01-25 11:22:00,112.1,112.145,112.1,112.13,1800.0
2018-01-25 11:23:00,112.0,112.12,111.9,112.07,2376.0
2018-01-25 11:24:00,111.85,111.9,111.85,111.87,300.0
2018-01-25 11:25:00,111.64,111.8076,111.63,111.8076,2872.0
2018-01-25 11:26:00,111.735,111.7543,111.735,111.7543,690.0
2018-01-25 11:27:00,111.72,111.72,111.7,111.7,700.0
2018-01-25 11:28:00,111.77,111.77,111.67,111.71,1873.0
2018-01-25 11:29:00,111.8276,111.87,111.77,111.77,3018.0
2018-01-25 11:30:00,111.84,111.86,111.796,111.83,749.0
2018-01-25 11:31:00,111.93,111.9844,111.83,111.86,2962.0
2018-01-25 11:32:00,111.95,111.96,111.94,111.94,1633.0
2018-01-25 11:33:00,111.92,111.99,111.92,111.95,3100.0
2018-01-25 11:34:00,111.83,111.91,111.83,111.91,1529.0
2018-01-25 11:35:00,111.76,111.81,111.72,111.81,1572.0
2018-01-25 11:36:00,111.88,111.91,111.785,111.82,2471.0
2018-01-25 11:37:00,111.93,111.93,111.85,111.88,3720.0
2018-01-25 11:38:00,111.8911,112.0,111.8911,111.97,1922.0
2018-01-25 11:39:00,111.9026,111.9026,111.9026,111.9026,203.0
2018-01-25 11:40:00,112.05,112.06,111.98,111.98,1097.0
2018-01-25 11:41:00,112.16,112.16,112.115,112.12,1158.0
2018-01-25 11:42:00,112.1208,112.15,112.1208,112.15,2867.0
2018-01-25 11:43:00,112.17,112.19,112.115,112.14,3700.0
2018-01-25 11:44:00,112.1531,112.2,112.125,112.16,4652.0
2018-01-25 11:45:00,112.2266,112.24,112.2266,112.23,1100.0
2018-01-25 11:46:00,112.13,112.255,112.11,112.22,4262.0
2018-01-25 11:47:00,112.125,112.135,112.09,112.1,1800.0
2018-01-25 11:48:00,112.1616,112.18,112.145,112.16,1167.0
2018-01-25 11:49:00,112.14,112.15,112.11,112.15,2400.0
2018-01-25 11:50:00,112.245,112.245,112.17,112.17,1751.0
2018-01-25 11:51:00,112.25,112.25,112.215,112.225,905.0
2018-01-25 11:52:00,112.29,112.29,112.235,112.235,2200.0
2018-01-25 11:53:00,112.26,112.29,112.26,112.29,200.0
2018-01-25 11:54:00,112.31,112.34,112.3,112.34,900.0
2018-01-25 11:55:00,112.315,112.34,112.315,112.32,700.0
2018-01-25 11:56:00,112.24,112.3,112.2022,112.3,3545.0
2018-01-25 11:57:00,112.15,112.242,112.15,112.242,1100.0
2018-01-25 11:58:00,112.2289,112.2289,112.1432,112.1432,2206.0
2018-01-25 11:59:00,112.21,112.21,112.21,112.21,100.0
2018-01-25 12:00:00,112.15,112.18,112.14,112.175,700.0
2018-01-25 12:01:00,112.23,112.23,112.17,112.2,700.0
2018-01-25 12:02:00,112.319,112.32,112.2,112.22,1923.0
2018-01-25 12:03:00,112.35,112.35,112.3173,112.3173,1064.0
2018-01-25 12:04:00,112.32,112.37,112.31,112.33,8300.0
2018-01-25 12:05:00,112.31700000000001,112.35,112.31700000000001,112.35,606.0
2018-01-25 12:06:00,112.38,112.38,112.355,112.37,449.0
2018-01-25 12:07:00,112.41,112.41,112.40899999999999,112.40899999999999,200.0
2018-01-25 12:08:00,112.27,112.39,112.24,112.36,3500.0
2018-01-25 12:09:00,112.21,112.31,112.21,112.2769,2950.0
2018-01-25 12:10:00,112.26,112.28,112.17,112.185,3100.0
2018-01-25 12:11:00,112.27,112.28,112.2466,112.2466,1532.0
2018-01-25 12:12:00,112.31,112.37,112.31,112.31,1900.0
2018-01-25 12:13:00,112.205,112.32,112.205,112.32,2005.0
2018-01-25 12:14:00,112.2,112.2,112.14,112.14,230.0
2018-01-25 12:15:00,112.204,112.204,112.204,112.204,125.0
2018-01-25 12:16:00,112.15,112.195,112.15,112.195,200.0
2018-01-25 12:17:00,112.23,112.23,112.13,112.15,6374.0
2018-01-25 12:18:00,112.23,112.26,112.1906,112.1906,550.0
2018-01-25 12:19:00,112.215,112.25,112.19,112.25,3326.0
2018-01-25 12:20:00,112.25,112.25,112.22,112.23,4430.0
2018-01-25 12:21:00,112.141,112.25,112.125,112.225,6400.0
2018-01-25 12:22:00,112.005,112.02,112.0,112.02,600.0
2018-01-25 12:23:00,111.92,112.02,111.82,112.01,2500.0
2018-01-25 12:24:00,111.835,111.85,111.83,111.85,500.0
2018-01-25 12:26:00,111.92,111.96,111.85,111.9,2700.0
2018-01-25 12:28:00,111.92,111.95,111.88,111.91,2000.0
2018-01-25 12:29:00,111.85,111.85,111.85,111.85,100.0
2018-01-25 12:30:00,111.80799999999999,111.92,111.76,111.91,2425.0
2018-01-25 12:31:00,111.8197,111.8197,111.76,111.76,400.0
2018-01-25 12:32:00,111.8,111.8,111.8,111.8,100.0
2018-01-25 12:33:00,111.84,111.84,111.84,111.84,100.0
2018-01-25 12:34:00,111.88,111.88,111.75,111.77,1600.0
2018-01-25 12:35:00,111.95,111.95,111.88,111.88,700.0
2018-01-25 12:36:00,111.92,111.93,111.9,111.91,1200.0
2018-01-25 12:37:00,111.9392,111.96,111.9392,111.94,1175.0
2018-01-25 12:38:00,111.9,111.97,111.81,111.97,3500.0
2018-01-25 12:39:00,111.815,111.815,111.815,111.815,100.0
2018-01-25 12:40:00,111.77,111.805,111.77,111.805,224.0
2018-01-25 12:41:00,111.79,111.79,111.73,111.75,2772.0
2018-01-25 12:42:00,111.85,111.86,111.8,111.82,1004.0
2018-01-25 12:43:00,111.92,111.92,111.86,111.86,400.0
2018-01-25 12:44:00,111.91,111.94,111.91,111.94,1400.0
2018-01-25 12:45:00,111.76,111.82,111.76,111.82,1360.0
2018-01-25 12:47:00,111.82,111.82,111.78,111.78,500.0
2018-01-25 12:49:00,111.78,111.78,111.78,111.78,200.0
2018-01-25 12:50:00,111.87,111.87,111.84,111.84,1100.0
2018-01-25 12:51:00,111.86,111.86,111.84,111.86,1600.0
2018-01-25 12:52:00,111.87,111.88,111.86,111.86,1100.0
2018-01-25 12:53:00,111.88,111.88,111.88,111.88,100.0
2018-01-25 12:54:00,111.83,111.88,111.83,111.88,1300.0
2018-01-25 12:55:00,111.87,111.87,111.81,111.83,428.0
2018-01-25 12:56:00,111.861,111.88,111.835,111.835,1207.0
2018-01-25 12:57:00,111.86,111.86,111.79,111.84,1000.0
2018-01-25 12:58:00,111.76,111.82,111.75,111.82,2400.0
2018-01-25 13:00:00,111.68,111.81,111.67,111.775,5000.0
2018-01-25 13:01:00,111.68,111.69,111.655,111.69,1844.0
2018-01-25 13:02:00,111.67,111.68,111.62,111.66,777.0
2018-01-25 13:03:00,111.531,111.68,111.53,111.68,1664.0
2018-01-25 13:05:00,111.59,111.59,111.58,111.58,400.0
2018-01-25 13:06:00,111.61,111.62,111.56,111.595,2021.0
2018-01-25 13:07:00,111.56,111.57,111.56,111.57,600.0
2018-01-25 13:08:00,111.55,111.59,111.54,111.59,900.0
2018-01-25 13:09:00,111.45,111.59899999999999,111.45,111.54,16574.0
2018-01-25 13:10:00,111.47,111.5,111.43,111.43,2800.0
2018-01-25 13:11:00,111.5,111.5,111.5,111.5,100.0
2018-01-25 13:12:00,111.57,111.57,111.53,111.55,1100.0
2018-01-25 13:13:00,111.615,111.63,111.605,111.63,2000.0
2018-01-25 13:14:00,111.42,111.59,111.42,111.58,20847.0
2018-01-25 13:15:00,111.58,111.58,111.46,111.49,5200.0
2018-01-25 13:16:00,111.56,111.56,111.535,111.535,1225.0
2018-01-25 13:17:00,111.56,111.56,111.56,111.56,400.0
2018-01-25 13:18:00,111.655,111.7,111.58,111.58,2300.0
2018-01-25 13:19:00,111.635,111.67,111.585,111.655,5395.0
2018-01-25 13:20:00,111.65,111.65,111.58,111.65,2200.0
2018-01-25 13:21:00,111.65,111.75,111.64,111.64,2800.0
2018-01-25 13:22:00,111.7,111.7,111.69,111.69,400.0
2018-01-25 13:23:00,111.61,111.7,111.61,111.68299999999999,10434.0
2018-01-25 13:24:00,111.63,111.63,111.62,111.62,300.0
2018-01-25 13:25:00,111.605,111.605,111.605,111.605,600.0
2018-01-25 13:26:00,111.65,111.65,111.6,111.605,1537.0
2018-01-25 13:27:00,111.6,111.64,111.59,111.62,3316.0
2018-01-25 13:28:00,111.6,111.65,111.57,111.64,2489.0
2018-01-25 13:29:00,111.5,111.55,111.5,111.55,2300.0
2018-01-25 13:31:00,111.5,111.5,111.47,111.47,1300.0
2018-01-25 13:32:00,111.475,111.48,111.46,111.48,1100.0
2018-01-25 13:33:00,111.45,111.5,111.45,111.5,1300.0
2018-01-25 13:34:00,111.48,111.5,111.45,111.47,1700.0
2018-01-25 13:35:00,111.48,111.49,111.45,111.45,800.0
2018-01-25 13:36:00,111.44,111.46,111.43,111.46,2945.0
2018-01-25 13:37:00,111.4,111.46,111.39,111.45,3800.0
2018-01-25 13:38:00,111.4,111.4068,111.38,111.4068,610.0
2018-01-25 13:39:00,111.39,111.41,111.365,111.4,2618.0
2018-01-25 13:40:00,111.36,111.39,111.36,111.365,1061.0
2018-01-25 13:41:00,111.4,111.4,111.35,111.35,500.0
2018-01-25 13:42:00,111.4,111.41,111.4,111.4,1300.0
2018-01-25 13:43:00,111.42,111.43,111.41,111.41,936.0
2018-01-25 13:44:00,111.45,111.45,111.45,111.45,600.0
2018-01-25 13:45:00,111.48,111.48,111.42,111.42,300.0
2018-01-25 13:46:00,111.49,111.51,111.455,111.455,2900.0
2018-01-25 13:47:00,111.57,111.59,111.5,111.52,2200.0
2018-01-25 13:48:00,111.57,111.595,111.56,111.595,1900.0
2018-01-25 13:49:00,111.555,111.555,111.53,111.53,300.0
2018-01-25 13:50:00,111.55,111.5576,111.55,111.5576,300.0
2018-01-25 13:51:00,111.6,111.6,111.565,111.57,1827.0
2018-01-25 13:52:00,111.61,111.61,111.5948,111.5948,805.0
2018-01-25 13:53:00,111.665,111.67,111.61,111.61,1200.0
2018-01-25 13:54:00,111.7,111.71,111.7,111.7,500.0
2018-01-25 13:55:00,111.69,111.71,111.67,111.71,2960.0
2018-01-25 13:56:00,111.66,111.66,111.66,111.66,300.0
2018-01-25 13:57:00,111.71,111.71,111.66,111.66,1200.0
2018-01-25 13:58:00,111.72,111.72,111.695,111.7,4400.0
2018-01-25 13:59:00,111.68,111.72,111.64,111.695,4440.0
2018-01-25 14:00:00,111.61,111.63,111.61,111.63,300.0
2018-01-25 14:01:00,111.61,111.65,111.61,111.615,4200.0
2018-01-25 14:02:00,111.53,111.59,111.52,111.5801,2300.0
2018-01-25 14:04:00,111.45,111.51,111.45,111.49,2500.0
2018-01-25 14:05:00,111.44,111.48,111.43,111.455,2000.0
2018-01-25 14:06:00,111.45,111.45,111.45,111.45,907.0
2018-01-25 14:07:00,111.48,111.48,111.47,111.47,580.0
2018-01-25 14:08:00,111.55,111.55,111.48,111.49,3763.0
2018-01-25 14:09:00,111.54,111.54,111.54,111.54,200.0
2018-01-25 14:10:00,111.535,111.545,111.515,111.545,3510.0
2018-01-25 14:11:00,111.465,111.53,111.45,111.52,2700.0
2018-01-25 14:12:00,111.39,111.42,111.37,111.42,1518.0
2018-01-25 14:13:00,111.29,111.36,111.29,111.34,1100.0
2018-01-25 14:14:00,111.18,111.32,111.13,111.29,4433.0
2018-01-25 14:15:00,111.32,111.32,111.19,111.23,2500.0
2018-01-25 14:16:00,111.3503,111.38,111.22,111.28,2300.0
2018-01-25 14:17:00,111.39,111.39,111.34,111.34,200.0
2018-01-25 14:18:00,111.31,111.385,111.31,111.385,1400.0
2018-01-25 14:19:00,111.36,111.36,111.35,111.35,900.0
2018-01-25 14:20:00,111.37,111.37,111.33,111.35,1300.0
2018-01-25 14:21:00,111.3591,111.38,111.35,111.3789,1890.0
2018-01-25 14:22:00,111.42,111.42,111.32,111.32,2249.0
2018-01-25 14:23:00,111.42,111.445,111.4,111.44,1900.0
2018-01-25 14:24:00,111.365,111.41,111.365,111.41,2100.0
2018-01-25 14:25:00,111.33,111.42,111.31,111.36,2805.0
2018-01-25 14:26:00,111.3,111.35,111.3,111.32,841.0
2018-01-25 14:27:00,111.39,111.39,111.34,111.34,300.0
2018-01-25 14:28:00,111.3369,111.41,111.3,111.41,1104.0
2018-01-25 14:29:00,111.31,111.37,111.29,111.36,3772.0
2018-01-25 14:30:00,111.23,111.3,111.21,111.24,2759.0
2018-01-25 14:31:00,111.08,111.29,111.08,111.27,15683.0
2018-01-25 14:32:00,111.18,111.18,111.07,111.08,3428.0
2018-01-25 14:33:00,111.24,111.24,111.185,111.185,400.0
2018-01-25 14:34:00,111.245,111.25,111.19,111.22,3946.0
2018-01-25 14:35:00,111.23,111.245,111.21,111.22,2100.0
2018-01-25 14:36:00,111.2,111.245,111.2,111.245,900.0
2018-01-25 14:37:00,111.14,111.21,111.14,111.18,1900.0
2018-01-25 14:38:00,111.12,111.17,111.12,111.145,1842.0
2018-01-25 14:39:00,111.09,111.11,111.09,111.11,500.0
2018-01-25 14:40:00,111.17,111.17,111.07,111.07,955.0
2018-01-25 14:41:00,111.19,111.19,111.17,111.17,400.0
2018-01-25 14:42:00,111.15,111.15,111.13,111.14,800.0
2018-01-25 14:43:00,111.17,111.17,111.145,111.145,1100.0
2018-01-25 14:44:00,111.22,111.22,111.16,111.16,1000.0
2018-01-25 14:45:00,111.205,111.25,111.17,111.25,1500.0
2018-01-25 14:46:00,111.21,111.21,111.21,111.21,1300.0
2018-01-25 14:48:00,111.18,111.21,111.1301,111.18,2300.0
2018-01-25 14:49:00,111.14,111.14,111.13,111.13,482.0
2018-01-25 14:50:00,111.21,111.21,111.16,111.16,2200.0
2018-01-25 14:51:00,111.235,111.245,111.235,111.23899999999999,1700.0
2018-01-25 14:52:00,111.09,111.2,111.09,111.2,2149.0
2018-01-25 14:53:00,110.9601,111.07,110.9601,111.05,700.0
2018-01-25 14:54:00,111.01,111.05,110.95,110.96,3036.0
2018-01-25 14:55:00,111.13,111.13,111.03,111.03,2125.0
2018-01-25 14:56:00,111.05,111.05,110.95,111.01,1700.0
2018-01-25 14:57:00,111.045,111.05,111.02,111.03299999999999,1186.0
2018-01-25 14:58:00,110.98,111.02,110.95,111.01,1704.0
2018-01-25 14:59:00,111.03,111.06,111.01,111.01,2200.0
2018-01-25 15:00:00,110.97,111.02,110.97,111.02,239.0
2018-01-25 15:01:00,111.02,111.05,110.9701,111.03,1700.0
2018-01-25 15:02:00,111.01,111.01,111.01,111.01,650.0
2018-01-25 15:03:00,111.14,111.14,110.98,110.98,1700.0
2018-01-25 15:04:00,111.1,111.115,111.1,111.115,300.0
2018-01-25 15:05:00,111.06,111.095,111.025,111.08,2700.0
2018-01-25 15:06:00,111.1,111.1,111.04,111.07,500.0
2018-01-25 15:07:00,111.13,111.16,111.13,111.15,700.0
2018-01-25 15:08:00,111.18,111.2,111.18,111.2,400.0
2018-01-25 15:10:00,111.15,111.1725,111.15,111.16,1600.0
2018-01-25 15:11:00,111.13,111.16,111.12,111.15,3419.0
2018-01-25 15:12:00,111.08,111.15,111.06,111.15,2691.0
2018-01-25 15:13:00,111.1,111.1,111.01,111.04,1700.0
2018-01-25 15:14:00,111.16,111.16,111.11,111.11,1350.0
2018-01-25 15:15:00,111.12,111.15,111.12,111.15,2600.0
2018-01-25 15:16:00,111.175,111.175,111.13,111.13,1400.0
2018-01-25 15:17:00,111.25,111.25,111.17,111.18,1700.0
2018-01-25 15:18:00,111.22,111.27,111.22,111.27,1700.0
2018-01-25 15:19:00,111.39,111.39,111.25,111.25,900.0
2018-01-25 15:20:00,111.37,111.385,111.37,111.37,1034.0
2018-01-25 15:21:00,111.42,111.42,111.3652,111.38,2626.0
2018-01-25 15:22:00,111.38,111.4,111.35,111.4,1800.0
2018-01-25 15:23:00,111.4,111.42,111.39,111.39,1361.0
2018-01-25 15:24:00,111.4,111.4125,111.4,111.41,1610.0
2018-01-25 15:25:00,111.515,111.52,111.39,111.39,3001.0
2018-01-25 15:26:00,111.47,111.52,111.47,111.51,2100.0
2018-01-25 15:27:00,111.5,111.54,111.46,111.47,4100.0
2018-01-25 15:28:00,111.5,111.53,111.49,111.49,1900.0
2018-01-25 15:29:00,111.47,111.52,111.47,111.48,600.0
2018-01-25 15:30:00,111.51,111.51,111.51,111.51,100.0
2018-01-25 15:31:00,111.5,111.55,111.5,111.54,3900.0
2018-01-25 15:32:00,111.47,111.4915,111.47,111.4915,930.0
2018-01-25 15:33:00,111.5,111.5,111.45,111.46,1600.0
2018-01-25 15:34:00,111.57,111.58,111.51,111.51,4300.0
2018-01-25 15:35:00,111.48,111.56,111.48,111.56,1914.0
2018-01-25 15:36:00,111.44,111.47,111.41,111.47,3501.0
2018-01-25 15:37:00,111.41,111.41,111.36,111.4,2124.0
2018-01-25 15:38:00,111.405,111.42,111.39,111.3901,1623.0
2018-01-25 15:39:00,111.33,111.41,111.33,111.4,2714.0
2018-01-25 15:40:00,111.33,111.36,111.32,111.3386,1361.0
2018-01-25 15:41:00,111.285,111.35,111.26,111.33,3947.0
2018-01-25 15:42:00,111.34,111.3599,111.25,111.27,5688.0
2018-01-25 15:43:00,111.27,111.3326,111.27,111.3326,2667.0
2018-01-25 15:44:00,111.33,111.4,111.2301,111.26,3500.0
2018-01-25 15:45:00,111.36,111.39,111.35,111.35,4179.0
2018-01-25 15:46:00,111.39,111.4,111.36,111.38,6827.0
2018-01-25 15:47:00,111.41,111.495,111.39,111.39,7156.0
2018-01-25 15:48:00,111.43,111.44,111.39,111.4,4580.0
2018-01-25 15:49:00,111.44,111.47,111.43,111.43,3482.0
2018-01-25 15:50:00,111.46,111.48,111.44,111.44,7054.0
2018-01-25 15:51:00,111.52,111.52,111.47,111.47,2200.0
2018-01-25 15:52:00,111.55,111.5899,111.525,111.525,7323.0
2018-01-25 15:53:00,111.48,111.54,111.48,111.54,2900.0
2018-01-25 15:54:00,111.47,111.51,111.47,111.49,6646.0
2018-01-25 15:55:00,111.48,111.49,111.46,111.48,6070.0
2018-01-25 15:56:00,111.47,111.49,111.46,111.46,2656.0
2018-01-25 15:57:00,111.49,111.51,111.44,111.47,8733.0
2018-01-25 15:58:00,111.49,111.52,111.47,111.49,4823.0
2018-01-25 15:59:00,111.49,111.53,111.47,111.51,9408.0
2018-01-25 16:00:00,111.43,111.51,111.37,111.51,49488.0
2018-01-26 09:30:00,111.73,111.73,111.73,111.73,6260.0
2018-01-26 09:31:00,111.44,111.45,111.44,111.45,200.0
2018-01-26 09:33:00,111.51,111.51,111.51,111.51,100.0
2018-01-26 09:34:00,111.43,111.63,111.43,111.63,850.0
2018-01-26 09:35:00,111.43,111.43,111.43,111.43,100.0
2018-01-26 09:36:00,111.81,111.875,111.6,111.6,1057.0
2018-01-26 09:37:00,111.66,111.82,111.66,111.82,200.0
2018-01-26 09:38:00,111.52,111.715,111.41,111.715,2009.0
2018-01-26 09:39:00,111.51,111.59,111.44,111.47,4633.0
2018-01-26 09:40:00,111.53,111.61,111.38,111.53,9829.0
2018-01-26 09:41:00,111.46,111.5,111.46,111.5,700.0
2018-01-26 09:42:00,111.47,111.47,111.47,111.47,100.0
2018-01-26 09:43:00,111.58,111.71,111.47,111.63,5658.0
2018-01-26 09:44:00,111.572,111.572,111.501,111.501,1100.0
2018-01-26 09:45:00,111.67,111.68,111.62,111.68,400.0
2018-01-26 09:46:00,111.615,111.69,111.61,111.61,500.0
2018-01-26 09:47:00,111.67,111.7,111.625,111.625,2300.0
2018-01-26 09:48:00,111.79,111.79,111.66,111.71,1000.0
2018-01-26 09:49:00,111.81,111.81,111.7,111.765,900.0
2018-01-26 09:50:00,111.72,111.863,111.72,111.863,400.0
2018-01-26 09:51:00,111.91,111.94,111.81,111.81,2000.0
2018-01-26 09:52:00,111.825,111.825,111.825,111.825,100.0
2018-01-26 09:53:00,111.7552,111.7552,111.73,111.73,400.0
2018-01-26 09:54:00,111.61,111.72,111.55,111.7,8132.0
2018-01-26 09:55:00,111.8379,111.8379,111.65,111.65,1550.0
2018-01-26 09:56:00,111.785,111.785,111.785,111.785,100.0
2018-01-26 09:57:00,111.7,111.785,111.67,111.785,1050.0
2018-01-26 09:58:00,111.72,111.77,111.7,111.72,2750.0
2018-01-26 09:59:00,111.705,111.705,111.6931,111.6931,1444.0
2018-01-26 10:00:00,111.73,111.73,111.62,111.66,3737.0
2018-01-26 10:01:00,111.72,111.7201,111.7,111.7,1100.0
2018-01-26 10:02:00,111.75,111.79,111.73,111.74,3800.0
2018-01-26 10:03:00,111.71,111.74,111.65,111.74,2276.0
2018-01-26 10:04:00,111.81,111.81,111.65,111.66,4306.0
2018-01-26 10:05:00,111.96,111.98,111.85,111.85,1230.0
2018-01-26 10:06:00,111.78,111.9,111.78,111.9,1600.0
2018-01-26 10:07:00,111.8,111.8,111.8,111.8,200.0
2018-01-26 10:08:00,111.69,111.75,111.68,111.75,3200.0
2018-01-26 10:09:00,111.805,111.805,111.62,111.7,12258.0
2018-01-26 10:10:00,111.56,111.73,111.53,111.7201,5200.0
2018-01-26 10:11:00,111.66,111.66,111.54,111.54,2700.0
2018-01-26 10:12:00,111.57,111.65,111.57,111.65,1200.0
2018-01-26 10:14:00,111.66,111.66,111.56,111.57,1300.0
2018-01-26 10:15:00,111.59,111.625,111.585,111.59,1864.0
2018-01-26 10:16:00,111.55,111.58,111.53,111.58,2009.0
2018-01-26 10:17:00,111.67,111.67,111.545,111.545,2107.0
2018-01-26 10:18:00,111.71,111.71,111.7,111.7,600.0
2018-01-26 10:19:00,111.68,111.76,111.64,111.65,8044.0
2018-01-26 10:20:00,111.79,111.79,111.72,111.72,2100.0
2018-01-26 10:21:00,111.82,111.83,111.79,111.79,900.0
2018-01-26 10:22:00,111.8075,111.83,111.77,111.81,1520.0
2018-01-26 10:23:00,111.84,111.84,111.84,111.84,1000.0
2018-01-26 10:24:00,111.69,111.84,111.69,111.825,2320.0
2018-01-26 10:25:00,111.64,111.77,111.56,111.74,6900.0
2018-01-26 10:26:00,111.73,111.73,111.64,111.67,700.0
2018-01-26 10:28:00,111.68,111.705,111.64,111.64,2200.0
2018-01-26 10:29:00,111.7,111.7,111.6,111.68,4600.0
2018-01-26 10:30:00,111.66,111.695,111.65,111.66,1700.0
2018-01-26 10:31:00,111.74,111.76,111.7,111.73,900.0
2018-01-26 10:33:00,111.83,111.83,111.77,111.77,1400.0
2018-01-26 10:34:00,111.74,111.78,111.73,111.78,1440.0
2018-01-26 10:35:00,111.75,111.75,111.695,111.74,4220.0
2018-01-26 10:36:00,111.81,111.81,111.78,111.78,700.0
2018-01-26 10:37:00,111.83,111.83,111.79,111.79,1100.0
2018-01-26 10:38:00,111.84,111.84,111.84,111.84,400.0
2018-01-26 10:39:00,111.89,111.9,111.84,111.86,1406.0
2018-01-26 10:40:00,111.84,111.88,111.84,111.88,1363.0
2018-01-26 10:41:00,111.87,111.87,111.86,111.86,300.0
2018-01-26 10:43:00,111.85,111.89,111.85,111.89,997.0
2018-01-26 10:44:00,111.92,111.93,111.86,111.88,2400.0
2018-01-26 10:45:00,111.9,111.9,111.88,111.89,1100.0
2018-01-26 10:46:00,111.93,111.93,111.92,111.93,600.0
2018-01-26 10:47:00,111.98,111.98,111.91,111.93,5670.0
2018-01-26 10:48:00,111.98,111.98,111.95,111.95,1468.0
2018-01-26 10:49:00,111.96,111.96,111.96,111.96,100.0
2018-01-26 10:50:00,111.89,111.96,111.88,111.93,2960.0
2018-01-26 10:51:00,111.84,111.9,111.83,111.88,3295.0
2018-01-26 10:52:00,111.81,111.855,111.81,111.855,622.0
2018-01-26 10:53:00,111.8,111.825,111.8,111.825,200.0
2018-01-26 10:54:00,111.9,111.9,111.84,111.85,1800.0
2018-01-26 10:56:00,111.84,111.9,111.83,111.9,2500.0
2018-01-26 10:57:00,111.86,111.88,111.84,111.86,1800.0
2018-01-26 10:58:00,111.84,111.84,111.84,111.84,400.0
2018-01-26 11:00:00,111.89,111.89,111.845,111.845,1779.0
2018-01-26 11:02:00,111.807,111.89,111.77,111.8638,4016.0
2018-01-26 11:03:00,111.73,111.77,111.73,111.77,800.0
2018-01-26 11:04:00,111.75,111.78,111.75,111.78,400.0
2018-01-26 11:05:00,111.69,111.75,111.65,111.75,3768.0
2018-01-26 11:06:00,111.78,111.78,111.63,111.64,2795.0
2018-01-26 11:08:00,111.82,111.82,111.76,111.77,1500.0
2018-01-26 11:09:00,111.84,111.88,111.8,111.8,4615.0
2018-01-26 11:10:00,111.82,111.86,111.82,111.84,1862.0
2018-01-26 11:11:00,111.85,111.88,111.85,111.87,1650.0
2018-01-26 11:12:00,111.84,111.84,111.81,111.82,600.0
2018-01-26 11:13:00,111.83,111.86,111.81,111.86,3960.0
2018-01-26 11:14:00,111.755,111.82,111.755,111.82,2205.0
2018-01-26 11:15:00,111.815,111.82,111.75,111.77,1800.0
2018-01-26 11:17:00,111.92,111.92,111.83,111.83,1500.0
2018-01-26 11:18:00,111.92,111.92,111.87,111.87,300.0
2018-01-26 11:20:00,111.96,111.96,111.89,111.9,4092.0
2018-01-26 11:21:00,111.97,112.0,111.92,111.92,4116.0
2018-01-26 11:22:00,112.03,112.03,112.01,112.01,500.0
2018-01-26 11:23:00,112.03,112.03,112.03,112.03,300.0
2018-01-26 11:24:00,112.07,112.07,112.04,112.06,600.0
2018-01-26 11:25:00,112.05,112.07,112.05,112.07,1160.0
2018-01-26 11:26:00,112.07,112.07,112.05,112.05,1116.0
2018-01-26 11:27:00,112.09,112.09,112.09,112.09,100.0
2018-01-26 11:28:00,112.0652,112.0652,112.0652,112.0652,250.0
2018-01-26 11:29:00,112.05,112.07,112.05,112.07,1300.0
2018-01-26 11:30:00,112.1,112.1,112.05,112.06,2570.0
2018-01-26 11:31:00,112.15,112.17,112.11,112.11,2549.0
2018-01-26 11:32:00,112.18,112.23,112.16,112.17,10380.0
2018-01-26 11:33:00,112.18,112.18,112.18,112.18,516.0
2018-01-26 11:34:00,112.23,112.23,112.19,112.2,600.0
2018-01-26 11:35:00,112.27,112.27,112.24,112.24,500.0
2018-01-26 11:36:00,112.28,112.3,112.28,112.28,900.0
2018-01-26 11:37:00,112.3106,112.33,112.3106,112.3148,466.0
2018-01-26 11:38:00,112.31,112.31,112.29,112.29,200.0
2018-01-26 11:39:00,112.42,112.42,112.3099,112.31,1800.0
2018-01-26 11:40:00,112.41,112.44,112.395,112.395,700.0
2018-01-26 11:41:00,112.38,112.43,112.38,112.43,2174.0
2018-01-26 11:43:00,112.28,112.38,112.28,112.38,2685.0
2018-01-26 11:44:00,112.33,112.33,112.2475,112.26,1703.0
2018-01-26 11:45:00,112.47,112.47,112.42,112.42,700.0
2018-01-26 11:46:00,112.475,112.49,112.475,112.49,200.0
2018-01-26 11:47:00,112.43,112.45,112.43,112.45,600.0
2018-01-26 11:48:00,112.43,112.49,112.43,112.45,500.0
2018-01-26 11:49:00,112.5,112.5,112.47,112.47,300.0
2018-01-26 11:50:00,112.4858,112.495,112.48,112.48,930.0
2018-01-26 11:51:00,112.5,112.5,112.47,112.48,3102.0
2018-01-26 11:52:00,112.50200000000001,112.50200000000001,112.50200000000001,112.50200000000001,500.0
2018-01-26 11:53:00,112.54,112.54,112.54,112.54,200.0
2018-01-26 11:55:00,112.46,112.49,112.435,112.49,2608.0
2018-01-26 11:56:00,112.406,112.43,112.406,112.43,325.0
2018-01-26 11:57:00,112.4,112.4,112.4,112.4,2062.0
2018-01-26 11:58:00,112.3445,112.4,112.3445,112.4,1000.0
2018-01-26 11:59:00,112.402,112.435,112.363,112.37,6948.0
2018-01-26 12:00:00,112.41,112.41,112.39,112.39,300.0
2018-01-26 12:01:00,112.4,112.41,112.4,112.41,700.0
2018-01-26 12:02:00,112.41,112.42,112.39,112.39,1743.0
2018-01-26 12:03:00,112.42,112.42,112.395,112.42,1700.0
2018-01-26 12:04:00,112.45,112.46,112.4025,112.4025,900.0
2018-01-26 12:05:00,112.53,112.53,112.44,112.44,1600.0
2018-01-26 12:06:00,112.45,112.53,112.45,112.53,700.0
2018-01-26 12:07:00,112.46,112.46,112.46,112.46,100.0
2018-01-26 12:09:00,112.43,112.48,112.43,112.48,1564.0
2018-01-26 12:10:00,112.43,112.47,112.43,112.43,2300.0
2018-01-26 12:12:00,112.32,112.42,112.32,112.42,2100.0
2018-01-26 12:13:00,112.2916,112.32,112.27,112.32,940.0
2018-01-26 12:14:00,112.25,112.25,112.25,112.25,100.0
2018-01-26 12:15:00,112.29,112.33,112.28,112.3,700.0
2018-01-26 12:16:00,112.28,112.3,112.27,112.28,1600.0
2018-01-26 12:17:00,112.32,112.32,112.295,112.32,500.0
2018-01-26 12:18:00,112.37,112.37,112.35,112.35,200.0
2018-01-26 12:19:00,112.37,112.39,112.37,112.37,400.0
2018-01-26 12:20:00,112.39,112.39,112.39,112.39,100.0
2018-01-26 12:21:00,112.39,112.39,112.36,112.36,200.0
2018-01-26 12:22:00,112.48,112.48,112.38,112.39,1700.0
2018-01-26 12:23:00,112.49,112.49,112.47,112.48,300.0
2018-01-26 12:24:00,112.48,112.5,112.48,112.5,200.0
2018-01-26 12:25:00,112.45,112.46,112.44,112.46,1805.0
2018-01-26 12:26:00,112.45,112.47,112.45,112.45,1350.0
2018-01-26 12:27:00,112.43,112.45,112.43,112.45,400.0
2018-01-26 12:28:00,112.4,112.48,112.4,112.47,3840.0
2018-01-26 12:29:00,112.49,112.5,112.415,112.415,1400.0
2018-01-26 12:30:00,112.45,112.45,112.45,112.45,600.0
2018-01-26 12:32:00,112.45,112.47,112.45,112.47,200.0
2018-01-26 12:33:00,112.475,112.49,112.45,112.45,500.0
2018-01-26 12:35:00,112.465,112.48,112.45,112.47,1602.0
2018-01-26 12:36:00,112.3607,112.46,112.3607,112.46,1430.0
2018-01-26 12:37:00,112.47,112.47,112.375,112.375,2200.0
2018-01-26 12:38:00,112.45,112.46,112.42,112.44,1700.0
2018-01-26 12:40:00,112.4,112.46,112.37,112.46,1900.0
2018-01-26 12:41:00,112.42,112.42,112.39,112.39,800.0
2018-01-26 12:42:00,112.415,112.415,112.415,112.415,343.0
2018-01-26 12:43:00,112.385,112.41,112.36,112.4,3400.0
2018-01-26 12:44:00,112.38,112.38,112.36,112.37,700.0
2018-01-26 12:45:00,112.41,112.41,112.38,112.4,1700.0
2018-01-26 12:46:00,112.41,112.41,112.41,112.41,300.0
2018-01-26 12:47:00,112.41,112.45,112.36,112.43,5131.0
2018-01-26 12:48:00,112.45,112.45,112.415,112.415,200.0
2018-01-26 12:49:00,112.44,112.45,112.42,112.44,800.0
2018-01-26 12:50:00,112.5,112.5,112.44,112.44,1277.0
2018-01-26 12:51:00,112.51,112.55,112.51,112.53,1141.0
2018-01-26 12:53:00,112.5,112.5,112.49,112.5,600.0
2018-01-26 12:54:00,112.59,112.59,112.515,112.515,1000.0
2018-01-26 12:55:00,112.58,112.58,112.58,112.58,100.0
2018-01-26 12:56:00,112.57,112.59,112.57,112.59,907.0
2018-01-26 12:57:00,112.55,112.57,112.55,112.56,2100.0
2018-01-26 12:58:00,112.54,112.55,112.54,112.55,360.0
2018-01-26 12:59:00,112.56,112.57,112.55,112.55,1000.0
2018-01-26 13:00:00,112.58,112.58,112.58,112.58,200.0
2018-01-26 13:01:00,112.6,112.6,112.57,112.6,1276.0
2018-01-26 13:02:00,112.585,112.605,112.585,112.605,200.0
2018-01-26 13:03:00,112.57,112.585,112.57,112.585,800.0
2018-01-26 13:04:00,112.58,112.6,112.57,112.57,1000.0
2018-01-26 13:05:00,112.6275,112.65,112.62,112.62,2238.0
2018-01-26 13:06:00,112.61,112.62,112.61,112.62,700.0
2018-01-26 13:07:00,112.62,112.62,112.57,112.61,2001.0
2018-01-26 13:09:00,112.59,112.59,112.59,112.59,300.0
2018-01-26 13:10:00,112.56,112.56,112.56,112.56,100.0
2018-01-26 13:11:00,112.635,112.635,112.58,112.6,700.0
2018-01-26 13:13:00,112.6,112.6,112.57,112.58,700.0
2018-01-26 13:15:00,112.62,112.62,112.609,112.609,1300.0
2018-01-26 13:16:00,112.64,112.66,112.61,112.61,900.0
2018-01-26 13:17:00,112.6547,112.66,112.64,112.64,619.0
2018-01-26 13:18:00,112.63,112.63,112.63,112.63,900.0
2018-01-26 13:19:00,112.67,112.67,112.63,112.64,1000.0
2018-01-26 13:21:00,112.7,112.75,112.67,112.67,3376.0
2018-01-26 13:22:00,112.74,112.74,112.74,112.74,300.0
2018-01-26 13:23:00,112.72,112.75,112.72,112.74,1735.0
2018-01-26 13:24:00,112.72,112.72,112.72,112.72,200.0
2018-01-26 13:25:00,112.7,112.75,112.7,112.74,1200.0
2018-01-26 13:26:00,112.74,112.74,112.68,112.725,2100.0
2018-01-26 13:27:00,112.89,112.89,112.76,112.76,8659.0
2018-01-26 13:28:00,112.84,112.84,112.84,112.84,100.0
2018-01-26 13:32:00,112.86,112.86,112.84,112.84,200.0
2018-01-26 13:33:00,112.902,112.92,112.835,112.835,3301.0
2018-01-26 13:34:00,112.895,112.895,112.895,112.895,100.0
2018-01-26 13:35:00,113.03,113.05,112.87,112.87,4941.0
2018-01-26 13:36:00,113.04,113.06,113.04,113.05,1099.0
2018-01-26 13:37:00,113.0845,113.0845,113.06,113.06,300.0
2018-01-26 13:38:00,113.01,113.05,113.01,113.05,3943.0
2018-01-26 13:39:00,113.09,113.1,113.02,113.02,1100.0
2018-01-26 13:40:00,113.07,113.09,113.06,113.09,1100.0
2018-01-26 13:42:00,113.05,113.05,113.05,113.05,204.0
2018-01-26 13:43:00,113.04,113.065,113.0,113.065,1186.0
2018-01-26 13:44:00,112.995,113.02,112.971,112.971,810.0
2018-01-26 13:46:00,113.05,113.05,113.02,113.02,810.0
2018-01-26 13:47:00,113.02,113.02,113.02,113.02,290.0
2018-01-26 13:48:00,113.02,113.04,113.02,113.03,1700.0
2018-01-26 13:49:00,113.05,113.05,113.05,113.05,300.0
2018-01-26 13:50:00,113.07,113.07,113.07,113.07,200.0
2018-01-26 13:51:00,113.13,113.14,113.08,113.1,1600.0
2018-01-26 13:52:00,113.1851,113.1851,113.145,113.145,745.0
2018-01-26 13:53:00,113.1642,113.22,113.16,113.22,19073.0
2018-01-26 13:54:00,113.17,113.17,113.17,113.17,400.0
2018-01-26 13:55:00,113.15,113.15,113.15,113.15,100.0
2018-01-26 13:56:00,113.1375,113.15,113.11,113.15,4221.0
2018-01-26 13:57:00,113.12,113.12,113.11,113.12,1000.0
2018-01-26 13:58:00,113.12,113.19,113.08,113.08,3200.0
2018-01-26 13:59:00,113.14,113.14,113.13,113.13,200.0
2018-01-26 14:01:00,113.14,113.14,113.12,113.13,500.0
2018-01-26 14:02:00,113.18,113.18,113.14,113.15,405.0
2018-01-26 14:03:00,113.16,113.16,113.16,113.16,100.0
2018-01-26 14:04:00,113.145,113.17,113.14,113.17,900.0
2018-01-26 14:05:00,113.1599,113.1599,113.1599,113.1599,400.0
2018-01-26 14:06:00,113.16,113.17,113.1311,113.1311,2200.0
2018-01-26 14:07:00,113.2,113.21,113.18,113.18,1310.0
2018-01-26 14:08:00,113.17,113.22,113.15,113.21,4347.0
2018-01-26 14:09:00,113.15299999999999,113.17,113.14,113.14,1300.0
2018-01-26 14:10:00,113.17,113.19,113.17,113.19,209.0
2018-01-26 14:11:00,113.12,113.15,113.11,113.15,2551.0
2018-01-26 14:12:00,113.1402,113.1402,113.13,113.13,400.0
2018-01-26 14:13:00,113.1744,113.1744,113.16,113.16,700.0
2018-01-26 14:14:00,113.2501,113.29,113.17,113.17,5600.0
2018-01-26 14:15:00,113.27,113.28,113.22,113.28,1300.0
2018-01-26 14:17:00,113.23,113.25,113.21,113.245,4020.0
2018-01-26 14:18:00,113.2656,113.2656,113.245,113.245,1000.0
2018-01-26 14:19:00,113.27,113.27,113.255,113.27,600.0
2018-01-26 14:20:00,113.31,113.33,113.3032,113.33,1200.0
2018-01-26 14:21:00,113.38,113.38,113.3,113.3,1700.0
2018-01-26 14:22:00,113.39,113.39,113.375,113.375,336.0
2018-01-26 14:23:00,113.4,113.42,113.39,113.39,1000.0
2018-01-26 14:24:00,113.37,113.412,113.37,113.412,2000.0
2018-01-26 14:25:00,113.35,113.37,113.34,113.36,1832.0
2018-01-26 14:26:00,113.37,113.3875,113.36,113.38,1001.0
2018-01-26 14:27:00,113.355,113.3724,113.331,113.36,1360.0
2018-01-26 14:28:00,113.3697,113.37,113.33,113.33,2704.0
2018-01-26 14:29:00,113.29,113.3574,113.29,113.3574,3223.0
2018-01-26 14:30:00,113.37,113.3899,113.29,113.29,6219.0
2018-01-26 14:31:00,113.315,113.35,113.3,113.35,1400.0
2018-01-26 14:32:00,113.38,113.39,113.32,113.32,3111.0
2018-01-26 14:33:00,113.33,113.34,113.33,113.34,700.0
2018-01-26 14:34:00,113.325,113.36,113.325,113.36,1599.0
2018-01-26 14:35:00,113.325,113.325,113.325,113.325,200.0
2018-01-26 14:36:00,113.31,113.34,113.31,113.34,200.0
2018-01-26 14:37:00,113.41,113.43,113.325,113.325,3300.0
2018-01-26 14:38:00,113.38,113.41,113.35,113.38,3200.0
2018-01-26 14:40:00,113.39,113.39,113.39,113.39,300.0
2018-01-26 14:41:00,113.39,113.39,113.37,113.37,200.0
2018-01-26 14:42:00,113.38,113.4,113.35,113.37,4711.0
2018-01-26 14:43:00,113.35,113.37,113.35,113.37,500.0
2018-01-26 14:44:00,113.38,113.38,113.38,113.38,100.0
2018-01-26 14:45:00,113.25,113.36,113.25,113.36,4311.0
2018-01-26 14:46:00,113.3,113.3,113.25,113.25,951.0
2018-01-26 14:47:00,113.29,113.31,113.29,113.31,800.0
2018-01-26 14:49:00,113.25,113.26,113.25,113.26,200.0
2018-01-26 14:50:00,113.28,113.3,113.25,113.275,1800.0
2018-01-26 14:51:00,113.26,113.285,113.25,113.28,2060.0
2018-01-26 14:52:00,113.2,113.2667,113.2,113.2667,1504.0
2018-01-26 14:53:00,113.13,113.21,113.13,113.18,800.0
2018-01-26 14:54:00,113.17,113.17,113.16,113.16,600.0
2018-01-26 14:55:00,113.165,113.17,113.14,113.14,900.0
2018-01-26 14:56:00,113.15,113.15,113.09,113.14,1912.0
2018-01-26 14:58:00,113.12,113.13,113.105,113.13,400.0
2018-01-26 14:59:00,113.05,113.12,113.05,113.0911,1510.0
2018-01-26 15:00:00,113.0392,113.05,112.99,112.9947,1525.0
2018-01-26 15:01:00,113.07,113.08,113.025,113.04,1764.0
2018-01-26 15:02:00,113.13,113.13,113.1,113.1,520.0
2018-01-26 15:03:00,113.09,113.13,113.09,113.125,1739.0
2018-01-26 15:04:00,113.12,113.14,113.12,113.12,600.0
2018-01-26 15:05:00,113.18,113.18,113.12,113.13,800.0
2018-01-26 15:06:00,113.19,113.19,113.18,113.18,300.0
2018-01-26 15:07:00,113.12,113.2,113.09,113.19,3967.0
2018-01-26 15:08:00,113.16,113.16,113.12,113.12,1300.0
2018-01-26 15:09:00,113.17,113.26,113.17,113.19,1100.0
2018-01-26 15:11:00,113.155,113.18,113.155,113.18,601.0
2018-01-26 15:12:00,113.19,113.25,113.16,113.17,1404.0
2018-01-26 15:13:00,113.21,113.23,113.2,113.22,1500.0
2018-01-26 15:14:00,113.22,113.22,113.22,113.22,1200.0
2018-01-26 15:15:00,113.24,113.24,113.205,113.22,1752.0
2018-01-26 15:16:00,113.26,113.26,113.24,113.24,600.0
2018-01-26 15:17:00,113.25,113.29,113.25,113.29,1100.0
2018-01-26 15:18:00,113.28,113.28,113.26,113.26,1468.0
2018-01-26 15:19:00,113.28,113.28,113.28,113.28,100.0
2018-01-26 15:20:00,113.3,113.3,113.26,113.27,2000.0
2018-01-26 15:21:00,113.29,113.31,113.28,113.31,1650.0
2018-01-26 15:22:00,113.31,113.31,113.28,113.28,1735.0
2018-01-26 15:23:00,113.33,113.33,113.29,113.31,1300.0
2018-01-26 15:24:00,113.39,113.39,113.34,113.34,1704.0
2018-01-26 15:25:00,113.41,113.42,113.36,113.36,3244.0
2018-01-26 15:26:00,113.405,113.42,113.39,113.42,3061.0
2018-01-26 15:27:00,113.42,113.429,113.405,113.405,2101.0
2018-01-26 15:28:00,113.32,113.41,113.31,113.41,5426.0
2018-01-26 15:29:00,113.38,113.4,113.33,113.33,2500.0
2018-01-26 15:30:00,113.36,113.38,113.36,113.38,400.0
2018-01-26 15:31:00,113.36,113.37,113.35,113.36,1795.0
2018-01-26 15:32:00,113.35,113.36,113.34,113.35,2100.0
2018-01-26 15:33:00,113.375,113.39,113.35,113.35,2705.0
2018-01-26 15:34:00,113.39,113.42,113.37,113.38,2960.0
2018-01-26 15:35:00,113.47,113.47,113.3893,113.3893,4441.0
2018-01-26 15:36:00,113.48,113.49,113.46,113.48,4710.0
2018-01-26 15:37:00,113.46,113.47,113.45,113.45,1365.0
2018-01-26 15:38:00,113.44,113.47,113.44,113.45,4740.0
2018-01-26 15:39:00,113.44,113.45,113.415,113.45,3320.0
2018-01-26 15:40:00,113.53,113.54,113.46,113.46,3923.0
2018-01-26 15:41:00,113.47,113.53,113.47,113.53,4057.0
2018-01-26 15:42:00,113.46,113.47,113.4501,113.465,1074.0
2018-01-26 15:43:00,113.45,113.48,113.45,113.47,5387.0
2018-01-26 15:44:00,113.45,113.46,113.43,113.46,3747.0
2018-01-26 15:45:00,113.52,113.54,113.45,113.45,7083.0
2018-01-26 15:46:00,113.44,113.51,113.43,113.49,7328.0
2018-01-26 15:47:00,113.405,113.43,113.3801,113.43,3709.0
2018-01-26 15:48:00,113.41,113.42,113.4,113.4,3829.0
2018-01-26 15:49:00,113.4401,113.45,113.38,113.405,8458.0
2018-01-26 15:50:00,113.46,113.46,113.44,113.44,6965.0
2018-01-26 15:51:00,113.455,113.46,113.43,113.45,3818.0
2018-01-26 15:52:00,113.37,113.45,113.37,113.45,3476.0
2018-01-26 15:53:00,113.38,113.39,113.37,113.38,5616.0
2018-01-26 15:54:00,113.38,113.43,113.38,113.38,6751.0
2018-01-26 15:55:00,113.405,113.41,113.38,113.39,2505.0
2018-01-26 15:56:00,113.435,113.48,113.41,113.41,5577.0
2018-01-26 15:57:00,113.49,113.49,113.42,113.445,8356.0
2018-01-26 15:58:00,113.35,113.47,113.35,113.47,5526.0
2018-01-26 15:59:00,113.4201,113.44,113.35,113.38,7745.0
2018-01-26 16:00:00,113.5,113.51,113.43,113.45,29780.0
2018-01-29 09:30:00,113.49,113.49,113.49,113.49,8105.0
2018-01-29 09:34:00,113.0,113.205,113.0,113.205,1648.0
2018-01-29 09:35:00,113.12,113.19,112.91,113.19,3801.0
2018-01-29 09:36:00,113.21,113.28,112.9921,112.9921,7242.0
2018-01-29 09:37:00,113.29,113.34,113.28,113.31,2100.0
2018-01-29 09:38:00,113.64,113.65,113.21,113.25,4097.0
2018-01-29 09:39:00,113.8695,113.8695,113.63,113.63,2944.0
2018-01-29 09:40:00,113.8824,113.885,113.86,113.86,1475.0
2018-01-29 09:41:00,114.25,114.2999,113.89,113.89,5428.0
2018-01-29 09:42:00,114.14,114.25,114.13,114.25,900.0
2018-01-29 09:43:00,114.46,114.46,114.25,114.25,1600.0
2018-01-29 09:44:00,114.305,114.45,114.305,114.43,1600.0
2018-01-29 09:45:00,114.36,114.36,114.32,114.32,400.0
2018-01-29 09:46:00,114.27,114.41,114.27,114.37,3234.0
2018-01-29 09:47:00,114.16,114.21,114.16,114.21,300.0
2018-01-29 09:48:00,113.94,114.18,113.94,114.18,1200.0
2018-01-29 09:50:00,113.84,113.94,113.84,113.94,900.0
2018-01-29 09:51:00,113.9,113.94,113.86,113.91,3500.0
2018-01-29 09:52:00,113.8,113.8,113.69,113.79,1499.0
2018-01-29 09:53:00,113.97,113.97,113.8871,113.8871,1100.0
2018-01-29 09:54:00,114.1199,114.1199,113.8701,113.958,1800.0
2018-01-29 09:55:00,114.11,114.19,113.9901,114.12,2461.0
2018-01-29 09:56:00,114.3,114.3,114.17,114.17,400.0
2018-01-29 09:57:00,114.09,114.33,114.09,114.33,1100.0
2018-01-29 09:58:00,114.0635,114.0635,114.0635,114.0635,300.0
2018-01-29 09:59:00,114.26,114.26,114.15,114.15,300.0
2018-01-29 10:00:00,114.27,114.3,114.27,114.3,300.0
2018-01-29 10:01:00,114.18,114.235,114.18,114.23,649.0
2018-01-29 10:02:00,114.2,114.2,114.15,114.15,500.0
2018-01-29 10:03:00,114.05,114.19,114.05,114.15,863.0
2018-01-29 10:04:00,114.02,114.02,113.99,113.99,523.0
2018-01-29 10:05:00,114.24,114.24,114.06,114.06,6065.0
2018-01-29 10:06:00,114.275,114.31,114.22,114.24,1400.0
2018-01-29 10:07:00,114.28,114.34,114.28,114.33,900.0
2018-01-29 10:08:00,114.38,114.38,114.295,114.295,1500.0
2018-01-29 10:09:00,114.3775,114.41,114.27,114.34,3500.0
2018-01-29 10:10:00,114.31,114.33,114.31,114.33,200.0
2018-01-29 10:11:00,114.3516,114.3516,114.31,114.34,1450.0
2018-01-29 10:12:00,114.39,114.39,114.355,114.36,1800.0
2018-01-29 10:13:00,114.36,114.43,114.32,114.36,1600.0
2018-01-29 10:14:00,114.22,114.33,114.22,114.33,1800.0
2018-01-29 10:15:00,114.1941,114.1941,114.1941,114.1941,200.0
2018-01-29 10:16:00,114.04,114.17,114.01,114.14,1400.0
2018-01-29 10:17:00,114.06,114.06,114.06,114.06,400.0
2018-01-29 10:18:00,114.15,114.15,114.05,114.05,1704.0
2018-01-29 10:19:00,114.1522,114.1522,114.15,114.15,200.0
2018-01-29 10:20:00,114.12,114.155,114.12,114.13,1700.0
2018-01-29 10:21:00,114.195,114.23,114.06,114.12,4640.0
2018-01-29 10:22:00,114.2,114.2,114.2,114.2,100.0
2018-01-29 10:23:00,114.27,114.27,114.23,114.23,200.0
2018-01-29 10:24:00,114.0816,114.27,114.04,114.23,1805.0
2018-01-29 10:25:00,114.23,114.23,114.09,114.15,802.0
2018-01-29 10:26:00,114.32,114.35,114.32,114.32,774.0
2018-01-29 10:27:00,114.55,114.55,114.34,114.34,2200.0
2018-01-29 10:28:00,114.67,114.75,114.53,114.6199,5493.0
2018-01-29 10:29:00,114.5601,114.71,114.55,114.71,2900.0
2018-01-29 10:30:00,114.51,114.64,114.5,114.64,2704.0
2018-01-29 10:31:00,114.5,114.53,114.49,114.5,1897.0
2018-01-29 10:32:00,114.59,114.64,114.5,114.53,2526.0
2018-01-29 10:33:00,114.59,114.59,114.52,114.55,500.0
2018-01-29 10:35:00,114.5,114.64,114.5,114.59,4255.0
2018-01-29 10:36:00,114.55,114.58,114.48,114.49,5879.0
2018-01-29 10:37:00,114.52,114.52,114.52,114.52,100.0
2018-01-29 10:38:00,114.5,114.52,114.48,114.48,6000.0
2018-01-29 10:39:00,114.5,114.53,114.49,114.524,2100.0
2018-01-29 10:40:00,114.4407,114.5,114.44,114.5,2662.0
2018-01-29 10:41:00,114.36,114.44,114.36,114.43799999999999,2350.0
2018-01-29 10:42:00,113.83,114.318,113.83,114.318,11536.0
2018-01-29 10:43:00,113.885,113.98,113.87,113.9654,1696.0
2018-01-29 10:44:00,113.78,113.85,113.62,113.76,5938.0
2018-01-29 10:45:00,113.84,113.84,113.75,113.77,1240.0
2018-01-29 10:46:00,113.82,113.8369,113.79,113.8328,2250.0
2018-01-29 10:47:00,113.74,113.78,113.69,113.76,1900.0
2018-01-29 10:48:00,113.58,113.72,113.58,113.72,1000.0
2018-01-29 10:50:00,113.84,113.84,113.6,113.64,2120.0
2018-01-29 10:51:00,113.74,113.81,113.74,113.81,679.0
2018-01-29 10:53:00,113.77,113.82,113.77,113.77,1000.0
2018-01-29 10:54:00,113.71,113.96,113.71,113.86,4946.0
2018-01-29 10:55:00,113.71,113.7515,113.71,113.71,1700.0
2018-01-29 10:56:00,113.75,113.81,113.75,113.8,4104.0
2018-01-29 10:57:00,113.675,113.75,113.66,113.74,3102.0
2018-01-29 10:58:00,113.66,113.72,113.62,113.66,8280.0
2018-01-29 10:59:00,113.64,113.64,113.62,113.64,800.0
2018-01-29 11:00:00,113.66,113.69,113.65,113.66,1739.0
2018-01-29 11:01:00,113.76,113.76,113.7,113.7,900.0
2018-01-29 11:03:00,113.68,113.755,113.68,113.755,2701.0
2018-01-29 11:04:00,113.82,113.82,113.72,113.72,3420.0
2018-01-29 11:05:00,113.7799,113.8,113.76,113.8,1100.0
2018-01-29 11:06:00,113.9,113.9,113.76,113.76,2420.0
2018-01-29 11:07:00,113.83,113.88,113.82,113.87,2914.0
2018-01-29 11:08:00,113.78,113.85,113.76,113.83,2800.0
2018-01-29 11:09:00,113.71,113.75,113.71,113.75,1630.0
2018-01-29 11:10:00,113.76,113.77,113.76,113.76,400.0
2018-01-29 11:11:00,113.7,113.77,113.7,113.76,3984.0
2018-01-29 11:12:00,113.75,113.75,113.75,113.75,200.0
2018-01-29 11:13:00,113.81,113.81,113.78,113.78,1000.0
2018-01-29 11:14:00,113.77,113.8,113.77,113.791,733.0
2018-01-29 11:15:00,113.85,113.85,113.8,113.8,811.0
2018-01-29 11:16:00,113.87,113.87,113.87,113.87,700.0
2018-01-29 11:17:00,113.89,113.89,113.86,113.86,1200.0
2018-01-29 11:18:00,113.92,113.92,113.92,113.92,100.0
2018-01-29 11:19:00,113.93,113.93,113.913,113.93,1000.0
2018-01-29 11:20:00,114.02,114.05,113.96,113.96,5041.0
2018-01-29 11:21:00,114.06,114.06,114.03,114.03,200.0
2018-01-29 11:22:00,114.08,114.11,114.05,114.0565,500.0
2018-01-29 11:23:00,114.11,114.15,114.0805,114.0805,1159.0
2018-01-29 11:24:00,114.1752,114.1752,114.17,114.17,300.0
2018-01-29 11:25:00,114.13,114.2,114.13,114.2,1040.0
2018-01-29 11:26:00,114.13,114.13,114.13,114.13,200.0
2018-01-29 11:29:00,114.21,114.21,114.075,114.075,3198.0
2018-01-29 11:30:00,114.2,114.3,114.2,114.2,10808.0
2018-01-29 11:31:00,114.15,114.25,114.15,114.25,1000.0
2018-01-29 11:32:00,114.3899,114.39,114.18,114.19,5310.0
2018-01-29 11:33:00,114.33,114.33,114.2577,114.2577,200.0
2018-01-29 11:34:00,114.27,114.35,114.27,114.33,2000.0
2018-01-29 11:35:00,114.221,114.3,114.221,114.3,1450.0
2018-01-29 11:36:00,114.255,114.255,114.22,114.25,500.0
2018-01-29 11:37:00,114.23,114.23,114.23,114.23,147.0
2018-01-29 11:38:00,114.16,114.185,114.14,114.185,900.0
2018-01-29 11:39:00,114.08,114.15,114.08,114.14,5660.0
2018-01-29 11:40:00,113.795,114.06,113.75,114.05,19530.0
2018-01-29 11:41:00,113.75,113.7805,113.63,113.77,7662.0
2018-01-29 11:42:00,113.64,113.78,113.64,113.78,1200.0
2018-01-29 11:43:00,113.68,113.68,113.68,113.68,100.0
2018-01-29 11:44:00,113.93,114.0,113.69,113.71,3864.0
2018-01-29 11:45:00,113.8,113.93,113.74,113.91,7100.0
2018-01-29 11:46:00,113.825,113.825,113.825,113.825,200.0
2018-01-29 11:47:00,113.845,113.89,113.84,113.89,400.0
2018-01-29 11:48:00,113.72,113.81,113.72,113.81,1500.0
2018-01-29 11:49:00,113.69,113.73,113.69,113.73,400.0
2018-01-29 11:50:00,113.73,113.73,113.72,113.72,400.0
2018-01-29 11:51:00,113.84,113.84,113.74,113.74,1668.0
2018-01-29 11:52:00,113.89,113.89,113.89,113.89,100.0
2018-01-29 11:53:00,113.82,113.89,113.82,113.88,1400.0
2018-01-29 11:55:00,113.87,113.87,113.86,113.86,700.0
2018-01-29 11:56:00,113.91,113.92,113.8823,113.8823,886.0
2018-01-29 11:57:00,113.96,113.96,113.96,113.96,100.0
2018-01-29 11:58:00,113.9499,113.955,113.92,113.955,1100.0
2018-01-29 11:59:00,113.87,113.925,113.87,113.925,785.0
2018-01-29 12:00:00,113.9,113.9,113.9,113.9,100.0
2018-01-29 12:01:00,113.77,113.85,113.77,113.85,800.0
2018-01-29 12:02:00,113.75,113.77,113.74,113.77,2317.0
2018-01-29 12:03:00,113.79,113.79,113.76,113.76,900.0
2018-01-29 12:05:00,113.74,113.87,113.74,113.87,9846.0
2018-01-29 12:06:00,113.62,113.71,113.62,113.71,1800.0
2018-01-29 12:08:00,113.64,113.69,113.64,113.64,2500.0
2018-01-29 12:09:00,113.67,113.67,113.65,113.66,400.0
2018-01-29 12:10:00,113.61,113.65,113.61,113.65,600.0
2018-01-29 12:11:00,113.61,113.61,113.6099,113.61,1200.0
2018-01-29 12:12:00,113.56,113.58,113.56,113.58,400.0
2018-01-29 12:14:00,113.6,113.7,113.59,113.59,2217.0
2018-01-29 12:15:00,113.59,113.59,113.53,113.58,721.0
2018-01-29 12:16:00,113.6,113.6,113.5405,113.5405,1020.0
2018-01-29 12:17:00,113.64,113.66,113.63,113.66,600.0
2018-01-29 12:18:00,113.705,113.73,113.69,113.7,1100.0
2018-01-29 12:19:00,113.75,113.75,113.74,113.74,500.0
2018-01-29 12:20:00,113.82,113.86,113.78,113.78,900.0
2018-01-29 12:21:00,113.89,113.89,113.81,113.87,1515.0
2018-01-29 12:22:00,113.89,113.9104,113.8851,113.9104,1200.0
2018-01-29 12:23:00,113.8379,113.9,113.8379,113.875,1017.0
2018-01-29 12:24:00,113.76,113.815,113.76,113.815,305.0
2018-01-29 12:25:00,113.76,113.81,113.76,113.81,502.0
2018-01-29 12:26:00,113.76,113.77,113.76,113.77,800.0
2018-01-29 12:27:00,113.79,113.81,113.73,113.73,1300.0
2018-01-29 12:28:00,113.835,113.835,113.835,113.835,200.0
2018-01-29 12:29:00,113.77799999999999,113.77799999999999,113.77799999999999,113.77799999999999,675.0
2018-01-29 12:30:00,113.76,113.76,113.76,113.76,400.0
2018-01-29 12:32:00,113.71,113.76,113.71,113.76,1900.0
2018-01-29 12:33:00,113.62,113.73,113.62,113.66,5800.0
2018-01-29 12:34:00,113.64,113.64,113.64,113.64,100.0
2018-01-29 12:35:00,113.63,113.63,113.63,113.63,100.0
2018-01-29 12:36:00,113.75,113.75,113.7,113.7,500.0
2018-01-29 12:37:00,113.78,113.79,113.7427,113.79,650.0
2018-01-29 12:38:00,113.775,113.8199,113.71,113.79,2676.0
2018-01-29 12:39:00,113.73,113.78,113.73,113.78,300.0
2018-01-29 12:40:00,113.66,113.77,113.66,113.77,524.0
2018-01-29 12:41:00,113.7,113.72,113.7,113.71,700.0
2018-01-29 12:42:00,113.76,113.77,113.76,113.77,200.0
2018-01-29 12:43:00,113.7699,113.7699,113.76,113.76,200.0
2018-01-29 12:44:00,113.7061,113.73,113.68,113.72,1716.0
2018-01-29 12:45:00,113.72,113.72,113.71,113.71,300.0
2018-01-29 12:46:00,113.76,113.77,113.73,113.73,2000.0
2018-01-29 12:47:00,113.7566,113.7604,113.72,113.755,3800.0
2018-01-29 12:48:00,113.73,113.76,113.73,113.76,500.0
2018-01-29 12:49:00,113.76,113.78,113.74,113.74,586.0
2018-01-29 12:50:00,113.83,113.83,113.77,113.77,800.0
2018-01-29 12:51:00,113.78,113.78,113.76,113.78,1324.0
2018-01-29 12:52:00,113.8298,113.86,113.79,113.79,2250.0
2018-01-29 12:53:00,113.85,113.86,113.85,113.86,300.0
2018-01-29 12:54:00,113.92,113.92,113.9,113.9,300.0
2018-01-29 12:55:00,113.94,113.94,113.94,113.94,100.0
2018-01-29 12:56:00,113.91,113.94,113.89,113.89,2200.0
2018-01-29 12:57:00,114.04,114.04,113.92,113.92,2030.0
2018-01-29 12:58:00,114.02,114.07,114.02,114.0493,1100.0
2018-01-29 12:59:00,114.12,114.12,114.0499,114.0499,6737.0
2018-01-29 13:00:00,114.08,114.08,114.08,114.08,100.0
2018-01-29 13:03:00,114.0253,114.09,114.0,114.07,3250.0
2018-01-29 13:04:00,114.05,114.05,114.05,114.05,100.0
2018-01-29 13:05:00,114.0,114.03,114.0,114.03,1500.0
2018-01-29 13:06:00,114.0254,114.0254,114.0,114.0,300.0
2018-01-29 13:07:00,114.0361,114.0699,114.0361,114.05,964.0
2018-01-29 13:08:00,114.03,114.045,114.03,114.045,200.0
2018-01-29 13:09:00,114.02,114.07,114.01,114.07,2400.0
2018-01-29 13:10:00,114.025,114.04,114.0,114.01,1600.0
2018-01-29 13:11:00,114.03,114.03,114.01,114.01,580.0
2018-01-29 13:12:00,114.085,114.11,114.04,114.04,1769.0
2018-01-29 13:13:00,114.075,114.09,114.0525,114.06,2600.0
2018-01-29 13:14:00,114.14,114.14,114.1,114.1,900.0
2018-01-29 13:15:00,114.09,114.115,114.08,114.1,1200.0
2018-01-29 13:16:00,114.1799,114.18,114.11,114.11,800.0
2018-01-29 13:17:00,114.19,114.205,114.15,114.15,3100.0
2018-01-29 13:18:00,114.21,114.22,114.15,114.22,1000.0
2018-01-29 13:19:00,114.235,114.235,114.2,114.2,200.0
2018-01-29 13:20:00,114.23,114.23,114.23,114.23,200.0
2018-01-29 13:21:00,114.12,114.23,114.12,114.23,3059.0
2018-01-29 13:23:00,114.18,114.18,114.17,114.17,536.0
2018-01-29 13:24:00,114.2,114.2,114.2,114.2,200.0
2018-01-29 13:25:00,114.2,114.21,114.2,114.21,700.0
2018-01-29 13:26:00,114.17,114.18,114.17,114.18,501.0
2018-01-29 13:27:00,114.18,114.18,114.18,114.18,400.0
2018-01-29 13:28:00,114.171,114.19,114.171,114.19,445.0
2018-01-29 13:29:00,114.17,114.17,114.13,114.17,1350.0
2018-01-29 13:30:00,114.16,114.16,114.145,114.145,538.0
2018-01-29 13:31:00,114.15,114.15,114.12,114.15,1625.0
2018-01-29 13:32:00,114.11,114.14,114.11,114.13,718.0
2018-01-29 13:33:00,114.1,114.115,114.1,114.11,800.0
2018-01-29 13:34:00,114.02,114.04,114.02,114.04,800.0
2018-01-29 13:35:00,114.0799,114.0799,114.0799,114.0799,106.0
2018-01-29 13:36:00,114.13,114.13,114.08,114.08,1714.0
2018-01-29 13:37:00,114.15,114.15,114.09,114.11,1800.0
2018-01-29 13:39:00,114.14,114.14,114.12,114.14,800.0
2018-01-29 13:40:00,114.125,114.17,114.11,114.17,900.0
2018-01-29 13:42:00,114.14,114.14,114.12,114.12,800.0
2018-01-29 13:43:00,114.16,114.18,114.16,114.16,1500.0
2018-01-29 13:44:00,114.18,114.18,114.18,114.18,100.0
2018-01-29 13:45:00,114.11,114.15,114.11,114.15,1800.0
2018-01-29 13:46:00,114.19,114.19,114.12,114.12,1482.0
2018-01-29 13:48:00,114.18,114.21,114.15,114.21,1980.0
2018-01-29 13:49:00,114.1728,114.1728,114.1728,114.1728,106.0
2018-01-29 13:50:00,114.166,114.166,114.166,114.166,134.0
2018-01-29 13:51:00,114.23,114.23,114.16,114.16,1800.0
2018-01-29 13:52:00,114.2,114.23,114.18,114.205,1902.0
2018-01-29 13:54:00,114.175,114.23,114.17,114.23,800.0
2018-01-29 13:55:00,114.2,114.24,114.2,114.2,1400.0
2018-01-29 13:56:00,114.25,114.25,114.19,114.215,900.0
2018-01-29 13:57:00,114.17,114.2175,114.17,114.2175,900.0
2018-01-29 13:58:00,114.205,114.205,114.205,114.205,100.0
2018-01-29 13:59:00,114.11,114.17,114.11,114.17,1400.0
2018-01-29 14:00:00,114.16,114.16,114.15,114.15,1100.0
2018-01-29 14:01:00,114.16,114.16,114.16,114.16,200.0
2018-01-29 14:02:00,114.24,114.24,114.165,114.165,3300.0
2018-01-29 14:03:00,114.22,114.24,114.22,114.23,2300.0
2018-01-29 14:04:00,114.2,114.21,114.2,114.21,200.0
2018-01-29 14:05:00,114.14,114.19,114.14,114.19,1300.0
2018-01-29 14:06:00,114.035,114.12,114.035,114.07,1868.0
2018-01-29 14:07:00,114.09,114.18,114.09,114.14,1500.0
2018-01-29 14:08:00,114.02,114.02,114.02,114.02,200.0
2018-01-29 14:09:00,114.02,114.045,114.02,114.03,610.0
2018-01-29 14:11:00,113.98,114.03,113.98,114.03,800.0
2018-01-29 14:12:00,113.93,113.93,113.93,113.93,200.0
2018-01-29 14:13:00,114.01,114.01,113.98,113.98,1000.0
2018-01-29 14:14:00,114.1,114.1,114.0,114.02,3443.0
2018-01-29 14:15:00,114.0794,114.0794,114.0794,114.0794,233.0
2018-01-29 14:16:00,114.18,114.18,114.11,114.11,1100.0
2018-01-29 14:17:00,114.18,114.18,114.14,114.15,5642.0
2018-01-29 14:18:00,114.24,114.24,114.16,114.18,2743.0
2018-01-29 14:19:00,114.2,114.2,114.19,114.2,1100.0
2018-01-29 14:20:00,114.24,114.27,114.23,114.23,2094.0
2018-01-29 14:21:00,114.16,114.24,114.13,114.24,2100.0
2018-01-29 14:22:00,114.15,114.18,114.13,114.17,2896.0
2018-01-29 14:24:00,114.16,114.26,114.15,114.15,3300.0
2018-01-29 14:25:00,114.185,114.22,114.16,114.21,500.0
2018-01-29 14:26:00,114.16,114.16,114.16,114.16,100.0
2018-01-29 14:27:00,114.185,114.185,114.185,114.185,200.0
2018-01-29 14:28:00,114.06,114.1675,114.06,114.16,1701.0
2018-01-29 14:29:00,114.15,114.17,114.11,114.13,2424.0
2018-01-29 14:30:00,114.125,114.125,114.125,114.125,600.0
2018-01-29 14:31:00,114.02,114.105,114.02,114.105,1000.0
2018-01-29 14:32:00,114.0112,114.07,114.0112,114.0599,2150.0
2018-01-29 14:33:00,114.07,114.07,114.04,114.04,350.0
2018-01-29 14:34:00,114.01,114.04,114.01,114.04,600.0
2018-01-29 14:35:00,113.96,114.01,113.93,114.01,4086.0
2018-01-29 14:36:00,113.85,113.9599,113.85,113.9599,2450.0
2018-01-29 14:37:00,113.88,113.89,113.83,113.83,1300.0
2018-01-29 14:38:00,113.885,113.91,113.85,113.89,2000.0
2018-01-29 14:39:00,113.88,113.91,113.85,113.85,500.0
2018-01-29 14:40:00,113.79,113.89,113.77,113.89,2882.0
2018-01-29 14:41:00,113.79,113.8,113.7704,113.7704,1018.0
2018-01-29 14:42:00,113.8,113.8,113.75,113.8,1664.0
2018-01-29 14:43:00,113.8199,113.82,113.795,113.82,1000.0
2018-01-29 14:44:00,113.815,113.8349,113.815,113.82,1300.0
2018-01-29 14:45:00,113.79,113.79,113.79,113.79,100.0
2018-01-29 14:46:00,113.825,113.85,113.8,113.8,2200.0
2018-01-29 14:47:00,113.83,113.8499,113.83,113.8499,1000.0
2018-01-29 14:48:00,113.88,113.9,113.8268,113.8268,3509.0
2018-01-29 14:49:00,113.82,113.91,113.82,113.91,1709.0
2018-01-29 14:50:00,113.84,113.845,113.84,113.845,400.0
2018-01-29 14:51:00,113.87,113.94,113.86,113.86,4100.0
2018-01-29 14:52:00,113.94,113.94,113.86,113.92,2600.0
2018-01-29 14:53:00,113.8701,113.8701,113.8701,113.8701,425.0
2018-01-29 14:55:00,113.8799,113.93,113.83,113.93,2746.0
2018-01-29 14:56:00,113.91,113.91,113.87,113.87,1646.0
2018-01-29 14:57:00,113.84,113.89,113.84,113.89,1375.0
2018-01-29 14:58:00,113.86,113.885,113.86,113.885,600.0
2018-01-29 14:59:00,113.8837,113.8837,113.8837,113.8837,106.0
2018-01-29 15:00:00,113.85,113.9,113.83,113.83,300.0
2018-01-29 15:01:00,113.83,113.88,113.83,113.86,2690.0
2018-01-29 15:02:00,113.8699,113.87,113.85,113.85,2100.0
2018-01-29 15:03:00,113.91,113.91,113.87,113.87,1200.0
2018-01-29 15:04:00,113.915,113.915,113.91,113.91,1200.0
2018-01-29 15:06:00,113.9,113.94,113.89,113.9399,2678.0
2018-01-29 15:07:00,113.9,113.94,113.9,113.92,800.0
2018-01-29 15:08:00,113.9,113.91,113.88,113.9,3600.0
2018-01-29 15:09:00,113.9799,113.9799,113.9,113.9,3800.0
2018-01-29 15:10:00,113.89,113.955,113.89,113.955,900.0
2018-01-29 15:11:00,113.905,113.92,113.87,113.89,3000.0
2018-01-29 15:12:00,113.91,113.915,113.87,113.915,3460.0
2018-01-29 15:13:00,113.97,113.97,113.9,113.91,3743.0
2018-01-29 15:14:00,113.95,113.96,113.95,113.9599,900.0
2018-01-29 15:15:00,113.9732,113.98,113.95,113.96,2615.0
2018-01-29 15:16:00,114.03,114.04,113.9999,113.9999,1200.0
2018-01-29 15:17:00,114.03,114.04,114.03,114.03,1700.0
2018-01-29 15:18:00,114.01,114.03,114.01,114.02,1698.0
2018-01-29 15:19:00,114.0,114.015,114.0,114.0,1000.0
2018-01-29 15:20:00,113.98,114.01,113.98,113.99,1600.0
2018-01-29 15:21:00,113.92,113.98,113.92,113.98,2200.0
2018-01-29 15:22:00,113.805,113.87,113.805,113.87,1900.0
2018-01-29 15:23:00,113.77,113.83,113.77,113.81,3737.0
2018-01-29 15:24:00,113.73,113.78,113.73,113.78,1491.0
2018-01-29 15:25:00,113.72,113.75,113.72,113.735,2806.0
2018-01-29 15:26:00,113.69,113.7499,113.64,113.74,6990.0
2018-01-29 15:27:00,113.72,113.72,113.68,113.7,2505.0
2018-01-29 15:28:00,113.75,113.75,113.69,113.72,2553.0
2018-01-29 15:29:00,113.6908,113.7699,113.66,113.75,3889.0
2018-01-29 15:30:00,113.58,113.66,113.58,113.66,1768.0
2018-01-29 15:31:00,113.66,113.66,113.59,113.59,3200.0
2018-01-29 15:32:00,113.6596,113.6596,113.5801,113.63,3971.0
2018-01-29 15:33:00,113.66,113.66,113.66,113.66,500.0
2018-01-29 15:34:00,113.71,113.71,113.68,113.68,2960.0
2018-01-29 15:35:00,113.74,113.77,113.72,113.72,2514.0
2018-01-29 15:36:00,113.66,113.765,113.66,113.76,2400.0
2018-01-29 15:37:00,113.7,113.7,113.6626,113.6626,3614.0
2018-01-29 15:38:00,113.71,113.7499,113.7,113.7,3549.0
2018-01-29 15:39:00,113.69,113.69,113.67,113.69,1500.0
2018-01-29 15:40:00,113.63,113.71,113.63,113.7,1600.0
2018-01-29 15:41:00,113.62,113.676,113.61,113.66,4600.0
2018-01-29 15:42:00,113.54,113.64,113.5,113.64,3754.0
2018-01-29 15:43:00,113.57,113.57,113.57,113.57,785.0
2018-01-29 15:44:00,113.67,113.67,113.58,113.58,6924.0
2018-01-29 15:45:00,113.61,113.66,113.6,113.66,3401.0
2018-01-29 15:46:00,113.46,113.62,113.46,113.62,7175.0
2018-01-29 15:47:00,113.57,113.57,113.485,113.49,2210.0
2018-01-29 15:48:00,113.53,113.55,113.52,113.55,4006.0
2018-01-29 15:49:00,113.53,113.55,113.52,113.55,4220.0
2018-01-29 15:50:00,113.47,113.52,113.45,113.52,3771.0
2018-01-29 15:51:00,113.61,113.61,113.48,113.49,8922.0
2018-01-29 15:52:00,113.65,113.65,113.59,113.59,5701.0
2018-01-29 15:53:00,113.685,113.685,113.64,113.65,8920.0
2018-01-29 15:54:00,113.68,113.7,113.66,113.7,6733.0
2018-01-29 15:55:00,113.69,113.73,113.63,113.7,7924.0
2018-01-29 15:56:00,113.685,113.71,113.67,113.69,5981.0
2018-01-29 15:57:00,113.77,113.8,113.68,113.68,10882.0
2018-01-29 15:58:00,113.77,113.77,113.72,113.77,15242.0
2018-01-29 15:59:00,113.7,113.8,113.7,113.75,10081.0
2018-01-29 16:00:00,113.7,113.74,113.64,113.69,19624.0
2018-01-30 09:30:00,113.1,113.1,113.1,113.1,5390.0
2018-01-30 09:31:00,112.975,112.9925,112.58,112.58,300.0
2018-01-30 09:33:00,113.025,113.35,112.73,113.35,3600.0
2018-01-30 09:34:00,112.9126,113.16,112.905,112.95,2500.0
2018-01-30 09:36:00,113.23,113.35,113.13,113.14,2213.0
2018-01-30 09:38:00,113.336,113.65,113.28,113.45,5103.0
2018-01-30 09:39:00,113.33,113.33,113.33,113.33,400.0
2018-01-30 09:41:00,113.54,113.54,113.37,113.4,3190.0
2018-01-30 09:42:00,113.43,113.43,113.43,113.43,100.0
2018-01-30 09:43:00,113.83,113.83,113.51,113.51,2418.0
2018-01-30 09:44:00,113.525,113.63,113.454,113.62,1945.0
2018-01-30 09:45:00,113.5,113.56,113.42,113.435,2400.0
2018-01-30 09:46:00,113.42,113.42,113.39,113.42,500.0
2018-01-30 09:47:00,113.3738,113.44,113.29,113.44,1000.0
2018-01-30 09:48:00,113.44,113.44,113.33,113.33,1213.0
2018-01-30 09:49:00,113.13,113.34,113.13,113.3,800.0
2018-01-30 09:50:00,113.17,113.17,113.16,113.16,200.0
2018-01-30 09:51:00,113.155,113.23,113.09,113.15,1700.0
2018-01-30 09:52:00,113.16,113.19,113.07,113.08,4622.0
2018-01-30 09:53:00,113.1106,113.16,113.1106,113.16,455.0
2018-01-30 09:54:00,113.17,113.17,113.0214,113.08,3603.0
2018-01-30 09:55:00,113.08,113.175,113.08,113.0809,2550.0
2018-01-30 09:57:00,113.09,113.21,113.01,113.15,1100.0
2018-01-30 09:58:00,113.15,113.15,113.1,113.1,400.0
2018-01-30 09:59:00,113.26,113.32,113.205,113.22,1300.0
2018-01-30 10:00:00,113.17,113.27,113.17,113.2508,1348.0
2018-01-30 10:01:00,113.23,113.23,113.23,113.23,100.0
2018-01-30 10:02:00,113.3,113.3,113.15,113.19,2100.0
2018-01-30 10:03:00,113.24,113.28,113.18,113.27,6215.0
2018-01-30 10:04:00,113.0729,113.24,113.0729,113.2,1506.0
2018-01-30 10:05:00,113.14,113.18,113.09,113.1,2800.0
2018-01-30 10:06:00,113.09,113.14,113.09,113.1,1550.0
2018-01-30 10:07:00,113.05,113.08,112.97,113.08,2900.0
2018-01-30 10:08:00,112.96,113.01,112.96,113.01,400.0
2018-01-30 10:10:00,113.08,113.15,113.06,113.06,2772.0
2018-01-30 10:11:00,113.09,113.09,113.055,113.055,600.0
2018-01-30 10:12:00,113.13,113.13,113.07,113.09,1100.0
2018-01-30 10:13:00,113.12,113.12,113.02,113.11,4800.0
2018-01-30 10:14:00,113.07,113.13,112.88,113.13,10304.0
2018-01-30 10:15:00,113.02,113.05,112.95,113.03,3500.0
2018-01-30 10:16:00,113.02,113.02,113.01,113.01,800.0
2018-01-30 10:17:00,112.932,113.06,112.93,113.01,1400.0
2018-01-30 10:18:00,112.92,112.96,112.92,112.95,807.0
2018-01-30 10:20:00,112.9,112.98,112.9,112.92,2477.0
2018-01-30 10:21:00,112.87,112.9,112.78,112.9,2596.0
2018-01-30 10:22:00,112.95,112.98,112.93,112.97,1100.0
2018-01-30 10:23:00,113.15,113.15,113.015,113.02,2049.0
2018-01-30 10:24:00,113.04,113.08,112.99,113.08,700.0
2018-01-30 10:25:00,113.07,113.12,113.0,113.02,600.0
2018-01-30 10:26:00,113.15,113.2,113.09,113.09,935.0
2018-01-30 10:27:00,113.18,113.215,113.18,113.215,200.0
2018-01-30 10:28:00,113.275,113.29,113.21,113.24,3412.0
2018-01-30 10:29:00,113.28,113.29,113.26,113.29,800.0
2018-01-30 10:30:00,113.43,113.44,113.3084,113.3084,1100.0
2018-01-30 10:31:00,113.51,113.6,113.49,113.49,2000.0
2018-01-30 10:32:00,113.4,113.51,113.365,113.51,2600.0
2018-01-30 10:33:00,113.32,113.44,113.32,113.43,1300.0
2018-01-30 10:34:00,113.29,113.29,113.1,113.215,1234.0
2018-01-30 10:35:00,113.43,113.44,113.31,113.33,2300.0
2018-01-30 10:36:00,113.405,113.49,113.405,113.49,1600.0
2018-01-30 10:37:00,113.44,113.47,113.44,113.44,800.0
2018-01-30 10:38:00,113.46,113.46,113.35,113.41,1500.0
2018-01-30 10:40:00,113.41,113.45,113.39,113.43,1900.0
2018-01-30 10:41:00,113.38,113.4,113.37,113.4,500.0
2018-01-30 10:42:00,113.335,113.335,113.335,113.335,200.0
2018-01-30 10:43:00,113.305,113.38,113.3,113.38,1000.0
2018-01-30 10:44:00,113.1447,113.28,113.1447,113.28,886.0
2018-01-30 10:45:00,113.1085,113.125,113.1085,113.125,400.0
2018-01-30 10:46:00,113.15,113.15,113.09,113.09,490.0
2018-01-30 10:47:00,112.993,113.12,112.993,113.12,600.0
2018-01-30 10:48:00,113.01,113.06,112.975,112.98,2561.0
2018-01-30 10:49:00,112.96,113.0,112.96,113.0,700.0
2018-01-30 10:50:00,113.07,113.12,113.0,113.0,2700.0
2018-01-30 10:51:00,112.86,113.04,112.84,113.04,2208.0
2018-01-30 10:52:00,112.93,112.93,112.93,112.93,200.0
2018-01-30 10:53:00,112.99,113.02,112.97,112.97,500.0
2018-01-30 10:54:00,113.01,113.01,113.01,113.01,100.0
2018-01-30 10:55:00,113.11,113.13,113.075,113.12,4864.0
2018-01-30 10:56:00,113.06,113.11,113.06,113.11,700.0
2018-01-30 10:57:00,113.085,113.11,113.06,113.1,5202.0
2018-01-30 10:58:00,113.1,113.1,113.05,113.08,1300.0
2018-01-30 10:59:00,113.06,113.08,113.03,113.08,1241.0
2018-01-30 11:00:00,113.05,113.11,113.05,113.11,1710.0
2018-01-30 11:01:00,113.06,113.14,113.04,113.07,3450.0
2018-01-30 11:02:00,113.04,113.13,113.03,113.1,1000.0
2018-01-30 11:03:00,112.89,113.01,112.89,112.96,1774.0
2018-01-30 11:04:00,112.88,112.88,112.88,112.88,200.0
2018-01-30 11:05:00,112.77,112.87,112.77,112.84,2000.0
2018-01-30 11:06:00,112.87,112.89,112.81,112.81,1800.0
2018-01-30 11:07:00,112.8,112.85,112.8,112.85,700.0
2018-01-30 11:08:00,112.79,112.79,112.74,112.77,1600.0
2018-01-30 11:09:00,112.8302,112.85,112.77,112.77,335.0
2018-01-30 11:10:00,112.85,112.85,112.819,112.85,834.0
2018-01-30 11:11:00,112.94,112.94,112.87,112.87,2800.0
2018-01-30 11:12:00,112.88,112.9,112.81,112.9,2688.0
2018-01-30 11:13:00,112.81,112.87,112.79,112.87,1539.0
2018-01-30 11:14:00,112.87,112.915,112.81,112.81,2900.0
2018-01-30 11:15:00,113.0199,113.0199,112.855,112.91,1095.0
2018-01-30 11:16:00,112.93,113.01,112.93,112.9684,1734.0
2018-01-30 11:17:00,113.02,113.02,112.88,112.88,2099.0
2018-01-30 11:18:00,113.02,113.02,112.96,112.96,300.0
2018-01-30 11:19:00,113.0788,113.0788,113.0788,113.0788,137.0
2018-01-30 11:21:00,113.11,113.14,113.1,113.1,1200.0
2018-01-30 11:22:00,113.08,113.12,113.045,113.11,2100.0
2018-01-30 11:23:00,113.185,113.19,113.09,113.09,2100.0
2018-01-30 11:24:00,113.03,113.2,113.03,113.18,1800.0
2018-01-30 11:25:00,112.87,113.09,112.865,113.09,2700.0
2018-01-30 11:26:00,112.92,113.01,112.91,112.91,2000.0
2018-01-30 11:27:00,112.85,112.99,112.85,112.925,3243.0
2018-01-30 11:29:00,112.85,112.9,112.84,112.84,1120.0
2018-01-30 11:30:00,112.86,112.86,112.83,112.83,200.0
2018-01-30 11:31:00,112.93,112.93,112.89,112.89,1000.0
2018-01-30 11:32:00,112.89,112.93,112.89,112.93,710.0
2018-01-30 11:33:00,112.97,112.98,112.85,112.88,1400.0
2018-01-30 11:34:00,112.95,112.95,112.93,112.95,1700.0
2018-01-30 11:35:00,112.88,112.95,112.86,112.95,2222.0
2018-01-30 11:36:00,112.91,112.91,112.855,112.855,1000.0
2018-01-30 11:37:00,112.95,112.98,112.93,112.95,2100.0
2018-01-30 11:38:00,113.02,113.03,112.97,112.98,3594.0
2018-01-30 11:39:00,112.92,113.02,112.9,113.02,1820.0
2018-01-30 11:40:00,112.85,112.86,112.85,112.86,300.0
2018-01-30 11:41:00,112.9,112.9,112.86,112.86,700.0
2018-01-30 11:42:00,112.98,113.035,112.93,112.93,1441.0
2018-01-30 11:43:00,112.96,112.97,112.94,112.97,1500.0
2018-01-30 11:44:00,113.15,113.18,113.01,113.01,3619.0
2018-01-30 11:45:00,113.1176,113.22,113.1176,113.21,1260.0
2018-01-30 11:46:00,113.18,113.23,113.18,113.2,1000.0
2018-01-30 11:47:00,113.19,113.19,113.14,113.14,450.0
2018-01-30 11:48:00,113.14,113.2,113.14,113.2,600.0
2018-01-30 11:50:00,113.09,113.17,113.08,113.17,1600.0
2018-01-30 11:51:00,112.995,113.12,112.97,113.07,3950.0
2018-01-30 11:52:00,113.04,113.04,113.02,113.04,900.0
2018-01-30 11:53:00,113.01,113.02,112.895,113.01,4800.0
2018-01-30 11:54:00,113.05,113.06,112.99,112.99,622.0
2018-01-30 11:55:00,113.01,113.01,113.01,113.01,300.0
2018-01-30 11:56:00,113.01,113.01,112.98,112.98,200.0
2018-01-30 11:57:00,113.0,113.01,113.0,113.01,400.0
2018-01-30 11:58:00,113.055,113.055,113.0042,113.0042,1030.0
2018-01-30 11:59:00,112.975,113.05,112.975,113.03,1250.0
2018-01-30 12:00:00,113.04,113.07,113.01,113.01,1614.0
2018-01-30 12:01:00,113.11,113.13,113.08,113.08,820.0
2018-01-30 12:02:00,113.12,113.12,113.1,113.1,2064.0
2018-01-30 12:03:00,113.19,113.19,113.12,113.12,900.0
2018-01-30 12:04:00,113.09,113.17,113.09,113.17,1450.0
2018-01-30 12:05:00,113.08,113.08,113.03,113.06,900.0
2018-01-30 12:06:00,113.15,113.15,113.15,113.15,100.0
2018-01-30 12:07:00,113.13,113.13,113.07,113.08,1000.0
2018-01-30 12:09:00,113.13,113.15,113.13,113.15,500.0
2018-01-30 12:10:00,113.1,113.16,113.1,113.15,920.0
2018-01-30 12:11:00,113.11,113.11,113.11,113.11,200.0
2018-01-30 12:13:00,113.13,113.17,113.13,113.13,4341.0
2018-01-30 12:14:00,113.14,113.15,113.04,113.105,3354.0
2018-01-30 12:15:00,113.2,113.21,113.11,113.11,2200.0
2018-01-30 12:16:00,113.275,113.275,113.21,113.21,400.0
2018-01-30 12:17:00,113.23,113.2704,113.23,113.2704,676.0
2018-01-30 12:18:00,113.28,113.28,113.24,113.2507,1214.0
2018-01-30 12:19:00,113.16,113.26,113.11,113.26,2200.0
2018-01-30 12:20:00,113.17,113.24,113.11,113.13,2453.0
2018-01-30 12:21:00,113.28,113.28,113.21,113.21,500.0
2018-01-30 12:23:00,113.2562,113.265,113.22,113.265,2005.0
2018-01-30 12:25:00,113.14,113.2,113.14,113.2,300.0
2018-01-30 12:26:00,113.06,113.1,113.04,113.1,1300.0
2018-01-30 12:27:00,113.0,113.06,113.0,113.06,300.0
2018-01-30 12:28:00,112.89,113.01,112.89,113.01,1112.0
2018-01-30 12:29:00,112.86,112.92,112.82,112.88,1650.0
2018-01-30 12:30:00,112.86,112.86,112.86,112.86,100.0
2018-01-30 12:31:00,112.89,112.91,112.87,112.87,1100.0
2018-01-30 12:32:00,112.93,112.93,112.905,112.92,1400.0
2018-01-30 12:33:00,112.97,112.97,112.945,112.96,1303.0
2018-01-30 12:34:00,112.92,113.0,112.92,113.0,600.0
2018-01-30 12:35:00,112.9999,112.9999,112.88,112.88,1624.0
2018-01-30 12:36:00,112.9,112.96,112.9,112.93,1067.0
2018-01-30 12:38:00,112.89,112.97,112.89,112.97,1000.0
2018-01-30 12:39:00,112.9,112.93,112.9,112.9,863.0
2018-01-30 12:40:00,112.9,112.91,112.9,112.91,300.0
2018-01-30 12:41:00,112.93,112.93,112.84,112.84,500.0
2018-01-30 12:42:00,112.93,112.93,112.93,112.93,200.0
2018-01-30 12:43:00,112.86,112.92,112.86,112.92,900.0
2018-01-30 12:44:00,112.81,112.86,112.81,112.83,919.0
2018-01-30 12:45:00,112.84,112.84,112.81,112.84,500.0
2018-01-30 12:46:00,112.775,112.78,112.77,112.78,600.0
2018-01-30 12:47:00,112.72,112.75,112.72,112.75,604.0
2018-01-30 12:48:00,112.69,112.74,112.65,112.71,2720.0
2018-01-30 12:49:00,112.73,112.75,112.71,112.75,1100.0
2018-01-30 12:50:00,112.71,112.73,112.71,112.73,200.0
2018-01-30 12:51:00,112.77,112.78,112.73,112.73,1010.0
2018-01-30 12:52:00,112.8807,112.9,112.76,112.76,1841.0
2018-01-30 12:53:00,112.83,112.85,112.83,112.85,300.0
2018-01-30 12:54:00,112.8,112.89,112.8,112.8899,2400.0
2018-01-30 12:55:00,112.78,112.84,112.78,112.8,500.0
2018-01-30 12:56:00,112.77,112.8,112.76,112.76,1000.0
2018-01-30 12:57:00,112.82,112.83,112.79,112.79,700.0
2018-01-30 12:58:00,112.78,112.79,112.77,112.79,600.0
2018-01-30 12:59:00,112.72,112.76,112.72,112.76,600.0
2018-01-30 13:00:00,112.75,112.78,112.65,112.67,1250.0
2018-01-30 13:01:00,112.7,112.74,112.7,112.74,500.0
2018-01-30 13:02:00,112.73,112.73,112.73,112.73,300.0
2018-01-30 13:03:00,112.67,112.79,112.67,112.77,1800.0
2018-01-30 13:06:00,112.66,112.67,112.61,112.67,1700.0
2018-01-30 13:07:00,112.64,112.69,112.64,112.69,331.0
2018-01-30 13:08:00,112.61,112.64,112.56,112.596,1350.0
2018-01-30 13:09:00,112.71,112.73,112.62,112.62,5873.0
2018-01-30 13:10:00,112.75,112.75,112.71,112.73,1000.0
2018-01-30 13:11:00,112.81,112.81,112.75,112.75,1300.0
2018-01-30 13:12:00,112.7377,112.78,112.73,112.78,1100.0
2018-01-30 13:13:00,112.75,112.75,112.695,112.73,1233.0
2018-01-30 13:14:00,112.64,112.71,112.64,112.71,795.0
2018-01-30 13:15:00,112.65,112.65,112.62,112.62,200.0
2018-01-30 13:16:00,112.69,112.7,112.65,112.65,700.0
2018-01-30 13:17:00,112.73,112.73,112.73,112.73,200.0
2018-01-30 13:18:00,112.86,112.86,112.81,112.81,600.0
2018-01-30 13:19:00,112.8665,112.8665,112.8,112.82,1725.0
2018-01-30 13:20:00,112.82,112.89,112.79,112.81,1650.0
2018-01-30 13:21:00,112.8,112.815,112.8,112.815,300.0
2018-01-30 13:22:00,112.75,112.79,112.74,112.79,1700.0
2018-01-30 13:23:00,112.75,112.75,112.68,112.68,400.0
2018-01-30 13:24:00,112.74,112.74,112.72,112.72,300.0
2018-01-30 13:25:00,112.67,112.72,112.6,112.72,1204.0
2018-01-30 13:26:00,112.78,112.78,112.71,112.72,1516.0
2018-01-30 13:27:00,112.81,112.81,112.79,112.81,702.0
2018-01-30 13:28:00,112.75,112.78,112.74,112.78,1500.0
2018-01-30 13:29:00,112.7238,112.73,112.7238,112.73,225.0
2018-01-30 13:30:00,112.7,112.71,112.7,112.71,200.0
2018-01-30 13:31:00,112.74,112.74,112.71,112.71,846.0
2018-01-30 13:32:00,112.72,112.72,112.72,112.72,200.0
2018-01-30 13:33:00,112.79,112.83,112.76,112.82,2500.0
2018-01-30 13:34:00,112.74,112.76,112.74,112.76,500.0
2018-01-30 13:35:00,112.755,112.77,112.755,112.76,300.0
2018-01-30 13:36:00,112.67,112.76,112.67,112.74,1850.0
2018-01-30 13:37:00,112.69,112.69,112.675,112.69,600.0
2018-01-30 13:38:00,112.67,112.71,112.67,112.69,1500.0
2018-01-30 13:39:00,112.73,112.73,112.64,112.65,700.0
2018-01-30 13:40:00,112.74,112.74,112.67,112.73,1300.0
2018-01-30 13:41:00,112.79,112.79,112.75,112.78,500.0
2018-01-30 13:42:00,112.77,112.78,112.7563,112.76,614.0
2018-01-30 13:43:00,112.85,112.85,112.78,112.79,1820.0
2018-01-30 13:44:00,112.84,112.8507,112.81,112.8507,1708.0
2018-01-30 13:45:00,112.84,112.84,112.81,112.81,400.0
2018-01-30 13:46:00,112.9,112.92,112.84,112.84,2837.0
2018-01-30 13:47:00,112.81,112.8954,112.81,112.8954,1867.0
2018-01-30 13:48:00,112.84,112.84,112.825,112.825,800.0
2018-01-30 13:49:00,112.845,112.88,112.83,112.88,500.0
2018-01-30 13:50:00,112.88,112.88,112.86,112.86,500.0
2018-01-30 13:51:00,112.91,112.93,112.87,112.89,2100.0
2018-01-30 13:52:00,112.92,112.93,112.9,112.93,900.0
2018-01-30 13:53:00,112.98,112.98,112.91,112.91,800.0
2018-01-30 13:54:00,112.99,112.99,112.99,112.99,100.0
2018-01-30 13:55:00,113.008,113.08,113.0,113.01,2912.0
2018-01-30 13:56:00,113.14,113.14,113.05,113.05,600.0
2018-01-30 13:57:00,113.01,113.1,113.01,113.1,1721.0
2018-01-30 13:58:00,113.01,113.04,112.99,113.02,1720.0
2018-01-30 13:59:00,113.03,113.03,113.03,113.03,100.0
2018-01-30 14:00:00,113.01,113.01,113.01,113.01,700.0
2018-01-30 14:01:00,112.9,112.98,112.86,112.98,3400.0
2018-01-30 14:02:00,112.96,112.97,112.94,112.94,1170.0
2018-01-30 14:03:00,112.96,113.0,112.95,112.96,1870.0
2018-01-30 14:04:00,112.95,112.96,112.95,112.96,518.0
2018-01-30 14:05:00,112.91,112.97,112.91,112.95,2700.0
2018-01-30 14:06:00,112.92,112.93,112.87,112.87,2048.0
2018-01-30 14:07:00,112.925,112.925,112.9,112.92,400.0
2018-01-30 14:08:00,112.9,112.925,112.9,112.925,600.0
2018-01-30 14:09:00,112.88,112.89,112.8652,112.8652,1565.0
2018-01-30 14:10:00,112.8,112.88,112.8,112.88,1767.0
2018-01-30 14:11:00,112.77,112.8,112.73,112.8,1500.0
2018-01-30 14:12:00,112.85,112.87,112.81,112.81,2507.0
2018-01-30 14:13:00,112.87,112.87,112.85,112.86,1310.0
2018-01-30 14:14:00,112.97,112.97,112.87,112.88,2476.0
2018-01-30 14:15:00,112.9,112.97,112.9,112.94,2720.0
2018-01-30 14:16:00,112.93,112.93,112.9,112.9,1000.0
2018-01-30 14:17:00,112.88,112.91,112.88,112.91,800.0
2018-01-30 14:18:00,112.93,112.95,112.88,112.88,1550.0
2018-01-30 14:19:00,112.84,112.92,112.84,112.92,1910.0
2018-01-30 14:20:00,112.8511,112.87,112.85,112.87,1600.0
2018-01-30 14:21:00,112.85,112.85,112.84,112.85,1301.0
2018-01-30 14:22:00,112.82,112.86,112.82,112.86,1000.0
2018-01-30 14:23:00,112.85,112.86,112.85,112.85,600.0
2018-01-30 14:24:00,112.8,112.8,112.79,112.79,500.0
2018-01-30 14:25:00,112.78,112.81,112.76,112.81,2700.0
2018-01-30 14:26:00,112.835,112.835,112.78,112.78,1339.0
2018-01-30 14:27:00,112.82,112.835,112.81,112.835,1125.0
2018-01-30 14:28:00,112.75,112.81,112.72,112.81,1501.0
2018-01-30 14:29:00,112.71,112.74,112.71,112.74,887.0
2018-01-30 14:30:00,112.74,112.74,112.71,112.71,1741.0
2018-01-30 14:31:00,112.6975,112.74,112.695,112.74,3119.0
2018-01-30 14:32:00,112.67,112.73,112.67,112.73,1300.0
2018-01-30 14:33:00,112.66,112.72,112.66,112.71,1120.0
2018-01-30 14:34:00,112.67,112.68,112.63,112.68,700.0
2018-01-30 14:35:00,112.61,112.65,112.585,112.65,2590.0
2018-01-30 14:36:00,112.65,112.66,112.61,112.64,2000.0
2018-01-30 14:37:00,112.58,112.63,112.57,112.63,1600.0
2018-01-30 14:38:00,112.57,112.61,112.56,112.61,500.0
2018-01-30 14:39:00,112.64,112.65,112.57,112.57,3650.0
2018-01-30 14:40:00,112.61,112.63,112.6,112.61,2654.0
2018-01-30 14:41:00,112.59,112.65,112.59,112.64,3195.0
2018-01-30 14:42:00,112.57,112.61,112.56,112.59,1900.0
2018-01-30 14:43:00,112.58,112.6,112.54,112.57,2291.0
2018-01-30 14:44:00,112.53,112.58,112.53,112.58,1200.0
2018-01-30 14:45:00,112.62,112.62,112.61,112.62,300.0
2018-01-30 14:47:00,112.6,112.64,112.6,112.64,1385.0
2018-01-30 14:48:00,112.645,112.645,112.6,112.6,1000.0
2018-01-30 14:49:00,112.64,112.675,112.64,112.66,2000.0
2018-01-30 14:50:00,112.65,112.65,112.63,112.6443,1100.0
2018-01-30 14:51:00,112.55,112.65,112.55,112.65,1974.0
2018-01-30 14:52:00,112.51,112.555,112.48,112.55,5127.0
2018-01-30 14:53:00,112.45,112.51,112.41,112.5,3059.0
2018-01-30 14:54:00,112.49,112.49,112.46,112.46,3034.0
2018-01-30 14:55:00,112.49,112.52,112.49,112.5,4081.0
2018-01-30 14:56:00,112.52,112.52,112.47,112.49,7472.0
2018-01-30 14:57:00,112.49,112.52,112.45,112.51,5665.0
2018-01-30 14:58:00,112.47,112.5,112.46,112.5,966.0
2018-01-30 14:59:00,112.46,112.49,112.44,112.46,4400.0
2018-01-30 15:00:00,112.46,112.46,112.46,112.46,200.0
2018-01-30 15:01:00,112.415,112.45,112.39,112.45,2170.0
2018-01-30 15:02:00,112.39,112.41,112.375,112.4,3000.0
2018-01-30 15:03:00,112.4,112.41,112.38,112.41,1992.0
2018-01-30 15:04:00,112.38,112.39,112.38,112.39,900.0
2018-01-30 15:05:00,112.36,112.41,112.36,112.4,3737.0
2018-01-30 15:06:00,112.33,112.36,112.33,112.35,2000.0
2018-01-30 15:07:00,112.27,112.32,112.27,112.32,1800.0
2018-01-30 15:08:00,112.24,112.27,112.24,112.27,1400.0
2018-01-30 15:09:00,112.28,112.29,112.245,112.26,2746.0
2018-01-30 15:10:00,112.26,112.3,112.25,112.3,2810.0
2018-01-30 15:11:00,112.36,112.37,112.27,112.27,5884.0
2018-01-30 15:12:00,112.4,112.4,112.34,112.34,1995.0
2018-01-30 15:13:00,112.37,112.38,112.34,112.38,1893.0
2018-01-30 15:14:00,112.33,112.4,112.33,112.4,2579.0
2018-01-30 15:15:00,112.35,112.35,112.35,112.35,400.0
2018-01-30 15:16:00,112.34,112.38,112.34,112.38,2705.0
2018-01-30 15:17:00,112.39,112.39,112.33,112.34,1000.0
2018-01-30 15:18:00,112.36,112.38,112.36,112.38,800.0
2018-01-30 15:19:00,112.37,112.39,112.36,112.39,1165.0
2018-01-30 15:20:00,112.37,112.37,112.35,112.37,1600.0
2018-01-30 15:21:00,112.365,112.37,112.345,112.36,4700.0
2018-01-30 15:22:00,112.369,112.38,112.35,112.36,2532.0
2018-01-30 15:23:00,112.33,112.3718,112.32,112.37,2702.0
2018-01-30 15:24:00,112.3116,112.33,112.3,112.33,4966.0
2018-01-30 15:25:00,112.3421,112.35,112.32,112.32,1434.0
2018-01-30 15:26:00,112.37,112.37,112.345,112.345,203.0
2018-01-30 15:27:00,112.41,112.42,112.37,112.37,5225.0
2018-01-30 15:28:00,112.4,112.43,112.39,112.42,5277.0
2018-01-30 15:29:00,112.4,112.41,112.4,112.4,6340.0
2018-01-30 15:30:00,112.41,112.41,112.395,112.4,3927.0
2018-01-30 15:31:00,112.44,112.45,112.41,112.41,3650.0
2018-01-30 15:32:00,112.43,112.45,112.43,112.45,1200.0
2018-01-30 15:33:00,112.49,112.5,112.43,112.44,1710.0
2018-01-30 15:34:00,112.47,112.5,112.4699,112.5,6368.0
2018-01-30 15:35:00,112.48,112.48,112.45,112.48,3835.0
2018-01-30 15:36:00,112.53,112.53,112.485,112.49,2891.0
2018-01-30 15:37:00,112.56,112.56,112.53,112.53,1150.0
2018-01-30 15:38:00,112.54,112.57,112.54,112.56,5569.0
2018-01-30 15:39:00,112.5799,112.6,112.55,112.55,3580.0
2018-01-30 15:40:00,112.575,112.59,112.57,112.58,1925.0
2018-01-30 15:41:00,112.52,112.6,112.52,112.57,4160.0
2018-01-30 15:42:00,112.475,112.52,112.46,112.52,2421.0
2018-01-30 15:43:00,112.48,112.5,112.46,112.48,3665.0
2018-01-30 15:44:00,112.4232,112.47,112.4232,112.47,3624.0
2018-01-30 15:45:00,112.41,112.45,112.36,112.43,5959.0
2018-01-30 15:46:00,112.47,112.47,112.36,112.36,7882.0
2018-01-30 15:47:00,112.475,112.49,112.46,112.46,4350.0
2018-01-30 15:48:00,112.495,112.5,112.46,112.47,5397.0
2018-01-30 15:49:00,112.4869,112.5,112.47,112.49,3715.0
2018-01-30 15:50:00,112.51,112.52,112.485,112.49,6117.0
2018-01-30 15:51:00,112.47,112.52,112.47,112.51,4260.0
2018-01-30 15:52:00,112.53,112.54,112.47399999999999,112.48,5011.0
2018-01-30 15:53:00,112.48,112.53,112.475,112.53,7612.0
2018-01-30 15:54:00,112.4,112.5,112.4,112.49,5733.0
2018-01-30 15:55:00,112.45,112.46,112.37,112.42,5600.0
2018-01-30 15:56:00,112.44,112.47,112.43,112.46,4663.0
2018-01-30 15:57:00,112.51,112.51,112.445,112.445,5495.0
2018-01-30 15:58:00,112.48,112.51,112.45,112.49,6515.0
2018-01-30 15:59:00,112.45,112.47,112.4,112.47,8852.0
2018-01-30 16:00:00,112.24,112.47,112.21,112.47,35509.0
2018-01-31 09:30:00,112.57,112.57,112.57,112.57,4934.0
2018-01-31 09:31:00,112.8599,112.8599,112.8599,112.8599,200.0
2018-01-31 09:33:00,112.91,112.91,112.81,112.86,900.0
2018-01-31 09:35:00,113.4,113.4,112.91,112.91,400.0
2018-01-31 09:36:00,113.56700000000001,113.64,113.56700000000001,113.63,950.0
2018-01-31 09:37:00,113.63,113.65,113.52,113.52,1400.0
2018-01-31 09:40:00,113.34,113.485,113.34,113.485,1000.0
2018-01-31 09:42:00,113.22,113.33,113.0,113.33,1700.0
2018-01-31 09:43:00,112.99,113.0513,112.99,113.0513,1151.0
2018-01-31 09:44:00,112.94,113.04,112.92,112.92,7216.0
2018-01-31 09:45:00,112.85,112.97,112.85,112.94,1603.0
2018-01-31 09:46:00,112.89,112.89,112.885,112.885,300.0
2018-01-31 09:47:00,112.66,112.93,112.58,112.91,7248.0
2018-01-31 09:48:00,112.7,112.7,112.67,112.67,1500.0
2018-01-31 09:49:00,112.52,112.64,112.52,112.6,1638.0
2018-01-31 09:50:00,112.5399,112.5399,112.5,112.5,898.0
2018-01-31 09:51:00,112.53,112.6,112.52,112.52,900.0
2018-01-31 09:52:00,112.44,112.62,112.44,112.62,2548.0
2018-01-31 09:53:00,112.45,112.52,112.45,112.49,900.0
2018-01-31 09:54:00,112.47,112.54,112.47,112.5,3900.0
2018-01-31 09:55:00,112.51,112.54,112.47,112.47,1700.0
2018-01-31 09:56:00,112.55,112.55,112.515,112.55,800.0
2018-01-31 09:57:00,112.58,112.58,112.545,112.55,1100.0
2018-01-31 09:58:00,112.54,112.58,112.46,112.5363,3150.0
2018-01-31 09:59:00,112.41,112.56,112.41,112.48,1600.0
2018-01-31 10:00:00,112.59,112.59,112.44,112.44,908.0
2018-01-31 10:01:00,112.5,112.62,112.5,112.6,2400.0
2018-01-31 10:02:00,112.37,112.51,112.37,112.47,2434.0
2018-01-31 10:03:00,112.35,112.41,112.345,112.39,2914.0
2018-01-31 10:05:00,112.26,112.3751,112.26,112.36,2181.0
2018-01-31 10:06:00,112.155,112.24,112.11,112.24,3546.0
2018-01-31 10:07:00,112.27,112.27,112.17,112.17,4300.0
2018-01-31 10:08:00,112.4,112.4,112.25,112.26,2006.0
2018-01-31 10:09:00,112.28,112.34,112.27,112.27,1600.0
2018-01-31 10:10:00,112.44,112.49,112.36,112.36,3217.0
2018-01-31 10:11:00,112.44,112.46,112.37,112.43,3800.0
2018-01-31 10:12:00,112.37,112.4,112.36,112.39,2100.0
2018-01-31 10:13:00,112.5,112.5,112.38,112.4,2700.0
2018-01-31 10:14:00,112.48,112.51,112.41,112.51,2318.0
2018-01-31 10:15:00,112.58,112.58,112.4925,112.52,1700.0
2018-01-31 10:16:00,112.585,112.585,112.585,112.585,100.0
2018-01-31 10:17:00,112.63,112.63,112.62,112.63,300.0
2018-01-31 10:18:00,112.52,112.6,112.5,112.59,2419.0
2018-01-31 10:19:00,112.49,112.525,112.49,112.5,1300.0
2018-01-31 10:20:00,112.45,112.45,112.45,112.45,200.0
2018-01-31 10:21:00,112.52,112.53,112.485,112.52,1300.0
2018-01-31 10:22:00,112.65,112.65,112.4946,112.52,3002.0
2018-01-31 10:23:00,112.705,112.73,112.65,112.73,500.0
2018-01-31 10:24:00,112.715,112.78,112.66,112.66,4284.0
2018-01-31 10:25:00,112.735,112.76,112.715,112.75,700.0
2018-01-31 10:26:00,112.68,112.75,112.68,112.72,2446.0
2018-01-31 10:27:00,112.64,112.67,112.62,112.67,300.0
2018-01-31 10:28:00,112.8,112.8,112.65,112.65,800.0
2018-01-31 10:30:00,112.6999,112.78,112.6999,112.78,597.0
2018-01-31 10:31:00,112.7,112.7,112.68,112.69,839.0
2018-01-31 10:32:00,112.75,112.75,112.73,112.75,400.0
2018-01-31 10:34:00,112.72,112.72,112.6836,112.72,415.0
2018-01-31 10:36:00,112.77,112.77,112.73,112.73,1237.0
2018-01-31 10:37:00,112.77,112.78,112.77,112.78,400.0
2018-01-31 10:38:00,112.71,112.75,112.71,112.74,1324.0
2018-01-31 10:39:00,112.69,112.73,112.69,112.73,801.0
2018-01-31 10:40:00,112.685,112.71,112.64,112.64,900.0
2018-01-31 10:41:00,112.68,112.71,112.64,112.71,500.0
2018-01-31 10:42:00,112.64,112.64,112.63,112.64,713.0
2018-01-31 10:43:00,112.675,112.675,112.675,112.675,100.0
2018-01-31 10:44:00,112.64,112.64,112.55,112.6,2120.0
2018-01-31 10:45:00,112.6,112.66,112.59,112.66,300.0
2018-01-31 10:46:00,112.67,112.67,112.55,112.56,1700.0
2018-01-31 10:48:00,112.77,112.77,112.68,112.68,700.0
2018-01-31 10:49:00,112.91,112.94,112.79,112.79,1100.0
2018-01-31 10:51:00,112.92,112.92,112.89,112.92,300.0
2018-01-31 10:52:00,113.02,113.02,112.87,112.92,1000.0
2018-01-31 10:53:00,113.02,113.04,113.02,113.04,200.0
2018-01-31 10:54:00,112.9,113.0,112.9,112.95,2073.0
2018-01-31 10:55:00,112.84,112.91,112.84,112.91,1800.0
2018-01-31 10:56:00,112.81,112.84,112.8,112.82,2204.0
2018-01-31 10:57:00,112.88,112.9,112.8,112.82,1600.0
2018-01-31 10:58:00,112.89,112.92,112.87,112.885,922.0
2018-01-31 10:59:00,112.87,112.89,112.83,112.86,1483.0
2018-01-31 11:00:00,112.93,112.93,112.87,112.87,300.0
2018-01-31 11:01:00,112.96,112.96,112.87,112.93,1415.0
2018-01-31 11:02:00,113.02,113.02,112.98,112.98,400.0
2018-01-31 11:04:00,113.06,113.07,113.05,113.05,600.0
2018-01-31 11:05:00,113.11,113.11,113.08,113.08,200.0
2018-01-31 11:06:00,113.08,113.08,113.045,113.045,400.0
2018-01-31 11:07:00,112.97,113.11,112.97,113.1,3000.0
2018-01-31 11:08:00,112.88,112.94,112.86,112.94,1600.0
2018-01-31 11:09:00,112.825,112.825,112.7839,112.7839,300.0
2018-01-31 11:11:00,112.82,112.825,112.8,112.825,400.0
2018-01-31 11:12:00,112.91,112.91,112.79,112.79,3036.0
2018-01-31 11:13:00,112.96,112.96,112.94,112.95,700.0
2018-01-31 11:14:00,112.9299,112.9299,112.9299,112.9299,200.0
2018-01-31 11:15:00,112.96,113.05,112.91,112.93,2746.0
2018-01-31 11:16:00,112.91,112.91,112.91,112.91,100.0
2018-01-31 11:17:00,112.93,112.93,112.87,112.87,1200.0
2018-01-31 11:18:00,113.01,113.01,112.98,112.98,300.0
2018-01-31 11:19:00,113.06,113.06,113.01,113.01,800.0
2018-01-31 11:20:00,113.1,113.12,113.05,113.1,1055.0
2018-01-31 11:21:00,113.01,113.05,113.01,113.04,3200.0
2018-01-31 11:22:00,112.9,113.015,112.9,113.015,200.0
2018-01-31 11:23:00,112.85,112.9,112.85,112.9,1000.0
2018-01-31 11:24:00,112.94,112.94,112.88,112.9,2010.0
2018-01-31 11:25:00,112.97,112.97,112.95,112.95,300.0
2018-01-31 11:26:00,112.8825,112.95,112.84,112.95,3077.0
2018-01-31 11:27:00,112.985,112.985,112.985,112.985,100.0
2018-01-31 11:28:00,112.9899,112.99,112.9401,112.98,1030.0
2018-01-31 11:29:00,112.96,112.97,112.93,112.95,900.0
2018-01-31 11:30:00,113.0,113.0,112.91,112.91,1231.0
2018-01-31 11:31:00,113.02,113.02,113.02,113.02,200.0
2018-01-31 11:32:00,113.16,113.17,113.005,113.005,1500.0
2018-01-31 11:33:00,113.08,113.1,113.06,113.1,1000.0
2018-01-31 11:34:00,113.12,113.17,113.07,113.07,1600.0
2018-01-31 11:35:00,113.16,113.16,113.09,113.09100000000001,5601.0
2018-01-31 11:36:00,113.03,113.1299,113.03,113.1299,820.0
2018-01-31 11:37:00,112.955,112.99,112.955,112.99,200.0
2018-01-31 11:38:00,112.99,112.99,112.97,112.97,399.0
2018-01-31 11:39:00,112.965,112.965,112.965,112.965,100.0
2018-01-31 11:40:00,112.965,113.0,112.94,113.0,500.0
2018-01-31 11:41:00,112.98,112.98,112.955,112.955,600.0
2018-01-31 11:42:00,112.92,113.0299,112.92,112.99,2520.0
2018-01-31 11:43:00,112.89,112.94,112.89,112.94,200.0
2018-01-31 11:44:00,112.8053,112.8366,112.8,112.82,1294.0
2018-01-31 11:45:00,112.84,112.84,112.83,112.83,965.0
2018-01-31 11:46:00,112.81,112.89,112.81,112.88,1800.0
2018-01-31 11:47:00,112.75,112.75,112.75,112.75,200.0
2018-01-31 11:49:00,112.7,112.7,112.7,112.7,100.0
2018-01-31 11:50:00,112.74,112.78,112.73,112.73,2109.0
2018-01-31 11:51:00,112.84,112.8625,112.75,112.75,2040.0
2018-01-31 11:52:00,112.8118,112.8118,112.8118,112.8118,100.0
2018-01-31 11:54:00,112.78,112.81,112.78,112.81,800.0
2018-01-31 11:55:00,112.78,112.78,112.78,112.78,400.0
2018-01-31 11:57:00,112.86,112.87,112.83,112.86,7250.0
2018-01-31 11:58:00,112.89,112.8925,112.87,112.87,650.0
2018-01-31 11:59:00,112.86,112.86,112.86,112.86,404.0
2018-01-31 12:00:00,112.785,112.83,112.78,112.83,999.0
2018-01-31 12:01:00,112.7,112.78,112.7,112.78,400.0
2018-01-31 12:02:00,112.7499,112.75,112.7,112.7,1200.0
2018-01-31 12:04:00,112.94,112.94,112.735,112.77,1700.0
2018-01-31 12:05:00,112.9,112.94,112.87,112.94,1000.0
2018-01-31 12:06:00,112.78,112.865,112.78,112.865,802.0
2018-01-31 12:08:00,112.73,112.74,112.73,112.74,600.0
2018-01-31 12:09:00,112.59,112.68,112.59,112.68,700.0
2018-01-31 12:13:00,112.545,112.545,112.545,112.545,100.0
2018-01-31 12:14:00,112.59,112.74,112.59,112.6,4845.0
2018-01-31 12:15:00,112.48,112.595,112.43,112.595,1300.0
2018-01-31 12:16:00,112.36,112.43,112.36,112.43,500.0
2018-01-31 12:17:00,112.45,112.485,112.435,112.48,1800.0
2018-01-31 12:18:00,112.57,112.57,112.42,112.42,1903.0
2018-01-31 12:19:00,112.57,112.57,112.57,112.57,1200.0
2018-01-31 12:20:00,112.58,112.58,112.54,112.5521,900.0
2018-01-31 12:21:00,112.62,112.62,112.58,112.58,804.0
2018-01-31 12:22:00,112.7,112.7,112.7,112.7,100.0
2018-01-31 12:23:00,112.64,112.6999,112.63,112.6999,731.0
2018-01-31 12:24:00,112.69,112.69,112.64,112.64,700.0
2018-01-31 12:25:00,112.66,112.67,112.62,112.67,1500.0
2018-01-31 12:26:00,112.68,112.68,112.65,112.65,200.0
2018-01-31 12:27:00,112.61,112.62100000000001,112.61,112.62100000000001,600.0
2018-01-31 12:28:00,112.59,112.59,112.59,112.59,300.0
2018-01-31 12:29:00,112.65,112.68,112.64,112.64,1006.0
2018-01-31 12:30:00,112.69,112.69,112.61,112.61,1280.0
2018-01-31 12:31:00,112.77,112.78,112.69,112.6999,600.0
2018-01-31 12:32:00,112.74,112.74,112.72,112.72,350.0
2018-01-31 12:33:00,112.805,112.82,112.74,112.79,700.0
2018-01-31 12:35:00,112.88,112.9299,112.88,112.88,800.0
2018-01-31 12:36:00,112.84,112.9,112.82,112.87,1501.0
2018-01-31 12:37:00,112.83,112.845,112.83,112.84,418.0
2018-01-31 12:38:00,112.79,112.82,112.79,112.82,500.0
2018-01-31 12:39:00,112.68,112.77,112.68,112.77,1100.0
2018-01-31 12:40:00,112.6601,112.6601,112.6601,112.6601,100.0
2018-01-31 12:41:00,112.66,112.68,112.66,112.66,1000.0
2018-01-31 12:42:00,112.65,112.7,112.61,112.66,5042.0
2018-01-31 12:43:00,112.66,112.66,112.57,112.63,1700.0
2018-01-31 12:45:00,112.65,112.7,112.65,112.65,1600.0
2018-01-31 12:46:00,112.7,112.71,112.7,112.71,400.0
2018-01-31 12:47:00,112.7118,112.78,112.665,112.7,1692.0
2018-01-31 12:48:00,112.68,112.71,112.67,112.71,400.0
2018-01-31 12:49:00,112.69,112.69,112.68,112.68,1004.0
2018-01-31 12:50:00,112.64,112.69,112.64,112.69,1000.0
2018-01-31 12:51:00,112.685,112.685,112.67,112.67,602.0
2018-01-31 12:52:00,112.67,112.67,112.67,112.67,100.0
2018-01-31 12:53:00,112.6501,112.7099,112.65,112.65,700.0
2018-01-31 12:54:00,112.79,112.87,112.7,112.7,2569.0
2018-01-31 12:55:00,112.74,112.76,112.74,112.76,500.0
2018-01-31 12:56:00,112.6,112.69,112.6,112.69,446.0
2018-01-31 12:58:00,112.56,112.6,112.56,112.6,600.0
2018-01-31 12:59:00,112.705,112.705,112.565,112.585,1431.0
2018-01-31 13:00:00,112.74,112.77,112.7,112.77,400.0
2018-01-31 13:01:00,112.77,112.82,112.74,112.74,1100.0
2018-01-31 13:03:00,112.79,112.8,112.77,112.77,1023.0
2018-01-31 13:04:00,112.76,112.82,112.76,112.82,200.0
2018-01-31 13:06:00,112.8,112.8,112.75,112.75,1000.0
2018-01-31 13:07:00,112.83,112.83,112.7901,112.7901,900.0
2018-01-31 13:08:00,112.76,112.83,112.74,112.83,1800.0
2018-01-31 13:09:00,112.71,112.755,112.7,112.755,1000.0
2018-01-31 13:10:00,112.675,112.73,112.675,112.73,740.0
2018-01-31 13:11:00,112.67,112.67,112.67,112.67,200.0
2018-01-31 13:12:00,112.66,112.7,112.66,112.7,2141.0
2018-01-31 13:13:00,112.65,112.65,112.64,112.64,500.0
2018-01-31 13:14:00,112.64,112.64,112.605,112.605,600.0
2018-01-31 13:15:00,112.71,112.71,112.71,112.71,100.0
2018-01-31 13:16:00,112.66,112.68,112.65,112.68,600.0
2018-01-31 13:18:00,112.685,112.685,112.65,112.67,800.0
2018-01-31 13:19:00,112.68,112.68,112.67,112.67,200.0
2018-01-31 13:20:00,112.685,112.71,112.685,112.685,600.0
2018-01-31 13:21:00,112.72,112.72,112.685,112.71,1199.0
2018-01-31 13:22:00,112.725,112.725,112.72,112.72,200.0
2018-01-31 13:23:00,112.78,112.83,112.73,112.75,2702.0
2018-01-31 13:24:00,112.79,112.79,112.79,112.79,200.0
2018-01-31 13:25:00,112.77,112.77,112.76,112.76,1203.0
2018-01-31 13:26:00,112.75,112.8,112.75,112.79,900.0
2018-01-31 13:27:00,112.74,112.75,112.72,112.74,1300.0
2018-01-31 13:28:00,112.73,112.74,112.73,112.74,308.0
2018-01-31 13:30:00,112.72,112.77,112.72,112.75,400.0
2018-01-31 13:31:00,112.71,112.71,112.71,112.71,200.0
2018-01-31 13:32:00,112.74,112.76,112.73,112.73,700.0
2018-01-31 13:33:00,112.78,112.8,112.73,112.73,900.0
2018-01-31 13:34:00,112.78,112.81,112.78,112.81,900.0
2018-01-31 13:35:00,112.8,112.8,112.8,112.8,200.0
2018-01-31 13:36:00,112.8052,112.8052,112.8052,112.8052,270.0
2018-01-31 13:37:00,112.82,112.82,112.79,112.8,1200.0
2018-01-31 13:38:00,112.88,112.9,112.83,112.895,1200.0
2018-01-31 13:39:00,112.88,112.88,112.88,112.88,100.0
2018-01-31 13:40:00,112.88,112.88,112.86,112.88,500.0
2018-01-31 13:41:00,112.85,112.8899,112.85,112.8899,700.0
2018-01-31 13:42:00,112.7901,112.84,112.7901,112.84,1221.0
2018-01-31 13:43:00,112.82,112.85,112.81,112.81,900.0
2018-01-31 13:45:00,112.78,112.84,112.78,112.84,901.0
2018-01-31 13:48:00,112.85,112.85,112.71,112.71,5619.0
2018-01-31 13:50:00,112.87,112.87,112.8599,112.86,600.0
2018-01-31 13:52:00,112.88,112.88,112.86,112.86,1600.0
2018-01-31 13:55:00,112.91,112.92,112.85,112.92,500.0
2018-01-31 13:56:00,112.89,112.92,112.89,112.92,400.0
2018-01-31 13:57:00,112.96,112.96,112.92,112.92,700.0
2018-01-31 13:58:00,112.97,113.0,112.94,112.96,990.0
2018-01-31 13:59:00,112.945,112.945,112.91,112.93,965.0
2018-01-31 14:00:00,112.73,112.89,112.63,112.89,1564.0
2018-01-31 14:01:00,112.91,112.91,112.76,112.76,1000.0
2018-01-31 14:03:00,112.88,112.88,112.88,112.88,400.0
2018-01-31 14:04:00,112.85,112.85,112.85,112.85,100.0
2018-01-31 14:05:00,112.75,112.85,112.75,112.85,1257.0
2018-01-31 14:06:00,112.82,112.82,112.67,112.7,3015.0
2018-01-31 14:07:00,112.7124,112.7124,112.7124,112.7124,133.0
2018-01-31 14:08:00,112.82,112.82,112.79,112.79,623.0
2018-01-31 14:10:00,112.78,112.78,112.745,112.75,1414.0
2018-01-31 14:11:00,112.795,112.795,112.795,112.795,100.0
2018-01-31 14:12:00,112.72,112.8,112.72,112.76,1468.0
2018-01-31 14:13:00,112.67,112.8,112.67,112.76,1700.0
2018-01-31 14:14:00,112.68,112.71,112.68,112.69,700.0
2018-01-31 14:15:00,112.61,112.65,112.59,112.65,2299.0
2018-01-31 14:16:00,112.64,112.64,112.5901,112.5901,996.0
2018-01-31 14:17:00,112.58,112.62,112.58,112.62,1961.0
2018-01-31 14:18:00,112.56,112.6,112.56,112.6,1053.0
2018-01-31 14:19:00,112.6,112.61,112.54,112.54,1600.0
2018-01-31 14:20:00,112.5784,112.6265,112.5784,112.6,826.0
2018-01-31 14:21:00,112.52,112.5799,112.52,112.57,2495.0
2018-01-31 14:22:00,112.56,112.56,112.56,112.56,304.0
2018-01-31 14:23:00,112.51,112.5317,112.51,112.5317,676.0
2018-01-31 14:24:00,112.5,112.52,112.47,112.52,2506.0
2018-01-31 14:25:00,112.405,112.515,112.39,112.5,5503.0
2018-01-31 14:26:00,112.52,112.57,112.47,112.47,2805.0
2018-01-31 14:27:00,112.63,112.63,112.5,112.52,3701.0
2018-01-31 14:28:00,112.6,112.6,112.56,112.6,2826.0
2018-01-31 14:29:00,112.51,112.54,112.5,112.53,1300.0
2018-01-31 14:30:00,112.59,112.6,112.46,112.46,2115.0
2018-01-31 14:31:00,112.51,112.6,112.46,112.6,1311.0
2018-01-31 14:32:00,112.61,112.61,112.42,112.46,1260.0
2018-01-31 14:33:00,112.5,112.62,112.48,112.58,1300.0
2018-01-31 14:34:00,112.51,112.54,112.49,112.51,1503.0
2018-01-31 14:35:00,112.54,112.61,112.52,112.52,2200.0
2018-01-31 14:36:00,112.5,112.5,112.5,112.5,100.0
2018-01-31 14:37:00,112.45,112.5,112.42,112.5,3123.0
2018-01-31 14:38:00,112.515,112.59,112.435,112.435,3548.0
2018-01-31 14:39:00,112.55,112.55,112.49,112.51,3290.0
2018-01-31 14:40:00,112.61,112.61,112.53,112.55,1000.0
2018-01-31 14:41:00,112.65,112.65,112.54,112.59,5108.0
2018-01-31 14:42:00,112.62,112.68,112.61,112.65,4972.0
2018-01-31 14:43:00,112.62,112.68,112.62,112.65,1812.0
2018-01-31 14:44:00,112.67,112.67,112.6,112.6,1002.0
2018-01-31 14:45:00,112.55,112.64,112.55,112.63,1705.0
2018-01-31 14:46:00,112.51,112.63,112.51,112.55,2229.0
2018-01-31 14:47:00,112.43,112.56,112.43,112.51,2300.0
2018-01-31 14:48:00,112.4,112.46,112.4,112.46,1818.0
2018-01-31 14:49:00,112.42,112.46,112.4,112.4,4429.0
2018-01-31 14:50:00,112.42,112.48,112.42,112.48,750.0
2018-01-31 14:51:00,112.29,112.435,112.29,112.435,2500.0
2018-01-31 14:52:00,112.38,112.39,112.32,112.32,1100.0
2018-01-31 14:53:00,112.35,112.4,112.34,112.35,800.0
2018-01-31 14:54:00,112.38,112.39,112.36,112.39,700.0
2018-01-31 14:55:00,112.575,112.575,112.35,112.37,3556.0
2018-01-31 14:56:00,112.57,112.66,112.56,112.56,2003.0
2018-01-31 14:57:00,112.48,112.53,112.48,112.53,1500.0
2018-01-31 14:58:00,112.59,112.63,112.54,112.54,2520.0
2018-01-31 14:59:00,112.62,112.63,112.595,112.595,700.0
2018-01-31 15:00:00,112.68,112.68,112.58,112.64,1000.0
2018-01-31 15:01:00,112.66,112.66,112.56,112.65,2200.0
2018-01-31 15:02:00,112.63,112.68,112.63,112.66,899.0
2018-01-31 15:03:00,112.65,112.7,112.6,112.66,2660.0
2018-01-31 15:04:00,112.66,112.66,112.64,112.64,500.0
2018-01-31 15:05:00,112.71,112.71,112.63,112.66,3181.0
2018-01-31 15:06:00,112.6,112.67,112.6,112.65,3121.0
2018-01-31 15:07:00,112.57,112.61,112.55,112.61,2300.0
2018-01-31 15:08:00,112.55,112.59,112.55,112.59,1100.0
2018-01-31 15:09:00,112.56,112.58,112.55,112.57,1197.0
2018-01-31 15:10:00,112.61,112.61,112.58,112.58,1405.0
2018-01-31 15:11:00,112.56,112.62,112.56,112.62,400.0
2018-01-31 15:12:00,112.54,112.565,112.54,112.565,200.0
2018-01-31 15:14:00,112.61,112.61,112.56,112.56,1951.0
2018-01-31 15:15:00,112.55,112.6,112.53,112.59,2502.0
2018-01-31 15:16:00,112.43,112.52,112.42,112.52,2200.0
2018-01-31 15:17:00,112.57,112.62,112.44,112.44,3483.0
2018-01-31 15:18:00,112.54,112.58,112.54,112.58,800.0
2018-01-31 15:19:00,112.59,112.59,112.52,112.52,10942.0
2018-01-31 15:20:00,112.62,112.6299,112.54,112.55,3473.0
2018-01-31 15:21:00,112.68,112.68,112.59,112.59,2001.0
2018-01-31 15:22:00,112.62,112.69,112.62,112.68,2100.0
2018-01-31 15:23:00,112.65,112.65,112.63,112.63,1432.0
2018-01-31 15:24:00,112.69,112.69,112.69,112.69,100.0
2018-01-31 15:25:00,112.71,112.71,112.68,112.68,800.0
2018-01-31 15:26:00,112.77,112.78,112.69,112.69,2551.0
2018-01-31 15:27:00,112.77,112.77,112.77,112.77,300.0
2018-01-31 15:28:00,112.76,112.79,112.71,112.79,2800.0
2018-01-31 15:29:00,112.78,112.79,112.76,112.77,1340.0
2018-01-31 15:30:00,112.82,112.82,112.82,112.82,720.0
2018-01-31 15:31:00,112.79,112.85,112.79,112.82,3526.0
2018-01-31 15:32:00,112.8,112.81,112.78,112.78,500.0
2018-01-31 15:33:00,112.74,112.79,112.74,112.79,2100.0
2018-01-31 15:34:00,112.881,112.9,112.74,112.74,2592.0
2018-01-31 15:35:00,112.84,112.8925,112.82,112.8925,2300.0
2018-01-31 15:36:00,112.86,112.86,112.83,112.83,1108.0
2018-01-31 15:37:00,112.88,112.93,112.88,112.88,2602.0
2018-01-31 15:38:00,112.9,112.9,112.88,112.88,1100.0
2018-01-31 15:39:00,112.96,112.96,112.9,112.9,2601.0
2018-01-31 15:40:00,112.97,112.99,112.95,112.96,3508.0
2018-01-31 15:41:00,113.07,113.08,112.96,112.96,5225.0
2018-01-31 15:42:00,113.09,113.09,113.05,113.06,2478.0
2018-01-31 15:43:00,113.14,113.14,113.08,113.1,2800.0
2018-01-31 15:44:00,113.12,113.26,113.12,113.17,6320.0
2018-01-31 15:45:00,113.19,113.19,113.1201,113.13,2623.0
2018-01-31 15:46:00,113.21,113.21,113.17,113.19,4021.0
2018-01-31 15:47:00,113.26,113.28,113.2,113.23,13339.0
2018-01-31 15:48:00,113.21,113.28,113.21,113.27,3031.0
2018-01-31 15:49:00,113.14,113.21,113.06,113.21,4452.0
2018-01-31 15:50:00,113.06,113.1,113.04,113.1,4951.0
2018-01-31 15:51:00,113.09,113.13,113.06,113.06,4409.0
2018-01-31 15:52:00,113.11,113.13,113.07,113.1,5685.0
2018-01-31 15:53:00,113.12,113.12,113.1,113.11,2970.0
2018-01-31 15:54:00,113.1399,113.17,113.11,113.11,4497.0
2018-01-31 15:55:00,113.16,113.16,113.12,113.13,4500.0
2018-01-31 15:56:00,113.1005,113.14,113.1,113.13,8284.0
2018-01-31 15:57:00,113.13,113.14,113.1,113.1,10854.0
2018-01-31 15:58:00,113.17,113.19,113.13,113.13,10763.0
2018-01-31 15:59:00,113.12,113.22,113.09,113.17,11728.0
2018-01-31 16:00:00,113.11,113.21,113.11,113.115,21778.0
2018-02-01 09:30:00,112.8,112.8,112.8,112.8,5295.0
2018-02-01 09:31:00,112.99,112.99,112.8491,112.8491,550.0
2018-02-01 09:33:00,112.99,113.0,112.89,112.99,900.0
2018-02-01 09:34:00,112.835,112.835,112.76,112.8,900.0
2018-02-01 09:35:00,113.05,113.08,112.6,112.6,2484.0
2018-02-01 09:36:00,112.75,112.915,112.73,112.9,1600.0
2018-02-01 09:37:00,112.97,112.97,112.76,112.76,1400.0
2018-02-01 09:38:00,112.825,113.11,112.78,113.11,1200.0
2018-02-01 09:39:00,112.555,112.7736,112.5,112.7736,1058.0
2018-02-01 09:40:00,112.69,112.7,112.52,112.52,1320.0
2018-02-01 09:41:00,112.47,112.6,112.41,112.57,4725.0
2018-02-01 09:42:00,112.67,112.67,112.39,112.39,1708.0
2018-02-01 09:43:00,112.7,112.75,112.68,112.7,800.0
2018-02-01 09:44:00,112.77,112.82,112.63,112.6946,2999.0
2018-02-01 09:45:00,112.72,112.73,112.62,112.73,700.0
2018-02-01 09:46:00,112.8,112.8,112.72,112.72,1800.0
2018-02-01 09:47:00,112.85,112.86,112.76,112.85,1500.0
2018-02-01 09:48:00,112.89,112.89,112.82,112.82,400.0
2018-02-01 09:49:00,112.86,112.86,112.76,112.78,657.0
2018-02-01 09:50:00,112.86,112.89,112.86,112.86,1100.0
2018-02-01 09:52:00,112.98,112.98,112.87,112.91,1006.0
2018-02-01 09:53:00,112.945,112.975,112.91,112.96,3100.0
2018-02-01 09:54:00,112.83,112.96,112.825,112.945,2662.0
2018-02-01 09:55:00,112.905,112.905,112.82,112.85,3914.0
2018-02-01 09:56:00,112.965,112.965,112.87,112.88,4144.0
2018-02-01 09:57:00,112.96,113.05,112.95,112.96,3250.0
2018-02-01 09:58:00,112.98,112.98,112.96,112.96,600.0
2018-02-01 09:59:00,112.945,112.99,112.93,112.95,1364.0
2018-02-01 10:00:00,112.935,113.06,112.92,112.97,2502.0
2018-02-01 10:01:00,112.99,113.1684,112.94,112.94,4758.0
2018-02-01 10:03:00,113.02,113.02,112.92,112.97,2301.0
2018-02-01 10:04:00,113.04,113.05,113.02,113.02,1000.0
2018-02-01 10:05:00,112.68,112.985,112.68,112.985,5153.0
2018-02-01 10:06:00,112.8005,112.8475,112.78,112.8475,3300.0
2018-02-01 10:07:00,112.78,112.82,112.75,112.8062,6100.0
2018-02-01 10:08:00,112.64,112.79,112.64,112.77,6446.0
2018-02-01 10:09:00,112.5667,112.6,112.5667,112.6,500.0
2018-02-01 10:10:00,112.545,112.566,112.545,112.566,200.0
2018-02-01 10:11:00,112.81,112.8145,112.545,112.58,31240.0
2018-02-01 10:12:00,113.01,113.04,112.78,112.78,5409.0
2018-02-01 10:13:00,112.8102,113.0225,112.8102,113.0225,950.0
2018-02-01 10:14:00,112.71,112.855,112.71,112.76,1600.0
2018-02-01 10:15:00,112.73,112.79,112.64,112.79,3375.0
2018-02-01 10:16:00,112.7245,112.7344,112.7245,112.7344,400.0
2018-02-01 10:17:00,112.655,112.725,112.64,112.725,3336.0
2018-02-01 10:19:00,112.635,112.67,112.61,112.655,7331.0
2018-02-01 10:20:00,112.7188,112.74,112.65,112.67,7999.0
2018-02-01 10:21:00,112.67,112.67,112.61,112.67,2635.0
2018-02-01 10:22:00,112.58,112.7,112.58,112.7,1831.0
2018-02-01 10:23:00,112.59,112.63,112.54,112.56,4062.0
2018-02-01 10:24:00,112.76,112.76,112.55,112.55,1400.0
2018-02-01 10:25:00,112.67,112.76,112.67,112.73,2600.0
2018-02-01 10:26:00,112.69,112.69,112.69,112.69,144.0
2018-02-01 10:27:00,112.8,112.8,112.77,112.77,1000.0
2018-02-01 10:28:00,112.85,113.045,112.85,112.9,3300.0
2018-02-01 10:29:00,112.87,112.97,112.81,112.83,3767.0
2018-02-01 10:30:00,112.91,112.91,112.89,112.89,905.0
2018-02-01 10:31:00,112.855,112.905,112.82,112.85,2240.0
2018-02-01 10:32:00,112.81,112.88,112.78,112.855,1725.0
2018-02-01 10:33:00,112.83,112.83,112.74,112.77,1700.0
2018-02-01 10:34:00,112.87,112.87,112.84,112.8524,1500.0
2018-02-01 10:35:00,112.7948,112.845,112.77,112.845,2036.0
2018-02-01 10:36:00,112.81,112.83,112.7748,112.7748,2500.0
2018-02-01 10:37:00,112.77,112.87,112.77,112.81,2300.0
2018-02-01 10:38:00,112.805,112.82,112.76,112.76,900.0
2018-02-01 10:39:00,112.72,112.76,112.72,112.76,500.0
2018-02-01 10:40:00,112.75,112.78,112.65,112.7,4300.0
2018-02-01 10:41:00,112.735,112.77,112.72,112.77,1197.0
2018-02-01 10:42:00,112.645,112.7,112.61,112.67,3802.0
2018-02-01 10:43:00,112.6881,112.71,112.63,112.6446,2150.0
2018-02-01 10:44:00,112.68,112.68,112.61,112.6798,1900.0
2018-02-01 10:45:00,112.635,112.6799,112.6,112.66,1000.0
2018-02-01 10:46:00,112.74,112.77,112.57,112.6,5191.0
2018-02-01 10:47:00,112.67,112.75,112.67,112.73,1100.0
2018-02-01 10:48:00,112.68,112.78,112.68,112.7,2360.0
2018-02-01 10:49:00,112.6,112.66,112.59,112.66,900.0
2018-02-01 10:50:00,112.57,112.6248,112.51,112.6248,1600.0
2018-02-01 10:51:00,112.6,112.67,112.5555,112.5555,5049.0
2018-02-01 10:52:00,112.57,112.6035,112.57,112.59,1617.0
2018-02-01 10:53:00,112.57,112.67,112.57,112.61,1200.0
2018-02-01 10:54:00,112.5,112.5684,112.5,112.5575,3500.0
2018-02-01 10:55:00,112.49,112.55,112.46,112.5275,1480.0
2018-02-01 10:56:00,112.5779,112.58,112.51,112.53,2449.0
2018-02-01 10:57:00,112.56,112.6,112.53,112.6,1100.0
2018-02-01 10:58:00,112.47,112.53,112.47,112.53,1439.0
2018-02-01 10:59:00,112.44,112.5,112.44,112.5,600.0
2018-02-01 11:00:00,112.46,112.52,112.38,112.38,2903.0
2018-02-01 11:01:00,112.54,112.54,112.43700000000001,112.43700000000001,2600.0
2018-02-01 11:02:00,112.56,112.63,112.55,112.55,1666.0
2018-02-01 11:03:00,112.53,112.61,112.53,112.61,1100.0
2018-02-01 11:04:00,112.41,112.44,112.41,112.44,749.0
2018-02-01 11:06:00,112.45,112.45,112.32,112.38,2200.0
2018-02-01 11:07:00,112.535,112.535,112.48,112.48,400.0
2018-02-01 11:08:00,112.51,112.58,112.48,112.5,2100.0
2018-02-01 11:09:00,112.53,112.5665,112.51,112.52,572.0
2018-02-01 11:10:00,112.32,112.525,112.32,112.49,6500.0
2018-02-01 11:11:00,112.42,112.47,112.41,112.41,800.0
2018-02-01 11:12:00,112.39,112.42,112.345,112.42,800.0
2018-02-01 11:13:00,112.36,112.4018,112.36,112.39,785.0
2018-02-01 11:14:00,112.38,112.43,112.32,112.43,1500.0
2018-02-01 11:16:00,112.46,112.46,112.37,112.41,1500.0
2018-02-01 11:17:00,112.35,112.46,112.35,112.43,1261.0
2018-02-01 11:18:00,112.33,112.33,112.31,112.33,728.0
2018-02-01 11:19:00,112.34,112.36,112.28,112.34,2097.0
2018-02-01 11:20:00,112.27,112.29,112.27,112.29,600.0
2018-02-01 11:21:00,112.31,112.31,112.28,112.28,500.0
2018-02-01 11:22:00,112.249,112.28200000000001,112.24,112.28200000000001,4600.0
2018-02-01 11:23:00,112.22,112.23,112.18,112.22,1300.0
2018-02-01 11:24:00,112.24,112.24,112.17,112.18,3100.0
2018-02-01 11:25:00,112.37,112.4,112.24,112.24,6285.0
2018-02-01 11:26:00,112.49,112.49,112.4,112.4,2200.0
2018-02-01 11:27:00,112.55,112.55,112.5,112.51,1200.0
2018-02-01 11:28:00,112.33,112.51,112.33,112.51,1705.0
2018-02-01 11:29:00,112.41,112.5,112.33,112.33,4798.0
2018-02-01 11:30:00,112.5,112.53,112.45,112.45,5086.0
2018-02-01 11:31:00,112.64,112.65,112.61,112.61,300.0
2018-02-01 11:32:00,112.9627,112.9627,112.7119,112.7119,4789.0
2018-02-01 11:33:00,113.09,113.09,112.95,112.95,1601.0
2018-02-01 11:34:00,112.86,112.99,112.8196,112.99,4075.0
2018-02-01 11:35:00,112.98,113.01,112.91,112.91,1200.0
2018-02-01 11:37:00,113.2,113.21,113.02799999999999,113.02799999999999,1800.0
2018-02-01 11:38:00,113.17,113.17,113.11,113.17,1600.0
2018-02-01 11:39:00,113.21,113.27,113.12,113.14,1600.0
2018-02-01 11:40:00,113.15,113.15,113.15,113.15,100.0
2018-02-01 11:41:00,113.17,113.26,113.16,113.16,560.0
2018-02-01 11:42:00,113.29,113.29,113.21,113.21,700.0
2018-02-01 11:43:00,113.23,113.29,113.22,113.29,1600.0
2018-02-01 11:44:00,113.39,113.39,113.29,113.29,700.0
2018-02-01 11:45:00,113.37,113.37,113.37,113.37,100.0
2018-02-01 11:46:00,113.26,113.3,113.26,113.3,708.0
2018-02-01 11:47:00,113.23,113.23,113.23,113.23,100.0
2018-02-01 11:48:00,113.16,113.23,113.16,113.23,500.0
2018-02-01 11:49:00,113.16,113.16,113.13,113.13,854.0
2018-02-01 11:51:00,113.18,113.2,113.15,113.15,2400.0
2018-02-01 11:52:00,113.16,113.16,113.15,113.15,300.0
2018-02-01 11:53:00,113.13,113.13,113.08,113.1,600.0
2018-02-01 11:54:00,113.11,113.12,113.1042,113.1142,4600.0
2018-02-01 11:55:00,113.07,113.13,113.07,113.13,400.0
2018-02-01 11:56:00,113.16,113.16,113.1,113.1,1554.0
2018-02-01 11:58:00,113.17,113.2148,113.15,113.2148,1400.0
2018-02-01 11:59:00,113.2,113.2,113.2,113.2,600.0
2018-02-01 12:01:00,113.26,113.29,113.26,113.29,300.0
2018-02-01 12:02:00,113.33,113.35,113.27,113.27,1500.0
2018-02-01 12:03:00,113.21,113.3,113.21,113.3,1100.0
2018-02-01 12:04:00,113.22,113.22,113.16,113.1977,1646.0
2018-02-01 12:05:00,113.3609,113.3609,113.29,113.29,450.0
2018-02-01 12:06:00,113.39,113.41,113.38,113.41,800.0
2018-02-01 12:07:00,113.32,113.43,113.32,113.4282,800.0
2018-02-01 12:10:00,113.4,113.46,113.3668,113.3668,1815.0
2018-02-01 12:11:00,113.41,113.41,113.4,113.4,300.0
2018-02-01 12:12:00,113.38,113.42,113.33,113.42,1400.0
2018-02-01 12:13:00,113.24,113.36,113.24,113.36,700.0
2018-02-01 12:14:00,113.32,113.32,113.26,113.26,900.0
2018-02-01 12:15:00,113.4,113.429,113.33,113.33,400.0
2018-02-01 12:16:00,113.38,113.38,113.3374,113.3374,207.0
2018-02-01 12:17:00,113.375,113.39,113.365,113.39,500.0
2018-02-01 12:18:00,113.385,113.41,113.36,113.41,1300.0
2018-02-01 12:19:00,113.33,113.33,113.33,113.33,100.0
2018-02-01 12:20:00,113.43,113.43,113.355,113.39,3607.0
2018-02-01 12:21:00,113.36,113.46,113.36,113.46,1600.0
2018-02-01 12:23:00,113.33,113.3664,113.32,113.32,300.0
2018-02-01 12:24:00,113.24,113.33,113.24,113.33,1300.0
2018-02-01 12:25:00,113.275,113.275,113.275,113.275,100.0
2018-02-01 12:26:00,113.25,113.3,113.25,113.3,1900.0
2018-02-01 12:28:00,113.33,113.33,113.3,113.3,800.0
2018-02-01 12:29:00,113.38,113.38,113.3785,113.3785,300.0
2018-02-01 12:30:00,113.35,113.37,113.35,113.37,400.0
2018-02-01 12:31:00,113.39,113.39,113.33,113.33,2450.0
2018-02-01 12:32:00,113.4312,113.44,113.38,113.38,1212.0
2018-02-01 12:33:00,113.41,113.44,113.39,113.4194,1500.0
2018-02-01 12:34:00,113.38,113.4188,113.38,113.4,1100.0
2018-02-01 12:35:00,113.39,113.4,113.36,113.37,700.0
2018-02-01 12:36:00,113.44,113.46,113.42,113.42,2100.0
2018-02-01 12:37:00,113.37,113.42,113.37,113.42,600.0
2018-02-01 12:38:00,113.42,113.42,113.38,113.4085,600.0
2018-02-01 12:39:00,113.42,113.42,113.41,113.41,200.0
2018-02-01 12:40:00,113.445,113.45,113.43,113.43,1020.0
2018-02-01 12:41:00,113.375,113.43,113.34,113.43,1273.0
2018-02-01 12:43:00,113.36,113.36,113.36,113.36,249.0
2018-02-01 12:44:00,113.37,113.37,113.37,113.37,140.0
2018-02-01 12:45:00,113.4,113.4,113.3559,113.3559,950.0
2018-02-01 12:46:00,113.46,113.47,113.42,113.42,1000.0
2018-02-01 12:47:00,113.5,113.5,113.49,113.49,300.0
2018-02-01 12:48:00,113.5,113.55,113.49,113.55,769.0
2018-02-01 12:49:00,113.48,113.48,113.48,113.48,700.0
2018-02-01 12:50:00,113.52,113.52,113.47,113.51,1900.0
2018-02-01 12:51:00,113.49,113.49,113.48,113.49,500.0
2018-02-01 12:52:00,113.48,113.48,113.48,113.48,600.0
2018-02-01 12:53:00,113.5,113.5,113.4568,113.48,700.0
2018-02-01 12:55:00,113.54,113.59,113.495,113.52,2301.0
2018-02-01 12:56:00,113.52,113.52,113.52,113.52,300.0
2018-02-01 12:57:00,113.54,113.54,113.49,113.5,700.0
2018-02-01 12:58:00,113.53,113.53,113.52,113.52,900.0
2018-02-01 12:59:00,113.5645,113.57,113.56,113.57,601.0
2018-02-01 13:00:00,113.62,113.62,113.57,113.59,1244.0
2018-02-01 13:01:00,113.57,113.585,113.56,113.585,1050.0
2018-02-01 13:02:00,113.68,113.68,113.56,113.56,3698.0
2018-02-01 13:03:00,113.67,113.69,113.65,113.675,900.0
2018-02-01 13:04:00,113.73,113.73,113.69,113.71,1000.0
2018-02-01 13:05:00,113.84,113.84,113.77,113.79,1200.0
2018-02-01 13:06:00,113.94,113.95,113.8,113.82,5234.0
2018-02-01 13:07:00,113.94,113.96,113.925,113.94,1929.0
2018-02-01 13:08:00,113.9106,114.0,113.9106,113.95,724.0
2018-02-01 13:10:00,113.95,113.95,113.9213,113.9213,506.0
2018-02-01 13:11:00,113.92,113.95,113.92,113.93,1000.0
2018-02-01 13:12:00,114.0,114.0,113.94,113.94,700.0
2018-02-01 13:13:00,113.92,113.99,113.92,113.95,600.0
2018-02-01 13:14:00,113.96,113.96,113.95,113.95,902.0
2018-02-01 13:15:00,113.925,113.96,113.9,113.94,701.0
2018-02-01 13:16:00,113.92,113.92,113.89,113.89,600.0
2018-02-01 13:17:00,113.853,113.86,113.85,113.8504,800.0
2018-02-01 13:18:00,113.84,113.88,113.84,113.88,700.0
2018-02-01 13:19:00,113.83,113.83,113.83,113.83,300.0
2018-02-01 13:20:00,113.88,113.88,113.835,113.835,1645.0
2018-02-01 13:21:00,113.89,113.91,113.86,113.86,500.0
2018-02-01 13:22:00,113.8934,113.8934,113.8934,113.8934,185.0
2018-02-01 13:23:00,113.8872,113.8872,113.885,113.885,220.0
2018-02-01 13:24:00,113.85,113.9,113.82,113.88,2500.0
2018-02-01 13:25:00,113.82,113.82,113.82,113.82,200.0
2018-02-01 13:26:00,113.8,113.81,113.8,113.81,500.0
2018-02-01 13:27:00,113.79,113.84,113.79,113.84,300.0
2018-02-01 13:28:00,113.81,113.81,113.77,113.78,400.0
2018-02-01 13:29:00,113.81,113.84,113.8,113.82,1116.0
2018-02-01 13:30:00,113.78,113.78,113.78,113.78,200.0
2018-02-01 13:32:00,113.75,113.78,113.73,113.75,2500.0
2018-02-01 13:33:00,113.72,113.73,113.71,113.73,900.0
2018-02-01 13:35:00,113.73,113.76,113.7016,113.76,1154.0
2018-02-01 13:36:00,113.665,113.68,113.665,113.68,1400.0
2018-02-01 13:37:00,113.58,113.6,113.58,113.6,700.0
2018-02-01 13:38:00,113.56,113.59,113.56,113.58,480.0
2018-02-01 13:39:00,113.535,113.59,113.535,113.56,2530.0
2018-02-01 13:40:00,113.51,113.53,113.49,113.53,1000.0
2018-02-01 13:41:00,113.48,113.5,113.48,113.5,400.0
2018-02-01 13:42:00,113.45,113.45,113.39,113.45,2504.0
2018-02-01 13:43:00,113.47,113.47,113.43,113.43,1100.0
2018-02-01 13:44:00,113.49,113.58,113.48,113.48,3400.0
2018-02-01 13:45:00,113.53,113.59,113.47,113.47,1605.0
2018-02-01 13:46:00,113.47,113.47,113.47,113.47,300.0
2018-02-01 13:47:00,113.51,113.51,113.5,113.5,1000.0
2018-02-01 13:48:00,113.53,113.53,113.47,113.47,3103.0
2018-02-01 13:49:00,113.55,113.57,113.505,113.505,1050.0
2018-02-01 13:50:00,113.57,113.57,113.54,113.54,1800.0
2018-02-01 13:51:00,113.56,113.56,113.53,113.54,600.0
2018-02-01 13:52:00,113.52,113.56,113.52,113.555,1300.0
2018-02-01 13:53:00,113.365,113.47,113.35,113.46,1800.0
2018-02-01 13:54:00,113.39,113.4,113.375,113.39,1433.0
2018-02-01 13:55:00,113.35,113.42,113.35,113.41,1100.0
2018-02-01 13:56:00,113.47,113.47,113.37,113.37,8507.0
2018-02-01 13:57:00,113.38,113.43,113.38,113.43,400.0
2018-02-01 13:58:00,113.42,113.45,113.42,113.42,1000.0
2018-02-01 13:59:00,113.43,113.43,113.43,113.43,400.0
2018-02-01 14:00:00,113.46,113.53,113.42,113.42,1800.0
2018-02-01 14:01:00,113.45,113.45,113.45,113.45,100.0
2018-02-01 14:02:00,113.52,113.52,113.4899,113.4899,1250.0
2018-02-01 14:03:00,113.46,113.5004,113.46,113.49,1300.0
2018-02-01 14:04:00,113.4301,113.45,113.4301,113.45,653.0
2018-02-01 14:05:00,113.4187,113.45,113.39,113.4,1973.0
2018-02-01 14:06:00,113.38,113.43,113.37,113.41,1700.0
2018-02-01 14:07:00,113.43,113.43,113.4007,113.4007,322.0
2018-02-01 14:08:00,113.4,113.47,113.4,113.43,2032.0
2018-02-01 14:09:00,113.36,113.36,113.36,113.36,416.0
2018-02-01 14:10:00,113.28,113.3153,113.28,113.31,820.0
2018-02-01 14:11:00,113.32,113.32,113.26,113.28,1985.0
2018-02-01 14:12:00,113.31,113.31,113.3,113.3,600.0
2018-02-01 14:13:00,113.26,113.32,113.25,113.25,913.0
2018-02-01 14:14:00,113.19,113.19,113.19,113.19,476.0
2018-02-01 14:15:00,113.18,113.1898,113.16,113.1898,500.0
2018-02-01 14:16:00,113.18,113.22,113.14,113.145,1990.0
2018-02-01 14:17:00,113.2,113.2,113.14,113.18,900.0
2018-02-01 14:18:00,113.175,113.175,113.175,113.175,200.0
2018-02-01 14:19:00,113.2,113.21,113.19,113.2,1200.0
2018-02-01 14:20:00,113.16,113.18,113.16,113.17,651.0
2018-02-01 14:21:00,113.1,113.19,113.07,113.1593,1300.0
2018-02-01 14:22:00,113.0,113.02,112.98,113.01,1261.0
2018-02-01 14:23:00,113.01,113.05,112.97,113.0,1600.0
2018-02-01 14:24:00,113.05,113.05,113.03,113.05,535.0
2018-02-01 14:25:00,113.1045,113.12,113.05,113.05,4575.0
2018-02-01 14:26:00,113.1436,113.16,113.13,113.13,1075.0
2018-02-01 14:27:00,113.2,113.2,113.13,113.17,1200.0
2018-02-01 14:28:00,113.25,113.25,113.18,113.19,1900.0
2018-02-01 14:29:00,113.23,113.23,113.21,113.23,533.0
2018-02-01 14:30:00,113.34,113.34,113.17,113.23,1586.0
2018-02-01 14:31:00,113.315,113.34,113.28,113.34,1195.0
2018-02-01 14:32:00,113.28,113.3,113.275,113.28,500.0
2018-02-01 14:33:00,113.4,113.4,113.33,113.33,400.0
2018-02-01 14:34:00,113.33,113.38,113.31,113.38,1300.0
2018-02-01 14:35:00,113.35,113.35,113.33,113.33,400.0
2018-02-01 14:36:00,113.54,113.57600000000001,113.335,113.335,3221.0
2018-02-01 14:38:00,113.51,113.51,113.5,113.5,400.0
2018-02-01 14:39:00,113.49,113.52,113.47,113.49,700.0
2018-02-01 14:40:00,113.48,113.49,113.47,113.47,800.0
2018-02-01 14:41:00,113.4775,113.51,113.4775,113.51,300.0
2018-02-01 14:43:00,113.44,113.48,113.42,113.48,1250.0
2018-02-01 14:44:00,113.41,113.41,113.4,113.4,400.0
2018-02-01 14:45:00,113.38,113.38,113.37,113.38,500.0
2018-02-01 14:46:00,113.39,113.43,113.38,113.4,1700.0
2018-02-01 14:47:00,113.35,113.39,113.35,113.39,558.0
2018-02-01 14:48:00,113.34,113.34,113.27,113.31,2500.0
2018-02-01 14:50:00,113.37,113.47,113.29,113.37,4044.0
2018-02-01 14:51:00,113.46,113.46,113.33,113.33,2700.0
2018-02-01 14:53:00,113.365,113.42,113.365,113.4,1385.0
2018-02-01 14:54:00,113.35,113.35,113.34,113.34,400.0
2018-02-01 14:55:00,113.33,113.38,113.31,113.38,700.0
2018-02-01 14:56:00,113.37,113.37,113.3,113.3,761.0
2018-02-01 14:57:00,113.3185,113.33,113.3185,113.33,301.0
2018-02-01 14:58:00,113.31,113.315,113.31,113.315,300.0
2018-02-01 14:59:00,113.32,113.37,113.32,113.33,1600.0
2018-02-01 15:00:00,113.34,113.35,113.294,113.294,3502.0
2018-02-01 15:01:00,113.36,113.36,113.29,113.29,2528.0
2018-02-01 15:02:00,113.45,113.46,113.36,113.36,1200.0
2018-02-01 15:03:00,113.41,113.45,113.37,113.43,2334.0
2018-02-01 15:04:00,113.39,113.425,113.39,113.425,200.0
2018-02-01 15:05:00,113.31,113.4,113.31,113.38,1076.0
2018-02-01 15:06:00,113.27,113.3286,113.27,113.3286,1300.0
2018-02-01 15:07:00,113.27,113.29,113.22,113.27,1663.0
2018-02-01 15:08:00,113.31,113.31,113.235,113.2575,1802.0
2018-02-01 15:09:00,113.28,113.32,113.275,113.31,800.0
2018-02-01 15:10:00,113.3,113.3,113.2617,113.29,825.0
2018-02-01 15:11:00,113.29,113.29,113.26,113.28,800.0
2018-02-01 15:12:00,113.27,113.28,113.255,113.28,900.0
2018-02-01 15:13:00,113.25,113.25,113.225,113.225,1710.0
2018-02-01 15:14:00,113.22,113.27,113.21,113.27,600.0
2018-02-01 15:15:00,113.22,113.22,113.21,113.21,800.0
2018-02-01 15:16:00,113.15,113.19,113.15,113.19,1700.0
2018-02-01 15:17:00,113.16,113.16,113.12,113.12,2615.0
2018-02-01 15:18:00,113.17,113.17,113.14,113.17,1800.0
2018-02-01 15:19:00,113.13,113.1691,113.13,113.15,600.0
2018-02-01 15:20:00,113.05,113.14,113.05,113.14,700.0
2018-02-01 15:21:00,113.08,113.08,113.06,113.06,800.0
2018-02-01 15:22:00,113.06,113.1,113.06,113.1,900.0
2018-02-01 15:23:00,113.065,113.07,113.05,113.06,600.0
2018-02-01 15:24:00,113.1,113.13,113.08,113.08,2200.0
2018-02-01 15:25:00,113.12,113.12,113.06,113.08,1447.0
2018-02-01 15:26:00,113.06,113.11,113.06,113.08,600.0
2018-02-01 15:27:00,113.08,113.08,113.0475,113.0475,600.0
2018-02-01 15:28:00,113.07,113.08,113.06,113.07,700.0
2018-02-01 15:29:00,113.01,113.08,112.99,113.07,3128.0
2018-02-01 15:30:00,112.985,113.0,112.97,113.0,1431.0
2018-02-01 15:31:00,112.9,112.98,112.8875,112.98,3400.0
2018-02-01 15:32:00,112.93,112.93,112.87,112.92,27233.0
2018-02-01 15:33:00,112.85,112.94,112.85,112.925,1854.0
2018-02-01 15:34:00,112.83,112.83,112.75,112.8,3781.0
2018-02-01 15:35:00,112.84,112.855,112.79,112.83,2531.0
2018-02-01 15:36:00,112.92,112.92,112.84,112.85,1705.0
2018-02-01 15:37:00,112.84,112.895,112.81,112.895,3014.0
2018-02-01 15:38:00,112.86,112.86,112.81,112.835,3169.0
2018-02-01 15:39:00,112.8344,112.86,112.8344,112.86,1219.0
2018-02-01 15:40:00,112.81,112.84,112.8,112.84,5000.0
2018-02-01 15:41:00,112.73,112.81,112.695,112.81,2346.0
2018-02-01 15:42:00,112.74,112.74,112.66,112.74,3154.0
2018-02-01 15:43:00,112.76,112.78,112.72,112.72,5349.0
2018-02-01 15:44:00,112.735,112.8,112.735,112.775,3280.0
2018-02-01 15:45:00,112.69,112.76,112.61,112.76,1900.0
2018-02-01 15:46:00,112.7,112.72,112.65,112.66,5600.0
2018-02-01 15:47:00,112.63,112.705,112.62,112.7,3268.0
2018-02-01 15:48:00,112.63,112.68,112.62,112.63,4233.0
2018-02-01 15:49:00,112.7,112.71,112.64,112.64,5400.0
2018-02-01 15:50:00,112.72,112.74,112.705,112.705,3600.0
2018-02-01 15:51:00,112.78,112.81,112.74,112.74,6635.0
2018-02-01 15:52:00,112.81,112.84,112.785,112.79,3220.0
2018-02-01 15:53:00,112.78,112.82,112.78,112.79,4270.0
2018-02-01 15:54:00,112.69,112.775,112.68,112.77,4605.0
2018-02-01 15:55:00,112.73,112.75,112.67,112.69,4570.0
2018-02-01 15:56:00,112.73,112.75,112.72,112.75,3503.0
2018-02-01 15:57:00,112.74,112.77,112.72,112.735,7089.0
2018-02-01 15:58:00,112.795,112.8,112.74,112.745,8118.0
2018-02-01 15:59:00,112.83,112.89,112.82,112.82,12067.0
2018-02-01 16:00:00,112.88,112.94,112.835,112.835,25714.0
2018-02-02 09:30:00,112.06,112.06,112.06,112.06,5403.0
2018-02-02 09:31:00,112.405,112.85,112.05,112.09,2000.0
2018-02-02 09:32:00,112.74,112.745,112.74,112.745,200.0
2018-02-02 09:33:00,112.49,112.73,112.42,112.65,400.0
2018-02-02 09:34:00,112.336,112.36,112.336,112.36,550.0
2018-02-02 09:35:00,112.305,112.305,112.305,112.305,100.0
2018-02-02 09:39:00,111.9143,112.2262,111.81,112.2262,3118.0
2018-02-02 09:41:00,111.76,111.85,111.76,111.85,950.0
2018-02-02 09:42:00,111.85,111.88,111.74,111.75,1500.0
2018-02-02 09:43:00,111.85,111.94,111.85,111.86,903.0
2018-02-02 09:45:00,111.78,111.78,111.78,111.78,100.0
2018-02-02 09:46:00,111.69,111.69,111.69,111.69,2035.0
2018-02-02 09:47:00,111.72,111.72,111.72,111.72,100.0
2018-02-02 09:48:00,111.71,111.71,111.71,111.71,200.0
2018-02-02 09:49:00,111.64,111.675,111.64,111.65,400.0
2018-02-02 09:50:00,111.75,111.78,111.685,111.685,800.0
2018-02-02 09:51:00,111.62,111.72,111.62,111.72,500.0
2018-02-02 09:52:00,111.425,111.55,111.425,111.55,400.0
2018-02-02 09:53:00,111.69,111.72,111.45,111.62,2493.0
2018-02-02 09:54:00,111.51,111.56,111.51,111.56,300.0
2018-02-02 09:55:00,111.56,111.57,111.49,111.57,600.0
2018-02-02 09:56:00,111.47,111.5304,111.43,111.5304,475.0
2018-02-02 09:57:00,111.41,111.42,111.335,111.37,400.0
2018-02-02 09:58:00,111.39,111.39,111.39,111.39,500.0
2018-02-02 09:59:00,111.51,111.51,111.43,111.45,500.0
2018-02-02 10:00:00,111.51,111.67,111.51,111.5784,1815.0
2018-02-02 10:01:00,111.5001,111.6151,111.5001,111.57,502.0
2018-02-02 10:02:00,111.51,111.52,111.47,111.51,2200.0
2018-02-02 10:03:00,111.46,111.51,111.46,111.51,300.0
2018-02-02 10:04:00,111.38,111.4,111.38,111.4,400.0
2018-02-02 10:05:00,111.4,111.4,111.4,111.4,600.0
2018-02-02 10:06:00,111.37,111.37,111.32,111.32,950.0
2018-02-02 10:07:00,111.63,111.63,111.4,111.4,1134.0
2018-02-02 10:08:00,111.58,111.66,111.58,111.63,1346.0
2018-02-02 10:09:00,111.61,111.61,111.58,111.58,200.0
2018-02-02 10:10:00,111.55,111.55,111.55,111.55,200.0
2018-02-02 10:11:00,111.47,111.52,111.47,111.52,500.0
2018-02-02 10:12:00,111.71,111.71,111.51,111.51,400.0
2018-02-02 10:13:00,111.725,111.725,111.725,111.725,100.0
2018-02-02 10:14:00,111.835,111.835,111.62,111.64,1800.0
2018-02-02 10:15:00,111.87,111.87,111.76,111.76,500.0
2018-02-02 10:16:00,111.84,111.84,111.82,111.83,571.0
2018-02-02 10:17:00,111.91,111.96,111.85,111.94,2760.0
2018-02-02 10:18:00,111.81,111.96,111.81,111.93,1965.0
2018-02-02 10:19:00,111.76,111.76,111.76,111.76,100.0
2018-02-02 10:20:00,111.78,111.78,111.78,111.78,100.0
2018-02-02 10:21:00,111.73,111.77,111.67,111.77,1145.0
2018-02-02 10:22:00,111.85,111.8743,111.77,111.77,1378.0
2018-02-02 10:23:00,111.93,111.93,111.85,111.85,600.0
2018-02-02 10:24:00,111.91,111.98,111.9,111.98,1900.0
2018-02-02 10:25:00,111.8295,111.8295,111.8295,111.8295,750.0
2018-02-02 10:26:00,111.92,111.92,111.77,111.845,2000.0
2018-02-02 10:27:00,111.95,112.02,111.93,111.96,1950.0
2018-02-02 10:29:00,111.98,111.98,111.98,111.98,400.0
2018-02-02 10:30:00,112.07,112.07,112.05,112.05,200.0
2018-02-02 10:31:00,112.03,112.03,112.02,112.02,700.0
2018-02-02 10:32:00,112.04,112.07,112.04,112.07,300.0
2018-02-02 10:33:00,112.25,112.34,112.13,112.13,21551.0
2018-02-02 10:34:00,112.31,112.31,112.25,112.25,7953.0
2018-02-02 10:35:00,112.22,112.34,112.22,112.34,1735.0
2018-02-02 10:36:00,112.21,112.29,112.21,112.26,745.0
2018-02-02 10:37:00,112.1438,112.1438,112.1438,112.1438,1575.0
2018-02-02 10:38:00,112.27,112.27,112.17,112.22,700.0
2018-02-02 10:40:00,112.28,112.28,112.24,112.24,200.0
2018-02-02 10:41:00,112.36,112.39,112.28,112.28,1500.0
2018-02-02 10:42:00,112.41,112.41,112.3633,112.3633,1130.0
2018-02-02 10:43:00,112.42,112.42,112.32,112.4055,1492.0
2018-02-02 10:44:00,112.29,112.34,112.29,112.34,388.0
2018-02-02 10:45:00,112.33,112.41,112.32,112.32,2360.0
2018-02-02 10:46:00,112.35,112.35,112.34,112.34,400.0
2018-02-02 10:47:00,112.415,112.51,112.38,112.38,27004.0
2018-02-02 10:48:00,112.43,112.43,112.42,112.42,200.0
2018-02-02 10:49:00,112.49,112.49,112.44,112.48,1147.0
2018-02-02 10:50:00,112.38,112.48,112.38,112.47,1088.0
2018-02-02 10:51:00,112.34,112.34,112.34,112.34,400.0
2018-02-02 10:52:00,112.29,112.37,112.29,112.37,1963.0
2018-02-02 10:53:00,112.5,112.5,112.39,112.39,2100.0
2018-02-02 10:54:00,112.53,112.53,112.53,112.53,100.0
2018-02-02 10:55:00,112.435,112.48,112.43,112.48,709.0
2018-02-02 10:56:00,112.27,112.45,112.27,112.45,900.0
2018-02-02 10:57:00,112.22,112.255,112.22,112.255,200.0
2018-02-02 10:58:00,112.06,112.2,112.01,112.2,500.0
2018-02-02 10:59:00,112.22,112.28,112.13,112.13,2800.0
2018-02-02 11:00:00,112.31,112.37,112.24,112.24,3697.0
2018-02-02 11:01:00,112.22,112.31,112.22,112.31,900.0
2018-02-02 11:02:00,112.28,112.28,112.2,112.24,400.0
2018-02-02 11:03:00,112.16,112.22,112.16,112.22,580.0
2018-02-02 11:04:00,112.07,112.125,112.07,112.125,200.0
2018-02-02 11:05:00,112.07,112.07,112.07,112.07,600.0
2018-02-02 11:06:00,111.88,112.05,111.88,112.05,7102.0
2018-02-02 11:08:00,111.98,111.98,111.98,111.98,100.0
2018-02-02 11:09:00,112.01,112.01,111.98,112.01,2640.0
2018-02-02 11:10:00,111.95,111.99,111.95,111.96,500.0
2018-02-02 11:11:00,112.02,112.02,111.92,111.92,934.0
2018-02-02 11:12:00,112.08,112.08,112.08,112.08,500.0
2018-02-02 11:13:00,112.03,112.098,112.03,112.09,600.0
2018-02-02 11:14:00,112.095,112.12,112.0693,112.0693,2840.0
2018-02-02 11:15:00,112.06,112.08,112.06,112.08,300.0
2018-02-02 11:16:00,112.03,112.03,112.02,112.02,300.0
2018-02-02 11:17:00,111.9297,111.99,111.9,111.99,583.0
2018-02-02 11:18:00,111.83,111.91,111.83,111.91,300.0
2018-02-02 11:19:00,111.82,111.82,111.82,111.82,200.0
2018-02-02 11:20:00,111.74,111.79,111.74,111.78,501.0
2018-02-02 11:21:00,111.58,111.685,111.55,111.685,5637.0
2018-02-02 11:22:00,111.63,111.63,111.59,111.59,1821.0
2018-02-02 11:23:00,111.67,111.69,111.67,111.69,460.0
2018-02-02 11:24:00,111.6,111.67,111.6,111.63,2400.0
2018-02-02 11:25:00,111.54,111.61,111.54,111.61,500.0
2018-02-02 11:26:00,111.55,111.55,111.52,111.53,500.0
2018-02-02 11:27:00,111.58,111.58,111.5101,111.53,1044.0
2018-02-02 11:28:00,111.59,111.59,111.5,111.5001,2900.0
2018-02-02 11:29:00,111.57,111.62,111.57,111.62,400.0
2018-02-02 11:31:00,111.62,111.7092,111.62,111.62,2100.0
2018-02-02 11:32:00,111.65,111.65,111.64,111.64,200.0
2018-02-02 11:33:00,111.65,111.7,111.58,111.63,3389.0
2018-02-02 11:34:00,111.64,111.665,111.64,111.65,617.0
2018-02-02 11:35:00,111.68,111.7,111.63,111.64,872.0
2018-02-02 11:36:00,111.63,111.67,111.62,111.6565,2634.0
2018-02-02 11:37:00,111.59,111.59,111.59,111.59,100.0
2018-02-02 11:39:00,111.605,111.605,111.6,111.6,500.0
2018-02-02 11:40:00,111.63,111.69,111.63,111.66,1890.0
2018-02-02 11:42:00,111.65,111.65,111.65,111.65,100.0
2018-02-02 11:43:00,111.67,111.67,111.655,111.655,300.0
2018-02-02 11:44:00,111.56,111.68,111.56,111.68,1126.0
2018-02-02 11:45:00,111.58,111.58,111.58,111.58,100.0
2018-02-02 11:46:00,111.54,111.55,111.5,111.55,3701.0
2018-02-02 11:47:00,111.6,111.6,111.5,111.5,3517.0
2018-02-02 11:48:00,111.6,111.6,111.6,111.6,823.0
2018-02-02 11:49:00,111.53,111.6,111.53,111.57,1660.0
2018-02-02 11:50:00,111.52,111.53,111.52,111.53,600.0
2018-02-02 11:51:00,111.53,111.53,111.53,111.53,200.0
2018-02-02 11:52:00,111.5,111.52,111.5,111.52,2255.0
2018-02-02 11:53:00,111.51,111.57,111.51,111.55,509.0
2018-02-02 11:54:00,111.54,111.5475,111.54,111.5475,400.0
2018-02-02 11:55:00,111.56,111.575,111.55,111.575,500.0
2018-02-02 11:56:00,111.5,111.51,111.48,111.51,5191.0
2018-02-02 11:57:00,111.46,111.49,111.46,111.49,500.0
2018-02-02 11:58:00,111.3801,111.42,111.37,111.42,4900.0
2018-02-02 11:59:00,111.16,111.36,111.16,111.36,4410.0
2018-02-02 12:00:00,111.15,111.2299,111.15,111.16,900.0
2018-02-02 12:02:00,111.2,111.24,111.16,111.16,3160.0
2018-02-02 12:03:00,111.16,111.2,111.16,111.19,900.0
2018-02-02 12:04:00,111.13,111.1548,111.13,111.1548,200.0
2018-02-02 12:06:00,111.21,111.21,111.16,111.16,650.0
2018-02-02 12:07:00,111.19,111.23,111.19,111.21,920.0
2018-02-02 12:08:00,111.21,111.23,111.2,111.23,1944.0
2018-02-02 12:09:00,111.21,111.21,111.21,111.21,400.0
2018-02-02 12:10:00,111.22,111.22,111.22,111.22,150.0
2018-02-02 12:11:00,111.165,111.19,111.165,111.19,600.0
2018-02-02 12:12:00,111.24,111.24,111.165,111.2,1000.0
2018-02-02 12:13:00,111.3,111.3,111.2,111.2,1800.0
2018-02-02 12:14:00,111.32,111.33,111.3,111.33,500.0
2018-02-02 12:15:00,111.3,111.31,111.29,111.31,1096.0
2018-02-02 12:16:00,111.31,111.36,111.29,111.32,1814.0
2018-02-02 12:17:00,111.28,111.28,111.28,111.28,400.0
2018-02-02 12:18:00,111.26,111.27,111.26,111.27,260.0
2018-02-02 12:19:00,111.23,111.28,111.23,111.28,700.0
2018-02-02 12:20:00,111.3,111.3188,111.28,111.3,513.0
2018-02-02 12:22:00,111.29,111.29,111.29,111.29,100.0
2018-02-02 12:24:00,111.32,111.34,111.29,111.29,1733.0
2018-02-02 12:25:00,111.2633,111.31,111.2633,111.31,200.0
2018-02-02 12:26:00,111.26,111.26,111.26,111.26,100.0
2018-02-02 12:28:00,111.3,111.31,111.29,111.29,1165.0
2018-02-02 12:29:00,111.32,111.32,111.3,111.3,700.0
2018-02-02 12:30:00,111.335,111.36,111.32,111.32,1000.0
2018-02-02 12:32:00,111.3,111.3,111.29,111.29,200.0
2018-02-02 12:33:00,111.26,111.26,111.26,111.26,400.0
2018-02-02 12:34:00,111.3,111.31,111.2625,111.28,710.0
2018-02-02 12:35:00,111.33,111.33,111.32,111.32,400.0
2018-02-02 12:36:00,111.32,111.32,111.32,111.32,100.0
2018-02-02 12:37:00,111.34,111.34,111.34,111.34,400.0
2018-02-02 12:38:00,111.34,111.34,111.33,111.34,500.0
2018-02-02 12:39:00,111.3,111.35,111.3,111.32,2000.0
2018-02-02 12:40:00,111.38,111.38,111.33,111.34,400.0
2018-02-02 12:41:00,111.37,111.39,111.37,111.38,1100.0
2018-02-02 12:42:00,111.4,111.41,111.4,111.41,400.0
2018-02-02 12:43:00,111.425,111.425,111.4,111.4,200.0
2018-02-02 12:45:00,111.41,111.41,111.39,111.41,1606.0
2018-02-02 12:46:00,111.4,111.41,111.39,111.4,600.0
2018-02-02 12:47:00,111.34,111.38,111.34,111.38,500.0
2018-02-02 12:48:00,111.35,111.35,111.35,111.35,100.0
2018-02-02 12:49:00,111.4,111.4,111.39,111.39,798.0
2018-02-02 12:50:00,111.39,111.39,111.39,111.39,100.0
2018-02-02 12:51:00,111.39,111.39,111.37,111.39,800.0
2018-02-02 12:52:00,111.4,111.43,111.4,111.43,600.0
2018-02-02 12:53:00,111.33,111.33,111.33,111.33,100.0
2018-02-02 12:57:00,111.3,111.3,111.25,111.29,5804.0
2018-02-02 12:58:00,111.29,111.32,111.29,111.3,1000.0
2018-02-02 12:59:00,111.25,111.27,111.25,111.25,3254.0
2018-02-02 13:00:00,111.25,111.28,111.24,111.26,4920.0
2018-02-02 13:01:00,111.09,111.21,111.08,111.21,4050.0
2018-02-02 13:02:00,111.1,111.1,111.1,111.1,850.0
2018-02-02 13:03:00,111.07,111.08,111.0682,111.08,1587.0
2018-02-02 13:04:00,111.1,111.1264,111.1,111.1264,3450.0
2018-02-02 13:05:00,111.09,111.1,111.07,111.1,1000.0
2018-02-02 13:06:00,111.1,111.1,111.1,111.1,900.0
2018-02-02 13:07:00,111.07,111.07,111.07,111.07,200.0
2018-02-02 13:08:00,111.08,111.11,111.03,111.04,1761.0
2018-02-02 13:09:00,111.05,111.07,111.05,111.07,478.0
2018-02-02 13:10:00,111.0,111.05,111.0,111.01,3747.0
2018-02-02 13:11:00,111.03,111.03,111.03,111.03,100.0
2018-02-02 13:12:00,111.0,111.0,111.0,111.0,105.0
2018-02-02 13:13:00,111.0,111.0,110.98,110.98,1300.0
2018-02-02 13:14:00,111.08,111.08,111.0,111.0,2343.0
2018-02-02 13:15:00,111.07,111.13,111.07,111.1,500.0
2018-02-02 13:16:00,111.15,111.15,111.07,111.07,1990.0
2018-02-02 13:17:00,111.12,111.2,111.12,111.18,1539.0
2018-02-02 13:18:00,111.1,111.1,111.09,111.09,300.0
2018-02-02 13:19:00,111.08,111.09,111.08,111.09,700.0
2018-02-02 13:20:00,111.08,111.08,111.03,111.04,3100.0
2018-02-02 13:21:00,111.07,111.09,111.03,111.04,3600.0
2018-02-02 13:22:00,111.05,111.1,111.04,111.06,2556.0
2018-02-02 13:23:00,111.06,111.06,111.0,111.06,1711.0
2018-02-02 13:24:00,111.1,111.1,111.09,111.09,400.0
2018-02-02 13:25:00,111.07,111.1,111.07,111.09,400.0
2018-02-02 13:26:00,111.03,111.06,111.03,111.06,400.0
2018-02-02 13:27:00,111.08,111.08,111.035,111.035,2400.0
2018-02-02 13:28:00,111.12,111.12,111.12,111.12,100.0
2018-02-02 13:29:00,111.12,111.16,111.12,111.14,800.0
2018-02-02 13:30:00,111.16,111.175,111.14,111.14,1100.0
2018-02-02 13:31:00,111.17,111.17,111.11,111.155,2300.0
2018-02-02 13:32:00,111.14,111.16,111.14,111.16,1124.0
2018-02-02 13:33:00,111.17,111.18,111.17,111.18,365.0
2018-02-02 13:34:00,111.23,111.23,111.23,111.23,300.0
2018-02-02 13:35:00,111.24,111.28,111.21,111.21,1500.0
2018-02-02 13:39:00,111.34,111.35,111.29,111.29,3100.0
2018-02-02 13:40:00,111.265,111.3,111.265,111.3,300.0
2018-02-02 13:41:00,111.21,111.265,111.19,111.24,1500.0
2018-02-02 13:42:00,111.0835,111.2,111.0835,111.2,1933.0
2018-02-02 13:43:00,111.13,111.19,111.11,111.11,1439.0
2018-02-02 13:44:00,111.04,111.0769,111.04,111.0769,675.0
2018-02-02 13:46:00,111.0,111.045,111.0,111.045,1100.0
2018-02-02 13:47:00,111.01,111.01,111.01,111.01,100.0
2018-02-02 13:48:00,111.04,111.04,111.04,111.04,200.0
2018-02-02 13:49:00,110.99,111.04,110.94,111.04,676.0
2018-02-02 13:50:00,110.995,110.995,110.995,110.995,100.0
2018-02-02 13:51:00,110.94,111.005,110.94,110.97,900.0
2018-02-02 13:52:00,111.005,111.005,110.94,110.94,492.0
2018-02-02 13:53:00,110.99,111.02,110.97,110.97,512.0
2018-02-02 13:54:00,111.0,111.0,110.99,110.99,200.0
2018-02-02 13:55:00,111.01,111.01,110.98,110.98,200.0
2018-02-02 13:56:00,111.035,111.04,111.0,111.01,2600.0
2018-02-02 13:57:00,111.0,111.07,111.0,111.04,900.0
2018-02-02 13:58:00,110.96,111.0388,110.96,111.0388,1600.0
2018-02-02 13:59:00,110.99,110.99,110.99,110.99,100.0
2018-02-02 14:00:00,110.97,111.04,110.97,111.0075,2917.0
2018-02-02 14:01:00,110.99700000000001,111.02,110.99700000000001,111.0,1500.0
2018-02-02 14:02:00,111.0,111.05,111.0,111.05,447.0
2018-02-02 14:03:00,111.02,111.06,111.02,111.06,600.0
2018-02-02 14:04:00,111.0,111.0,111.0,111.0,100.0
2018-02-02 14:05:00,111.04,111.04,110.98,111.01,1739.0
2018-02-02 14:06:00,111.01,111.01,110.92,111.01,2200.0
2018-02-02 14:07:00,111.01,111.06,111.01,111.02,2206.0
2018-02-02 14:08:00,111.065,111.07,111.02,111.02,1300.0
2018-02-02 14:09:00,111.05,111.05,111.05,111.05,667.0
2018-02-02 14:10:00,111.03,111.03,110.99,110.99,600.0
2018-02-02 14:11:00,110.94,111.055,110.94,111.055,1503.0
2018-02-02 14:12:00,110.88,110.95,110.88,110.95,400.0
2018-02-02 14:13:00,110.931,110.931,110.87,110.87,906.0
2018-02-02 14:14:00,110.92,110.96,110.91,110.926,1648.0
2018-02-02 14:15:00,110.87,110.91,110.87,110.91,800.0
2018-02-02 14:16:00,110.772,110.84,110.772,110.84,800.0
2018-02-02 14:17:00,110.85,110.85,110.8045,110.8045,768.0
2018-02-02 14:18:00,110.83,110.88,110.81,110.81,2015.0
2018-02-02 14:19:00,110.66,110.83,110.66,110.81,920.0
2018-02-02 14:20:00,110.66,110.66,110.565,110.63,2624.0
2018-02-02 14:21:00,110.69,110.71,110.63,110.68,1300.0
2018-02-02 14:22:00,110.61,110.72,110.61,110.66,2300.0
2018-02-02 14:23:00,110.64,110.64,110.58,110.6,860.0
2018-02-02 14:24:00,110.6,110.63,110.6,110.63,300.0
2018-02-02 14:25:00,110.62,110.62,110.62,110.62,100.0
2018-02-02 14:26:00,110.57,110.72,110.57,110.68,3973.0
2018-02-02 14:28:00,110.61,110.61,110.61,110.61,425.0
2018-02-02 14:29:00,110.575,110.575,110.575,110.575,200.0
2018-02-02 14:30:00,110.48,110.55,110.38,110.55,5602.0
2018-02-02 14:31:00,110.6,110.63,110.53,110.53,2582.0
2018-02-02 14:32:00,110.7,110.71,110.625,110.64,2530.0
2018-02-02 14:33:00,110.62,110.7472,110.62,110.7472,4931.0
2018-02-02 14:34:00,110.58,110.63,110.56,110.62,1400.0
2018-02-02 14:35:00,110.58,110.58,110.57,110.58,400.0
2018-02-02 14:36:00,110.56,110.59,110.47,110.57,2900.0
2018-02-02 14:37:00,110.55,110.62,110.55,110.59,2599.0
2018-02-02 14:38:00,110.57,110.6,110.57,110.59,800.0
2018-02-02 14:39:00,110.4953,110.59,110.47,110.59,601.0
2018-02-02 14:40:00,110.486,110.53,110.486,110.52,1133.0
2018-02-02 14:41:00,110.5,110.541,110.5,110.52,1075.0
2018-02-02 14:42:00,110.57,110.57,110.57,110.57,100.0
2018-02-02 14:43:00,110.61,110.62,110.59,110.6,1081.0
2018-02-02 14:44:00,110.57,110.62,110.57,110.6199,2300.0
2018-02-02 14:45:00,110.66,110.66,110.61,110.61,1100.0
2018-02-02 14:46:00,110.58,110.65,110.58,110.65,600.0
2018-02-02 14:47:00,110.4865,110.54,110.47,110.54,1408.0
2018-02-02 14:48:00,110.47,110.47,110.47,110.47,384.0
2018-02-02 14:49:00,110.42,110.51,110.42,110.48,2819.0
2018-02-02 14:50:00,110.47,110.5,110.41,110.41,2174.0
2018-02-02 14:51:00,110.47,110.51,110.47,110.51,900.0
2018-02-02 14:52:00,110.5,110.5,110.5,110.5,200.0
2018-02-02 14:53:00,110.56,110.56,110.52,110.56,400.0
2018-02-02 14:54:00,110.48,110.49,110.48,110.49,1154.0
2018-02-02 14:55:00,110.6,110.65,110.52,110.52,850.0
2018-02-02 14:56:00,110.59,110.6,110.58,110.6,1400.0
2018-02-02 14:58:00,110.62,110.62,110.54,110.54,500.0
2018-02-02 14:59:00,110.42,110.57,110.42,110.57,2038.0
2018-02-02 15:00:00,110.425,110.52,110.425,110.47,2521.0
2018-02-02 15:01:00,110.4,110.4298,110.37,110.42,800.0
2018-02-02 15:02:00,110.36,110.41,110.36,110.4,1300.0
2018-02-02 15:03:00,110.37,110.42,110.37,110.37,1881.0
2018-02-02 15:04:00,110.23,110.3172,110.205,110.3,2200.0
2018-02-02 15:05:00,110.205,110.28,110.19,110.2,2618.0
2018-02-02 15:06:00,110.22,110.28,110.22,110.22,1900.0
2018-02-02 15:07:00,110.27,110.32,110.2,110.2,2801.0
2018-02-02 15:08:00,110.19,110.27,110.19,110.27,900.0
2018-02-02 15:09:00,110.2,110.23,110.17,110.19,2491.0
2018-02-02 15:10:00,110.16,110.19,110.16,110.17,800.0
2018-02-02 15:11:00,110.185,110.195,110.16,110.17,5000.0
2018-02-02 15:12:00,110.41,110.41,110.21,110.21,1921.0
2018-02-02 15:13:00,110.4,110.41,110.37,110.395,1700.0
2018-02-02 15:14:00,110.4,110.41,110.38,110.385,2420.0
2018-02-02 15:15:00,110.35,110.37,110.35,110.37,1021.0
2018-02-02 15:16:00,110.4548,110.4548,110.32,110.34,1420.0
2018-02-02 15:17:00,110.59,110.59,110.48,110.48,1842.0
2018-02-02 15:18:00,110.51,110.55,110.49,110.54,1500.0
2018-02-02 15:19:00,110.49,110.51,110.48,110.5,3450.0
2018-02-02 15:20:00,110.38,110.48,110.38,110.48,1675.0
2018-02-02 15:21:00,110.48,110.48,110.39,110.39,2100.0
2018-02-02 15:22:00,110.48,110.52,110.45,110.49,2000.0
2018-02-02 15:23:00,110.45,110.5,110.43,110.48,2100.0
2018-02-02 15:24:00,110.42,110.5,110.42,110.45,1800.0
2018-02-02 15:25:00,110.57,110.57,110.41,110.41,4207.0
2018-02-02 15:26:00,110.5127,110.6,110.48,110.525,1700.0
2018-02-02 15:27:00,110.48,110.51,110.44,110.48,1800.0
2018-02-02 15:28:00,110.46,110.53,110.46,110.48,1909.0
2018-02-02 15:29:00,110.42,110.49,110.42,110.46,3316.0
2018-02-02 15:30:00,110.34,110.44,110.34,110.41,2423.0
2018-02-02 15:31:00,110.3,110.36,110.26,110.355,4086.0
2018-02-02 15:32:00,110.23,110.33,110.23,110.33,2320.0
2018-02-02 15:33:00,110.305,110.32,110.27,110.27,2500.0
2018-02-02 15:34:00,110.36,110.39,110.29,110.305,2345.0
2018-02-02 15:35:00,110.5,110.5,110.38,110.39,8518.0
2018-02-02 15:36:00,110.57,110.57,110.48,110.5,4179.0
2018-02-02 15:37:00,110.53,110.58,110.52,110.555,7866.0
2018-02-02 15:38:00,110.56,110.58,110.52,110.56,2760.0
2018-02-02 15:39:00,110.675,110.68,110.53,110.53,2235.0
2018-02-02 15:40:00,110.64,110.74,110.64,110.675,4000.0
2018-02-02 15:41:00,110.48,110.62,110.45,110.62,3900.0
2018-02-02 15:42:00,110.47,110.49,110.44,110.47,11529.0
2018-02-02 15:43:00,110.51,110.58,110.45,110.51,5927.0
2018-02-02 15:44:00,110.53,110.55,110.49,110.49,3019.0
2018-02-02 15:45:00,110.59,110.67,110.56,110.56,3991.0
2018-02-02 15:46:00,110.57,110.6,110.54,110.56,6573.0
2018-02-02 15:47:00,110.4,110.61,110.34,110.57,17993.0
2018-02-02 15:48:00,110.15,110.44,110.1,110.395,14859.0
2018-02-02 15:49:00,110.16,110.2,110.12,110.12,11105.0
2018-02-02 15:50:00,110.32,110.33,110.11,110.16,11079.0
2018-02-02 15:51:00,110.31,110.3799,110.265,110.35,8539.0
2018-02-02 15:52:00,110.185,110.32,110.17,110.3,8949.0
2018-02-02 15:53:00,110.2989,110.3,110.19,110.195,7488.0
2018-02-02 15:54:00,110.21,110.3276,110.1899,110.3,13428.0
2018-02-02 15:55:00,110.2,110.2599,110.2,110.225,10907.0
2018-02-02 15:56:00,110.08,110.23,110.08,110.23,13230.0
2018-02-02 15:57:00,110.12,110.16,110.07,110.08,14966.0
2018-02-02 15:58:00,110.04,110.11,110.03,110.11,14537.0
2018-02-02 15:59:00,110.08,110.1199,110.03,110.04,14431.0
2018-02-02 16:00:00,110.1499,110.23,110.05,110.08,33348.0
2018-02-05 09:30:00,109.73,109.73,109.73,109.73,11233.0
2018-02-05 09:31:00,109.3525,109.7,109.34,109.57,713.0
2018-02-05 09:32:00,109.99,109.99,109.54,109.64,2900.0
2018-02-05 09:33:00,110.0102,110.0102,109.86,109.99,775.0
2018-02-05 09:34:00,110.17,110.22,110.09,110.13,600.0
2018-02-05 09:36:00,110.2775,110.3,110.17,110.17,2301.0
2018-02-05 09:37:00,110.3,110.304,110.16,110.304,1200.0
2018-02-05 09:38:00,110.34,110.38,110.285,110.34,1900.0
2018-02-05 09:39:00,110.322,110.35,110.322,110.35,600.0
2018-02-05 09:40:00,110.1938,110.24,110.105,110.18,1300.0
2018-02-05 09:41:00,110.255,110.29,110.15,110.21,1000.0
2018-02-05 09:42:00,110.21,110.26,110.085,110.2,3324.0
2018-02-05 09:43:00,109.8774,110.15,109.71,109.9501,2700.0
2018-02-05 09:44:00,109.87,109.91,109.8,109.85,2937.0
2018-02-05 09:45:00,109.9476,110.1099,109.9476,110.1099,600.0
2018-02-05 09:46:00,109.86,109.86,109.82,109.86,1100.0
2018-02-05 09:48:00,109.87,109.94,109.87,109.93,1592.0
2018-02-05 09:49:00,109.71,109.71,109.71,109.71,100.0
2018-02-05 09:50:00,109.785,109.785,109.785,109.785,100.0
2018-02-05 09:51:00,109.8032,109.8032,109.775,109.775,402.0
2018-02-05 09:52:00,109.62,109.79,109.62,109.79,990.0
2018-02-05 09:53:00,109.76,109.76,109.63,109.63,4495.0
2018-02-05 09:54:00,109.71,109.79,109.71,109.77,2174.0
2018-02-05 09:55:00,109.82,109.82,109.69,109.69,1418.0
2018-02-05 09:56:00,109.7741,109.7741,109.7741,109.7741,100.0
2018-02-05 09:57:00,109.92,109.92,109.795,109.84,2043.0
2018-02-05 09:58:00,109.84,109.86,109.83,109.86,2200.0
2018-02-05 09:59:00,109.79,109.89,109.79,109.85,2200.0
2018-02-05 10:00:00,109.95,110.01,109.83,109.83,3200.0
2018-02-05 10:01:00,109.84,109.9982,109.84,109.9982,1192.0
2018-02-05 10:02:00,109.91,109.9591,109.865,109.88,2200.0
2018-02-05 10:03:00,109.96,110.01,109.94,109.94,3250.0
2018-02-05 10:04:00,109.92,110.0,109.92,109.99,1200.0
2018-02-05 10:05:00,109.9953,110.03,109.98,109.98,500.0
2018-02-05 10:07:00,110.01899999999999,110.01899999999999,109.9852,110.0,2300.0
2018-02-05 10:08:00,110.05,110.05,109.96,110.0,5420.0
2018-02-05 10:09:00,110.14,110.14,110.05,110.1121,1025.0
2018-02-05 10:11:00,110.25,110.25,110.12,110.12,2300.0
2018-02-05 10:12:00,110.11,110.25,110.02,110.24,5000.0
2018-02-05 10:13:00,110.11,110.11,110.11,110.11,100.0
2018-02-05 10:14:00,110.035,110.035,110.035,110.035,100.0
2018-02-05 10:15:00,110.06,110.09,110.06,110.09,1400.0
2018-02-05 10:16:00,109.93,110.0652,109.92,110.0652,1000.0
2018-02-05 10:17:00,109.85,109.9,109.79,109.9,1900.0
2018-02-05 10:18:00,109.96,109.96,109.835,109.88,2730.0
2018-02-05 10:19:00,110.085,110.12,110.0795,110.0795,800.0
2018-02-05 10:20:00,109.96,110.1,109.96,110.1,1300.0
2018-02-05 10:21:00,110.04,110.04,109.95,109.95,817.0
2018-02-05 10:22:00,110.0117,110.065,109.99,110.04,2417.0
2018-02-05 10:23:00,110.03,110.04,109.96,109.96,400.0
2018-02-05 10:24:00,110.05,110.06,110.03,110.03,1379.0
2018-02-05 10:25:00,110.11,110.11,110.05,110.05,2600.0
2018-02-05 10:26:00,110.24,110.25,110.18,110.18,4285.0
2018-02-05 10:27:00,110.34,110.36,110.3,110.3,1200.0
2018-02-05 10:28:00,110.29,110.3596,110.29,110.3596,350.0
2018-02-05 10:29:00,110.3,110.3,110.3,110.3,100.0
2018-02-05 10:30:00,110.38,110.42,110.37,110.37,800.0
2018-02-05 10:31:00,110.33,110.44,110.33,110.4,3809.0
2018-02-05 10:32:00,110.25,110.325,110.22,110.325,1300.0
2018-02-05 10:33:00,110.05,110.3,110.03,110.25,4490.0
2018-02-05 10:34:00,109.96,110.1,109.96,110.05,3900.0
2018-02-05 10:35:00,110.04,110.04,109.97,109.97,1686.0
2018-02-05 10:36:00,110.18,110.18,110.11,110.12,800.0
2018-02-05 10:37:00,110.1,110.15,110.1,110.15,750.0
2018-02-05 10:38:00,110.01,110.083,110.01,110.083,1200.0
2018-02-05 10:39:00,109.9,110.02,109.9,110.02,700.0
2018-02-05 10:40:00,109.95,109.96,109.9,109.9,800.0
2018-02-05 10:41:00,109.99,109.99,109.94,109.99,1300.0
2018-02-05 10:43:00,110.08,110.08,110.02,110.07,800.0
2018-02-05 10:44:00,109.93,110.01,109.93,109.9877,900.0
2018-02-05 10:45:00,110.0,110.01,109.99,109.99,1038.0
2018-02-05 10:46:00,110.06,110.06,110.06,110.06,100.0
2018-02-05 10:47:00,110.12,110.17,110.08,110.08,2900.0
2018-02-05 10:48:00,110.1,110.1,110.04,110.085,700.0
2018-02-05 10:49:00,110.18,110.18,110.12,110.14,1098.0
2018-02-05 10:50:00,110.255,110.255,110.255,110.255,200.0
2018-02-05 10:51:00,110.21,110.21,110.21,110.21,400.0
2018-02-05 10:52:00,110.23,110.26,110.22,110.26,3200.0
2018-02-05 10:53:00,110.2,110.27,110.08,110.18,3674.0
2018-02-05 10:54:00,110.11,110.1906,110.09,110.1906,800.0
2018-02-05 10:55:00,110.2,110.2,110.06,110.18,2600.0
2018-02-05 10:56:00,110.18,110.19,110.18,110.19,700.0
2018-02-05 10:57:00,110.22,110.22,110.22,110.22,200.0
2018-02-05 10:58:00,110.22,110.2599,110.1501,110.25,3843.0
2018-02-05 10:59:00,110.27,110.31,110.22,110.22,3257.0
2018-02-05 11:00:00,110.22,110.28,110.21,110.26,1400.0
2018-02-05 11:01:00,110.31,110.37,110.3,110.3,1000.0
2018-02-05 11:02:00,110.14,110.2616,110.14,110.24,504.0
2018-02-05 11:03:00,110.12,110.17,110.09,110.17,1900.0
2018-02-05 11:04:00,110.07,110.12,110.07,110.12,1200.0
2018-02-05 11:05:00,110.07,110.17,110.03,110.07,5600.0
2018-02-05 11:06:00,110.1,110.105,110.03,110.07,1200.0
2018-02-05 11:07:00,110.04,110.12,110.04,110.06,500.0
2018-02-05 11:08:00,110.12,110.12,110.12,110.12,150.0
2018-02-05 11:09:00,110.16,110.16,110.16,110.16,100.0
2018-02-05 11:10:00,110.05,110.09,110.05,110.09,1000.0
2018-02-05 11:11:00,110.05,110.066,110.025,110.0467,1000.0
2018-02-05 11:12:00,110.04,110.07,109.97,110.0,2696.0
2018-02-05 11:14:00,109.98,110.02,109.98,110.02,300.0
2018-02-05 11:17:00,109.95,109.95,109.94,109.94,600.0
2018-02-05 11:18:00,109.9,109.93,109.9,109.93,700.0
2018-02-05 11:19:00,109.83,109.87,109.7901,109.85,2675.0
2018-02-05 11:21:00,109.78,109.825,109.78,109.825,800.0
2018-02-05 11:22:00,109.745,109.8,109.73,109.73,1200.0
2018-02-05 11:23:00,109.74,109.78,109.68,109.68,1586.0
2018-02-05 11:25:00,109.81,109.81,109.81,109.81,200.0
2018-02-05 11:26:00,109.84,109.85,109.84,109.85,200.0
2018-02-05 11:27:00,110.02,110.02,109.84,109.85,1900.0
2018-02-05 11:28:00,109.94,110.02,109.925,110.02,1927.0
2018-02-05 11:29:00,109.95,109.985,109.95,109.95,1700.0
2018-02-05 11:30:00,109.87,109.88,109.87,109.88,300.0
2018-02-05 11:31:00,109.755,109.93,109.755,109.93,2725.0
2018-02-05 11:32:00,109.7,109.7933,109.7,109.7933,385.0
2018-02-05 11:33:00,109.72,109.72,109.66,109.66,300.0
2018-02-05 11:34:00,109.7081,109.7081,109.7081,109.7081,100.0
2018-02-05 11:35:00,109.66,109.69,109.63,109.63,800.0
2018-02-05 11:36:00,109.64,109.64,109.63,109.63,700.0
2018-02-05 11:37:00,109.66,109.685,109.58,109.62,1600.0
2018-02-05 11:38:00,109.53,109.64,109.53,109.64,600.0
2018-02-05 11:39:00,109.56,109.6,109.56,109.6,700.0
2018-02-05 11:40:00,109.5841,109.5841,109.54,109.57,348.0
2018-02-05 11:42:00,109.44,109.51,109.44,109.51,600.0
2018-02-05 11:43:00,109.43,109.48,109.43,109.47,800.0
2018-02-05 11:44:00,109.27,109.37,109.27,109.3601,800.0
2018-02-05 11:45:00,109.28,109.33,109.23,109.31,900.0
2018-02-05 11:46:00,109.4,109.43,109.25,109.25,2200.0
2018-02-05 11:47:00,109.39,109.43,109.39,109.43,309.0
2018-02-05 11:48:00,109.43,109.43,109.38,109.39,764.0
2018-02-05 11:50:00,109.38,109.4,109.38,109.4,500.0
2018-02-05 11:52:00,109.3848,109.42,109.36,109.385,400.0
2018-02-05 11:53:00,109.405,109.405,109.405,109.405,100.0
2018-02-05 11:55:00,109.4,109.43,109.4,109.43,1950.0
2018-02-05 11:56:00,109.49,109.49,109.4,109.4,700.0
2018-02-05 11:57:00,109.47,109.49,109.47,109.49,700.0
2018-02-05 11:58:00,109.67,109.67,109.42,109.48,1400.0
2018-02-05 12:00:00,109.5601,109.62,109.56,109.62,900.0
2018-02-05 12:01:00,109.56,109.6,109.55,109.55,500.0
2018-02-05 12:02:00,109.46,109.52,109.41,109.52,1000.0
2018-02-05 12:03:00,109.42,109.42,109.42,109.42,200.0
2018-02-05 12:04:00,109.4,109.4,109.38,109.38,300.0
2018-02-05 12:05:00,109.33,109.44,109.33,109.44,1500.0
2018-02-05 12:06:00,109.37,109.37,109.37,109.37,100.0
2018-02-05 12:07:00,109.32,109.32,109.32,109.32,200.0
2018-02-05 12:09:00,109.27,109.37,109.27,109.36,1000.0
2018-02-05 12:10:00,109.22,109.2201,109.22,109.22,400.0
2018-02-05 12:11:00,109.3,109.3,109.24,109.25,500.0
2018-02-05 12:12:00,109.3,109.3,109.28,109.29,300.0
2018-02-05 12:13:00,109.31,109.34,109.31,109.34,928.0
2018-02-05 12:14:00,109.3,109.3,109.29,109.29,800.0
2018-02-05 12:15:00,109.24,109.24,109.2,109.24,600.0
2018-02-05 12:16:00,109.1101,109.2055,109.1101,109.18,1300.0
2018-02-05 12:18:00,109.18,109.1895,109.14,109.1895,900.0
2018-02-05 12:19:00,109.23,109.23,109.16,109.19,1500.0
2018-02-05 12:20:00,109.16,109.16,109.16,109.16,206.0
2018-02-05 12:21:00,109.19,109.19,109.12,109.15,1300.0
2018-02-05 12:22:00,109.18,109.21,109.15,109.21,1200.0
2018-02-05 12:23:00,109.02,109.25,109.02,109.21,3000.0
2018-02-05 12:24:00,109.05,109.07,109.03,109.03,800.0
2018-02-05 12:25:00,108.96,109.13,108.96,109.13,4077.0
2018-02-05 12:26:00,109.04,109.04,108.98,108.98,800.0
2018-02-05 12:27:00,109.15,109.17,109.08,109.13,900.0
2018-02-05 12:28:00,109.04,109.18,109.04,109.18,1300.0
2018-02-05 12:29:00,109.09,109.11,108.98,108.98,600.0
2018-02-05 12:30:00,109.11,109.19,109.09,109.09,2600.0
2018-02-05 12:31:00,109.13,109.19,109.06,109.06,1148.0
2018-02-05 12:32:00,109.19,109.19,109.19,109.19,100.0
2018-02-05 12:33:00,109.21,109.21,109.15,109.19,662.0
2018-02-05 12:34:00,109.33,109.33,109.25,109.25,600.0
2018-02-05 12:36:00,109.28,109.335,109.27,109.32,1608.0
2018-02-05 12:37:00,109.24,109.24,109.24,109.24,100.0
2018-02-05 12:38:00,109.21,109.27,109.21,109.27,200.0
2018-02-05 12:39:00,109.36,109.36,109.27,109.27,1877.0
2018-02-05 12:40:00,109.27,109.32,109.27,109.32,500.0
2018-02-05 12:41:00,109.36,109.39,109.36,109.36,1319.0
2018-02-05 12:42:00,109.32,109.33,109.28,109.33,700.0
2018-02-05 12:44:00,109.3,109.3,109.3,109.3,400.0
2018-02-05 12:45:00,109.41,109.41,109.26,109.26,1300.0
2018-02-05 12:47:00,109.29,109.37,109.29,109.37,1300.0
2018-02-05 12:48:00,109.28,109.29,109.28,109.29,600.0
2018-02-05 12:49:00,109.35,109.35,109.29,109.29,1226.0
2018-02-05 12:50:00,109.4,109.4,109.36,109.36,500.0
2018-02-05 12:51:00,109.44,109.44,109.41,109.41,650.0
2018-02-05 12:52:00,109.35,109.43,109.3,109.42,1607.0
2018-02-05 12:53:00,109.36,109.36,109.3,109.34,700.0
2018-02-05 12:55:00,109.43,109.43,109.31,109.33,1687.0
2018-02-05 12:56:00,109.37,109.4,109.355,109.355,2276.0
2018-02-05 12:57:00,109.34,109.34,109.34,109.34,100.0
2018-02-05 12:58:00,109.34,109.3575,109.32,109.35,1400.0
2018-02-05 12:59:00,109.2,109.26,109.2,109.26,1500.0
2018-02-05 13:00:00,109.16,109.17,109.14,109.15,600.0
2018-02-05 13:01:00,109.06,109.1,109.06,109.08,400.0
2018-02-05 13:02:00,108.89,109.05,108.87,108.93,3000.0
2018-02-05 13:03:00,108.7793,108.89,108.76,108.89,300.0
2018-02-05 13:04:00,108.71,108.83,108.71,108.78,1550.0
2018-02-05 13:05:00,108.63,108.73,108.61,108.73,2000.0
2018-02-05 13:06:00,108.72,108.72,108.57,108.58,1231.0
2018-02-05 13:07:00,108.59,108.77,108.59,108.74,1416.0
2018-02-05 13:08:00,108.64,108.64,108.53,108.57,800.0
2018-02-05 13:09:00,108.63,108.65,108.63,108.63,1100.0
2018-02-05 13:10:00,108.5978,108.67,108.52,108.57,1600.0
2018-02-05 13:11:00,108.56,108.66,108.54,108.54,1500.0
2018-02-05 13:12:00,108.51,108.65,108.5,108.61,6800.0
2018-02-05 13:13:00,108.71,108.71,108.45,108.45,1619.0
2018-02-05 13:14:00,108.63,108.73,108.63,108.65,1500.0
2018-02-05 13:15:00,108.73,108.73,108.7,108.7,460.0
2018-02-05 13:16:00,108.69,108.72,108.65,108.7,960.0
2018-02-05 13:17:00,108.71,108.735,108.65,108.735,700.0
2018-02-05 13:18:00,108.6,108.61,108.6,108.61,900.0
2018-02-05 13:19:00,108.64,108.64,108.59,108.59,400.0
2018-02-05 13:20:00,108.585,108.585,108.49,108.56,900.0
2018-02-05 13:21:00,108.615,108.62,108.6,108.6,300.0
2018-02-05 13:22:00,108.6,108.64,108.6,108.64,547.0
2018-02-05 13:23:00,108.6407,108.6407,108.62,108.62,816.0
2018-02-05 13:24:00,108.64,108.65,108.6,108.6,454.0
2018-02-05 13:25:00,108.5722,108.66,108.572,108.64,1725.0
2018-02-05 13:26:00,108.58,108.58,108.51,108.54,2300.0
2018-02-05 13:27:00,108.47,108.48,108.46,108.48,600.0
2018-02-05 13:28:00,108.43,108.49,108.405,108.49,500.0
2018-02-05 13:29:00,108.43,108.43,108.26,108.39,800.0
2018-02-05 13:30:00,108.52,108.52,108.44,108.44,3390.0
2018-02-05 13:31:00,108.53,108.62,108.53,108.57,2480.0
2018-02-05 13:32:00,108.45,108.55,108.45,108.55,400.0
2018-02-05 13:33:00,108.6,108.6,108.55,108.55,400.0
2018-02-05 13:34:00,108.54,108.58,108.54,108.58,300.0
2018-02-05 13:35:00,108.39,108.56,108.37,108.56,1500.0
2018-02-05 13:36:00,108.4,108.45,108.32,108.43,1400.0
2018-02-05 13:37:00,108.38,108.42,108.38,108.42,351.0
2018-02-05 13:38:00,108.33,108.36,108.3,108.36,1568.0
2018-02-05 13:39:00,108.32,108.42,108.32,108.37,1025.0
2018-02-05 13:40:00,108.25,108.34,108.25,108.34,700.0
2018-02-05 13:41:00,108.41,108.41,108.22,108.22,1140.0
2018-02-05 13:42:00,108.325,108.39,108.325,108.39,1400.0
2018-02-05 13:43:00,108.22,108.27,108.22,108.27,600.0
2018-02-05 13:44:00,108.24,108.31,108.23,108.27,6100.0
2018-02-05 13:45:00,108.26,108.26,108.2,108.21,2300.0
2018-02-05 13:46:00,108.2,108.22,108.2,108.22,200.0
2018-02-05 13:47:00,108.16,108.25,108.16,108.23,3634.0
2018-02-05 13:48:00,108.21,108.21,108.13,108.13,1100.0
2018-02-05 13:49:00,108.11,108.18,108.11,108.18,819.0
2018-02-05 13:50:00,108.19,108.19,108.19,108.19,100.0
2018-02-05 13:51:00,108.15,108.21,108.15,108.21,600.0
2018-02-05 13:52:00,108.22,108.255,108.2,108.2,700.0
2018-02-05 13:53:00,108.17,108.21,108.09,108.21,1700.0
2018-02-05 13:54:00,108.13,108.13,108.1,108.12,600.0
2018-02-05 13:55:00,108.08,108.18,108.08,108.14,4611.0
2018-02-05 13:56:00,108.18,108.18,108.01,108.07,2366.0
2018-02-05 13:57:00,108.3,108.3,108.195,108.2,2814.0
2018-02-05 13:58:00,108.29,108.35,108.27,108.31,1100.0
2018-02-05 13:59:00,108.34,108.368,108.32,108.34,1250.0
2018-02-05 14:00:00,108.54,108.54,108.39,108.39,800.0
2018-02-05 14:01:00,108.4,108.49,108.39,108.49,500.0
2018-02-05 14:02:00,108.34,108.415,108.34,108.415,900.0
2018-02-05 14:03:00,108.4,108.4,108.31,108.32,822.0
2018-02-05 14:04:00,108.42,108.42,108.36,108.39,3484.0
2018-02-05 14:05:00,108.52,108.52,108.47,108.47,449.0
2018-02-05 14:06:00,108.4,108.53,108.4,108.495,1800.0
2018-02-05 14:07:00,108.39,108.4,108.39,108.4,500.0
2018-02-05 14:08:00,108.37,108.4,108.36,108.39,800.0
2018-02-05 14:09:00,108.45,108.45,108.36,108.38,1200.0
2018-02-05 14:10:00,108.37,108.41,108.36,108.41,1810.0
2018-02-05 14:11:00,108.37,108.37,108.37,108.37,100.0
2018-02-05 14:12:00,108.48,108.51,108.47,108.48,1000.0
2018-02-05 14:13:00,108.36,108.44,108.2972,108.44,3700.0
2018-02-05 14:14:00,108.48,108.48,108.4,108.4,1600.0
2018-02-05 14:16:00,108.335,108.41,108.27,108.41,2700.0
2018-02-05 14:17:00,108.27,108.29,108.27,108.28,400.0
2018-02-05 14:18:00,108.19,108.34,108.16,108.28,1400.0
2018-02-05 14:19:00,108.08,108.2,108.05,108.2,1995.0
2018-02-05 14:20:00,108.12,108.12,108.07,108.07,3500.0
2018-02-05 14:21:00,108.13,108.19,108.13,108.19,411.0
2018-02-05 14:22:00,108.13,108.16,108.07,108.1465,2360.0
2018-02-05 14:23:00,108.06,108.12,108.04,108.12,1500.0
2018-02-05 14:24:00,108.14,108.14,108.14,108.14,100.0
2018-02-05 14:25:00,107.93,108.08,107.8406,108.08,3168.0
2018-02-05 14:26:00,107.98,107.99,107.92,107.92,1711.0
2018-02-05 14:27:00,107.94,107.94,107.94,107.94,100.0
2018-02-05 14:28:00,107.77,107.92,107.75,107.92,1037.0
2018-02-05 14:29:00,107.82,107.82,107.73,107.77,1404.0
2018-02-05 14:30:00,107.81,107.81,107.75,107.75,550.0
2018-02-05 14:31:00,107.6,107.72,107.6,107.72,1228.0
2018-02-05 14:32:00,107.65,107.69,107.49,107.57,9491.0
2018-02-05 14:33:00,107.6,107.68,107.54,107.57,4305.0
2018-02-05 14:34:00,107.62,107.62,107.54,107.56,1000.0
2018-02-05 14:35:00,107.63,107.63,107.52,107.58,1500.0
2018-02-05 14:36:00,107.5854,107.63,107.57,107.63,500.0
2018-02-05 14:37:00,107.63,107.68,107.63,107.64,1100.0
2018-02-05 14:38:00,107.62,107.65,107.6,107.65,600.0
2018-02-05 14:39:00,107.52,107.57,107.47,107.56,1225.0
2018-02-05 14:40:00,107.46,107.47,107.42,107.47,1000.0
2018-02-05 14:41:00,107.56,107.57,107.45,107.49,1799.0
2018-02-05 14:42:00,107.48,107.5519,107.47,107.5519,906.0
2018-02-05 14:43:00,107.59,107.59,107.51,107.52,400.0
2018-02-05 14:44:00,107.53,107.565,107.49,107.54,1800.0
2018-02-05 14:45:00,107.4,107.45,107.3,107.45,3490.0
2018-02-05 14:46:00,107.34,107.43,107.34,107.43,896.0
2018-02-05 14:47:00,107.4,107.44,107.4,107.41,1200.0
2018-02-05 14:48:00,107.22,107.3,107.22,107.28200000000001,577.0
2018-02-05 14:49:00,107.23,107.3,107.23,107.3,2591.0
2018-02-05 14:50:00,107.09,107.3,107.09,107.25,5503.0
2018-02-05 14:51:00,106.95,107.15,106.95,107.15,5418.0
2018-02-05 14:52:00,107.06,107.09,106.94,106.98,3700.0
2018-02-05 14:53:00,107.1,107.17,107.03,107.09,2400.0
2018-02-05 14:54:00,107.16,107.19,107.11,107.11,1257.0
2018-02-05 14:55:00,107.11,107.19,107.11,107.16,2100.0
2018-02-05 14:56:00,107.1,107.16,107.09,107.11,2000.0
2018-02-05 14:57:00,106.93,107.1,106.93,107.09,800.0
2018-02-05 14:58:00,106.8317,106.99,106.8317,106.94,1513.0
2018-02-05 14:59:00,106.78,106.85,106.64,106.74,2269.0
2018-02-05 15:00:00,106.74,106.8,106.69,106.79,1900.0
2018-02-05 15:01:00,106.66,106.71,106.66,106.6757,950.0
2018-02-05 15:02:00,106.581,106.7,106.581,106.7,1100.0
2018-02-05 15:03:00,106.77,106.77,106.67,106.72,1761.0
2018-02-05 15:04:00,106.73,106.765,106.68,106.76,2186.0
2018-02-05 15:05:00,106.42,106.71,106.38,106.71,6235.0
2018-02-05 15:06:00,106.32,106.46,106.29,106.38,4852.0
2018-02-05 15:07:00,106.02,106.34,106.02,106.34,2600.0
2018-02-05 15:08:00,106.11,106.18,106.04,106.05,2700.0
2018-02-05 15:09:00,105.975,106.18,105.9,106.125,10204.0
2018-02-05 15:10:00,105.67,105.93,105.63,105.91,15699.0
2018-02-05 15:11:00,105.88,105.94,105.57,105.67,5931.0
2018-02-05 15:12:00,105.855,105.92,105.73,105.855,2700.0
2018-02-05 15:13:00,106.57,106.59,105.77,105.82,8492.0
2018-02-05 15:14:00,106.3,106.67,106.29,106.58,12828.0
2018-02-05 15:15:00,106.39,106.4,106.07,106.19,7200.0
2018-02-05 15:16:00,106.29,106.44,106.23,106.36,8109.0
2018-02-05 15:17:00,106.82,106.89,106.3,106.3,4356.0
2018-02-05 15:18:00,107.23,107.23,106.86,106.87,3180.0
2018-02-05 15:19:00,106.49,107.19,106.47,107.175,4200.0
2018-02-05 15:20:00,106.395,106.6884,106.395,106.67,2483.0
2018-02-05 15:21:00,106.33,106.58,106.24,106.4302,4342.0
2018-02-05 15:22:00,106.59,106.59,106.315,106.325,1300.0
2018-02-05 15:23:00,106.62,106.62,106.4,106.58,3385.0
2018-02-05 15:24:00,106.87,106.87,106.65,106.65,2141.0
2018-02-05 15:25:00,106.83,106.83,106.73,106.83,2003.0
2018-02-05 15:26:00,106.88,106.91,106.75,106.86,2733.0
2018-02-05 15:27:00,106.87,106.89,106.73,106.77,1979.0
2018-02-05 15:28:00,106.97,107.04,106.81,106.85,4369.0
2018-02-05 15:29:00,107.15,107.1738,107.09,107.1,2350.0
2018-02-05 15:30:00,107.19,107.22,107.06,107.13,3213.0
2018-02-05 15:31:00,106.86,107.2,106.77,107.2,4636.0
2018-02-05 15:32:00,106.56,106.85,106.54,106.85,4824.0
2018-02-05 15:33:00,106.82,106.82,106.56,106.56,2005.0
2018-02-05 15:34:00,106.98,106.99,106.8,106.88,3995.0
2018-02-05 15:35:00,106.79,106.95,106.78,106.94,4659.0
2018-02-05 15:36:00,106.65,106.92,106.57,106.78,5307.0
2018-02-05 15:37:00,106.36,106.64,106.36,106.64,2100.0
2018-02-05 15:38:00,106.34,106.5,106.3,106.33,7713.0
2018-02-05 15:39:00,106.12799999999999,106.38,106.12799999999999,106.37,4613.0
2018-02-05 15:40:00,105.99,106.19,105.96,106.12,6204.0
2018-02-05 15:41:00,105.73,105.96,105.7092,105.94,6690.0
2018-02-05 15:42:00,105.95,106.01,105.68,105.74,12606.0
2018-02-05 15:43:00,106.09,106.09,105.86,105.93,4810.0
2018-02-05 15:44:00,106.19,106.24,105.97,106.05,4876.0
2018-02-05 15:45:00,106.07,106.21,106.07,106.18,4350.0
2018-02-05 15:46:00,105.88,106.15,105.82,106.13,9470.0
2018-02-05 15:47:00,105.72,105.87,105.6601,105.87,7477.0
2018-02-05 15:48:00,105.45,105.67,105.45,105.67,6794.0
2018-02-05 15:49:00,105.52,105.57,105.46,105.49,6186.0
2018-02-05 15:50:00,105.33,105.52,105.29,105.515,13667.0
2018-02-05 15:51:00,105.46,105.63,105.3401,105.37,8084.0
2018-02-05 15:52:00,105.37,105.52,105.37,105.52,10925.0
2018-02-05 15:53:00,105.265,105.39,105.25,105.35,15368.0
2018-02-05 15:54:00,105.23,105.39,105.2132,105.29,13293.0
2018-02-05 15:55:00,105.17,105.25,105.12,105.23,9887.0
2018-02-05 15:56:00,105.21,105.32,105.17,105.17,18622.0
2018-02-05 15:57:00,105.43,105.56,105.22,105.235,12632.0
2018-02-05 15:58:00,105.59,105.61,105.44,105.44,8424.0
2018-02-05 15:59:00,105.5,105.67,105.46,105.59,36870.0
2018-02-05 16:00:00,105.19,105.61,105.19,105.53,43456.0
2018-02-06 09:30:00,103.11,103.11,103.11,103.11,8899.0
2018-02-06 09:31:00,102.53,103.95,102.071,103.95,9913.0
2018-02-06 09:32:00,102.77,102.81,102.3279,102.51,2727.0
2018-02-06 09:33:00,103.195,103.33,102.81,102.81,3597.0
2018-02-06 09:34:00,103.67,103.68,103.43,103.43,1856.0
2018-02-06 09:35:00,104.25,104.25,103.645,103.645,3251.0
2018-02-06 09:36:00,104.34,104.34,104.34,104.34,100.0
2018-02-06 09:37:00,104.7,104.75,104.48,104.48,5785.0
2018-02-06 09:38:00,104.98,105.0,104.64,104.74,10600.0
2018-02-06 09:39:00,105.04,105.1432,104.98,104.98,800.0
2018-02-06 09:40:00,105.28,105.28,105.14,105.14,2300.0
2018-02-06 09:41:00,105.4288,105.4288,105.13,105.21,4628.0
2018-02-06 09:42:00,105.13,105.3,105.12,105.3,1200.0
2018-02-06 09:43:00,105.06,105.195,105.06,105.14,1384.0
2018-02-06 09:44:00,105.32,105.5648,105.25,105.3,6845.0
2018-02-06 09:45:00,104.97,105.42,104.97,105.31,3200.0
2018-02-06 09:46:00,105.0446,105.19,105.0,105.13,2832.0
2018-02-06 09:47:00,105.09,105.195,104.99,104.99,1800.0
2018-02-06 09:48:00,105.325,105.345,105.2,105.2,750.0
2018-02-06 09:49:00,105.4,105.45,105.27,105.43,3285.0
2018-02-06 09:50:00,105.55,105.55,105.42,105.52,700.0
2018-02-06 09:51:00,105.67,105.67,105.42,105.42,1100.0
2018-02-06 09:52:00,105.93,105.93,105.6501,105.77,4340.0
2018-02-06 09:53:00,106.05,106.05,105.76,105.87,5500.0
2018-02-06 09:54:00,106.12,106.15,105.955,105.955,852.0
2018-02-06 09:55:00,106.46,106.56,106.29,106.29,6462.0
2018-02-06 09:56:00,106.4,106.58,106.31,106.58,5900.0
2018-02-06 09:57:00,106.13,106.45,106.12,106.45,5944.0
2018-02-06 09:58:00,105.9,106.25,105.7,106.25,6009.0
2018-02-06 09:59:00,105.52,105.9752,105.52,105.9,2262.0
2018-02-06 10:00:00,105.86,105.86,105.57,105.57,3875.0
2018-02-06 10:01:00,106.21,106.21,105.85,105.93,3500.0
2018-02-06 10:02:00,106.195,106.24,106.14,106.15,1100.0
2018-02-06 10:03:00,106.4172,106.5,106.18,106.26,8707.0
2018-02-06 10:04:00,106.46,106.52,106.27,106.28,2740.0
2018-02-06 10:05:00,106.38,106.54899999999999,106.38,106.54899999999999,1953.0
2018-02-06 10:06:00,106.7,106.7,106.47,106.47,1000.0
2018-02-06 10:07:00,106.57,106.6317,106.49,106.62,4800.0
2018-02-06 10:08:00,106.42,106.48,106.35,106.46,1218.0
2018-02-06 10:09:00,106.15,106.57,106.08,106.315,4850.0
2018-02-06 10:10:00,106.29,106.29,106.06,106.26,3800.0
2018-02-06 10:11:00,106.38,106.49,106.23,106.29,10200.0
2018-02-06 10:12:00,106.35,106.52,106.31,106.48,9645.0
2018-02-06 10:13:00,106.22,106.34,105.995,106.34,3382.0
2018-02-06 10:14:00,105.9,106.22,105.83,106.22,1600.0
2018-02-06 10:15:00,105.8,106.07,105.8,105.99,3564.0
2018-02-06 10:16:00,105.56,105.89,105.56,105.89,1500.0
2018-02-06 10:17:00,105.2,105.6,105.2,105.48,3500.0
2018-02-06 10:18:00,105.24,105.29,105.06,105.19,3425.0
2018-02-06 10:19:00,105.05,105.22,104.725,105.06,4478.0
2018-02-06 10:20:00,105.39,105.46,105.04,105.22,7801.0
2018-02-06 10:21:00,105.52,105.83,105.2625,105.395,5432.0
2018-02-06 10:22:00,105.49,105.58,105.42,105.47,1400.0
2018-02-06 10:23:00,105.51,105.525,105.51,105.525,515.0
2018-02-06 10:24:00,105.38,105.38,105.38,105.38,300.0
2018-02-06 10:25:00,105.35,105.35,104.995,105.22,3217.0
2018-02-06 10:26:00,105.235,105.24,105.1581,105.24,1100.0
2018-02-06 10:27:00,105.44,105.5974,105.355,105.37,3820.0
2018-02-06 10:28:00,105.17,105.43,105.14,105.43,3100.0
2018-02-06 10:29:00,105.51,105.595,105.28,105.28,5440.0
2018-02-06 10:30:00,105.105,105.31,105.08,105.3024,2100.0
2018-02-06 10:31:00,104.83,105.09,104.83,105.09,1500.0
2018-02-06 10:32:00,105.02,105.02,104.84,104.94,1000.0
2018-02-06 10:33:00,104.9598,105.09,104.6,104.88,3425.0
2018-02-06 10:34:00,104.88,105.17,104.87,105.06,5640.0
2018-02-06 10:35:00,104.98,105.08,104.8,104.93,1910.0
2018-02-06 10:36:00,104.91,104.9182,104.73,104.9182,2800.0
2018-02-06 10:37:00,104.755,104.99,104.755,104.94,2610.0
2018-02-06 10:38:00,104.93,104.93,104.5301,104.64,1881.0
2018-02-06 10:39:00,104.84,104.94,104.765,104.83,3070.0
2018-02-06 10:40:00,104.95,105.04,104.93,104.93,524.0
2018-02-06 10:41:00,105.06,105.23,105.04,105.05,3380.0
2018-02-06 10:42:00,104.78,104.96,104.64,104.96,2700.0
2018-02-06 10:43:00,104.98,105.19,104.8,104.95,4004.0
2018-02-06 10:44:00,104.92,104.93,104.88,104.93,800.0
2018-02-06 10:45:00,105.22,105.35,104.9,104.9,4638.0
2018-02-06 10:46:00,105.6578,105.6578,105.21,105.21,856.0
2018-02-06 10:47:00,105.48,105.6,105.19,105.46,5685.0
2018-02-06 10:48:00,105.345,105.345,105.191,105.3,3500.0
2018-02-06 10:49:00,105.6,105.6,105.45,105.45,1644.0
2018-02-06 10:50:00,105.48899999999999,105.69,105.28,105.63,4700.0
2018-02-06 10:51:00,105.2,105.54,105.19,105.4075,2400.0
2018-02-06 10:52:00,105.1985,105.1985,105.04,105.11,2088.0
2018-02-06 10:53:00,105.6,105.695,105.25,105.25,2400.0
2018-02-06 10:54:00,105.64,105.69,105.45,105.6,1400.0
2018-02-06 10:55:00,105.57,105.79,105.57,105.63,2000.0
2018-02-06 10:56:00,105.77,105.77,105.695,105.73,800.0
2018-02-06 10:57:00,105.4,105.71,105.4,105.71,1060.0
2018-02-06 10:58:00,105.22,105.53,105.22,105.4101,5045.0
2018-02-06 10:59:00,105.23,105.305,105.23,105.305,200.0
2018-02-06 11:01:00,105.06,105.215,105.06,105.21,2500.0
2018-02-06 11:02:00,105.14,105.15,105.0,105.07,11299.0
2018-02-06 11:03:00,105.165,105.23,105.14,105.14,1430.0
2018-02-06 11:04:00,105.32,105.35,105.25,105.35,1296.0
2018-02-06 11:05:00,105.07,105.32,105.07,105.32,3102.0
2018-02-06 11:06:00,105.41,105.41,105.15,105.16,2364.0
2018-02-06 11:07:00,105.13,105.4,105.13,105.4,3600.0
2018-02-06 11:08:00,105.24,105.35,105.1791,105.1791,2185.0
2018-02-06 11:09:00,105.03,105.215,105.03,105.215,1300.0
2018-02-06 11:10:00,105.02,105.07,104.75,105.035,6366.0
2018-02-06 11:11:00,104.986,105.04,104.87,105.04,1534.0
2018-02-06 11:12:00,105.1,105.27,104.94,104.94,2436.0
2018-02-06 11:13:00,104.9,105.1398,104.9,105.1398,2600.0
2018-02-06 11:14:00,104.9048,104.9048,104.9048,104.9048,405.0
2018-02-06 11:15:00,105.135,105.135,105.01,105.01,2164.0
2018-02-06 11:17:00,105.2,105.34,105.155,105.155,2900.0
2018-02-06 11:18:00,105.09,105.24700000000001,105.09,105.24700000000001,949.0
2018-02-06 11:20:00,105.13,105.15,104.97,105.08,3745.0
2018-02-06 11:21:00,105.03,105.21,104.95,105.135,1720.0
2018-02-06 11:22:00,104.92,105.01,104.89,104.98,2541.0
2018-02-06 11:23:00,105.03,105.06,104.87,104.99,2100.0
2018-02-06 11:24:00,105.0,105.0,104.98,105.0,300.0
2018-02-06 11:25:00,104.88,104.93,104.82,104.89,2557.0
2018-02-06 11:26:00,104.56,104.84,104.56,104.84,3502.0
2018-02-06 11:27:00,104.958,104.958,104.67,104.67,2375.0
2018-02-06 11:28:00,104.885,104.885,104.7339,104.83,1420.0
2018-02-06 11:29:00,104.73,104.84,104.73,104.81,400.0
2018-02-06 11:30:00,104.54,104.65,104.51,104.65,600.0
2018-02-06 11:31:00,104.61,104.61,104.5,104.585,3127.0
2018-02-06 11:32:00,104.34,104.55,104.34,104.55,2479.0
2018-02-06 11:33:00,104.5,104.62,104.415,104.44,1500.0
2018-02-06 11:34:00,104.42,104.5804,104.41,104.5804,7952.0
2018-02-06 11:35:00,104.48,104.48,104.34,104.38,2500.0
2018-02-06 11:36:00,104.57,104.59,104.44,104.45,1300.0
2018-02-06 11:37:00,104.58,104.67,104.44,104.48,5100.0
2018-02-06 11:38:00,104.47,104.66,104.47,104.63,2300.0
2018-02-06 11:39:00,104.7,104.75,104.4,104.4,1800.0
2018-02-06 11:41:00,104.94,104.94,104.77,104.77,2300.0
2018-02-06 11:42:00,104.85,104.97,104.7548,104.97,5400.0
2018-02-06 11:43:00,104.76,104.82,104.72,104.81,4697.0
2018-02-06 11:44:00,104.665,104.7594,104.665,104.72,800.0
2018-02-06 11:45:00,104.63,104.7,104.57,104.63,10850.0
2018-02-06 11:46:00,104.58,104.635,104.56,104.635,800.0
2018-02-06 11:47:00,104.7,104.79,104.69,104.7,3239.0
2018-02-06 11:48:00,105.01,105.01,104.76,104.83,6256.0
2018-02-06 11:49:00,104.62,104.89,104.62,104.88,4624.0
2018-02-06 11:50:00,104.99,105.03,104.7825,104.7825,1725.0
2018-02-06 11:51:00,104.99,105.08,104.93,105.07,1040.0
2018-02-06 11:52:00,105.14,105.14,104.985,104.985,2764.0
2018-02-06 11:53:00,105.19,105.29,105.12,105.2,4593.0
2018-02-06 11:54:00,105.3,105.34,105.24,105.24,1200.0
2018-02-06 11:55:00,105.08,105.35,105.08,105.3,3500.0
2018-02-06 11:56:00,105.41,105.41,105.15,105.16,3346.0
2018-02-06 11:57:00,105.225,105.35,105.17,105.35,1945.0
2018-02-06 11:58:00,105.13,105.28,105.13,105.25,1384.0
2018-02-06 11:59:00,104.99,105.12,104.99,105.12,300.0
2018-02-06 12:01:00,105.1,105.12,105.0,105.05,2200.0
2018-02-06 12:02:00,105.07,105.1,104.98,105.1,1800.0
2018-02-06 12:03:00,105.15,105.15,105.09,105.13,1000.0
2018-02-06 12:04:00,105.17,105.22,105.17,105.18,500.0
2018-02-06 12:05:00,105.15,105.24,105.15,105.24,1381.0
2018-02-06 12:06:00,105.195,105.27,105.15,105.19,1900.0
2018-02-06 12:07:00,105.37,105.37,105.27,105.27,300.0
2018-02-06 12:08:00,105.31,105.31,105.26,105.31,675.0
2018-02-06 12:09:00,105.4,105.42,105.34,105.35,1800.0
2018-02-06 12:10:00,105.44,105.55,105.44,105.45,1400.0
2018-02-06 12:11:00,105.305,105.43,105.305,105.43,1169.0
2018-02-06 12:12:00,105.3148,105.3148,105.3148,105.3148,200.0
2018-02-06 12:13:00,105.49,105.56,105.37,105.37,2700.0
2018-02-06 12:14:00,105.58,105.58,105.5198,105.5198,200.0
2018-02-06 12:15:00,105.65,105.67,105.52,105.67,1500.0
2018-02-06 12:16:00,105.72,105.77,105.66,105.71,700.0
2018-02-06 12:17:00,105.63,105.85,105.63,105.78,2400.0
2018-02-06 12:18:00,105.66,105.85,105.64,105.72,1800.0
2018-02-06 12:19:00,105.595,105.62,105.575,105.62,400.0
2018-02-06 12:20:00,105.51,105.63,105.5,105.52,1800.0
2018-02-06 12:21:00,105.655,105.74,105.64,105.66,600.0
2018-02-06 12:22:00,105.54,105.64,105.49,105.61,800.0
2018-02-06 12:23:00,105.49,105.615,105.49,105.59,700.0
2018-02-06 12:25:00,105.59,105.69,105.59,105.69,1100.0
2018-02-06 12:26:00,105.64,105.72,105.61,105.72,2000.0
2018-02-06 12:27:00,105.79,105.79,105.71,105.71,800.0
2018-02-06 12:28:00,105.84,105.84,105.71,105.73,600.0
2018-02-06 12:29:00,106.02,106.07,105.74,105.85,10771.0
2018-02-06 12:30:00,106.37,106.37,105.95,105.96,1100.0
2018-02-06 12:31:00,106.44,106.61,106.32,106.33,2892.0
2018-02-06 12:32:00,106.225,106.415,106.225,106.4,1107.0
2018-02-06 12:33:00,106.18,106.28,106.15,106.16,2470.0
2018-02-06 12:34:00,106.22,106.22,106.22,106.22,100.0
2018-02-06 12:36:00,106.09,106.15,106.07,106.1,1700.0
2018-02-06 12:37:00,106.09,106.14,106.05,106.05,1200.0
2018-02-06 12:38:00,105.995,106.03,105.9,106.01,1766.0
2018-02-06 12:39:00,106.5,106.5,106.02,106.02,2562.0
2018-02-06 12:40:00,106.49,106.52,106.34,106.42,10678.0
2018-02-06 12:41:00,106.33,106.51,106.23,106.49,5852.0
2018-02-06 12:42:00,106.24,106.34,106.24,106.34,507.0
2018-02-06 12:43:00,106.11,106.2789,106.11,106.2789,1911.0
2018-02-06 12:44:00,106.035,106.165,106.02,106.1,900.0
2018-02-06 12:45:00,105.855,105.98,105.855,105.98,643.0
2018-02-06 12:46:00,105.79,105.865,105.79,105.865,300.0
2018-02-06 12:47:00,105.76,105.86,105.61,105.86,3218.0
2018-02-06 12:48:00,105.76,105.88,105.74,105.829,1528.0
2018-02-06 12:49:00,105.66,105.81,105.66,105.78,1540.0
2018-02-06 12:50:00,105.64,105.64,105.54,105.57,500.0
2018-02-06 12:51:00,105.66,105.77,105.64,105.72,1090.0
2018-02-06 12:52:00,105.44,105.72,105.44,105.71,2540.0
2018-02-06 12:53:00,105.36,105.49,105.29,105.47,2700.0
2018-02-06 12:54:00,105.38,105.51,105.3,105.3,2600.0
2018-02-06 12:55:00,105.43,105.44,105.34,105.3712,2119.0
2018-02-06 12:56:00,105.31,105.49,105.31,105.43,800.0
2018-02-06 12:57:00,105.4,105.4,105.3371,105.37,428.0
2018-02-06 12:58:00,105.35,105.35,105.23,105.32,1613.0
2018-02-06 12:59:00,105.45,105.45,105.24,105.24,748.0
2018-02-06 13:00:00,105.53,105.645,105.52,105.52,1200.0
2018-02-06 13:01:00,105.37,105.45,105.17,105.45,1400.0
2018-02-06 13:02:00,105.315,105.315,105.315,105.315,200.0
2018-02-06 13:03:00,105.1,105.39,105.1,105.39,7200.0
2018-02-06 13:04:00,105.055,105.15,105.0,105.05,2600.0
2018-02-06 13:05:00,105.21,105.25,105.07,105.07,2100.0
2018-02-06 13:06:00,105.2643,105.34,105.14,105.21,6516.0
2018-02-06 13:07:00,105.29,105.29,105.29,105.29,100.0
2018-02-06 13:08:00,105.2,105.22,105.15,105.18,2900.0
2018-02-06 13:09:00,105.1,105.17,105.06,105.13,3904.0
2018-02-06 13:10:00,104.93,105.05,104.92,105.0,905.0
2018-02-06 13:11:00,105.06,105.07,104.92,104.92,2400.0
2018-02-06 13:12:00,105.02,105.17,104.99,105.09,1750.0
2018-02-06 13:13:00,105.14,105.19,105.02,105.03,1700.0
2018-02-06 13:14:00,105.305,105.37,105.18,105.19,4000.0
2018-02-06 13:15:00,105.28,105.315,105.26,105.31,900.0
2018-02-06 13:16:00,105.27,105.29,105.15,105.24,3300.0
2018-02-06 13:17:00,105.28,105.33,105.24,105.28,4529.0
2018-02-06 13:18:00,105.36,105.38,105.29,105.33,2780.0
2018-02-06 13:19:00,105.33,105.44,105.33,105.36,3360.0
2018-02-06 13:20:00,105.46,105.48,105.43,105.43,720.0
2018-02-06 13:21:00,105.31,105.49,105.3,105.46,1820.0
2018-02-06 13:22:00,105.325,105.34,105.27,105.33,900.0
2018-02-06 13:23:00,105.32,105.34,105.3,105.34,500.0
2018-02-06 13:24:00,105.29,105.29,105.17,105.25,2430.0
2018-02-06 13:25:00,105.315,105.34,105.24,105.325,2094.0
2018-02-06 13:26:00,105.47,105.47,105.37,105.37,600.0
2018-02-06 13:27:00,105.395,105.46,105.39,105.46,964.0
2018-02-06 13:28:00,105.32,105.39,105.29,105.39,1500.0
2018-02-06 13:29:00,105.245,105.29,105.18,105.27,1000.0
2018-02-06 13:30:00,105.3,105.35,105.24,105.24,1280.0
2018-02-06 13:31:00,105.17,105.33,105.17,105.33,1100.0
2018-02-06 13:32:00,105.14,105.18,105.12,105.14,800.0
2018-02-06 13:33:00,105.16,105.2,105.14,105.16,1000.0
2018-02-06 13:34:00,104.97,105.11,104.97,105.11,4475.0
2018-02-06 13:35:00,105.03,105.03,104.92,105.0,3980.0
2018-02-06 13:36:00,105.1,105.1,104.94,105.015,4260.0
2018-02-06 13:37:00,105.33,105.33,105.02,105.02,2300.0
2018-02-06 13:38:00,105.4125,105.47,105.41,105.42,1411.0
2018-02-06 13:39:00,105.38,105.52,105.35,105.52,1500.0
2018-02-06 13:40:00,105.5,105.5,105.5,105.5,100.0
2018-02-06 13:41:00,105.305,105.39,105.3,105.38,2510.0
2018-02-06 13:42:00,105.08,105.26,105.08,105.22,1539.0
2018-02-06 13:43:00,105.09,105.17,105.09,105.15,2400.0
2018-02-06 13:44:00,105.18,105.24,105.03,105.09,1500.0
2018-02-06 13:45:00,105.16,105.21,105.16,105.2,1000.0
2018-02-06 13:46:00,105.1,105.19,105.04,105.19,600.0
2018-02-06 13:47:00,105.27,105.27,105.11,105.11,1324.0
2018-02-06 13:48:00,105.23,105.24,105.18,105.23,1419.0
2018-02-06 13:49:00,105.07,105.2278,105.06,105.2278,3150.0
2018-02-06 13:50:00,105.23,105.23,105.13,105.13,700.0
2018-02-06 13:51:00,105.24,105.24,105.24,105.24,100.0
2018-02-06 13:52:00,105.24,105.29,105.11,105.27,2500.0
2018-02-06 13:53:00,105.15,105.2,105.11,105.2,1945.0
2018-02-06 13:54:00,105.19,105.19,105.08,105.08,900.0
2018-02-06 13:55:00,105.11,105.15,105.1,105.15,1100.0
2018-02-06 13:56:00,105.15,105.22,105.15,105.16,1700.0
2018-02-06 13:57:00,105.21,105.21,105.12,105.12,1400.0
2018-02-06 13:58:00,105.05,105.23,105.05,105.22,1900.0
2018-02-06 13:59:00,105.15,105.24,105.15,105.16,2009.0
2018-02-06 14:00:00,104.96,105.2,104.96,105.18,2000.0
2018-02-06 14:01:00,105.05,105.05,105.005,105.005,400.0
2018-02-06 14:02:00,105.03,105.065,105.02,105.065,1253.0
2018-02-06 14:03:00,105.04,105.1,104.98,105.01,3200.0
2018-02-06 14:04:00,104.99,105.04,104.99,105.04,600.0
2018-02-06 14:05:00,105.01,105.03,104.96,105.03,1673.0
2018-02-06 14:06:00,105.0,105.05,104.89,104.99,2900.0
2018-02-06 14:07:00,105.01,105.01,105.01,105.01,100.0
2018-02-06 14:08:00,104.97,105.0,104.97,105.0,400.0
2018-02-06 14:09:00,104.99,105.0,104.95,104.95,2400.0
2018-02-06 14:10:00,104.85,105.01,104.85,105.01,2898.0
2018-02-06 14:11:00,105.04,105.12,104.9,104.9,1420.0
2018-02-06 14:12:00,105.17,105.17,104.95,104.96,1153.0
2018-02-06 14:13:00,105.1,105.15,105.054,105.11,1100.0
2018-02-06 14:14:00,105.17,105.17,105.06,105.1,700.0
2018-02-06 14:15:00,105.2001,105.35,105.13,105.17,1650.0
2018-02-06 14:16:00,105.13,105.13,105.03,105.13,604.0
2018-02-06 14:17:00,105.06,105.18,105.06,105.105,500.0
2018-02-06 14:18:00,105.03,105.04,105.03,105.04,300.0
2018-02-06 14:19:00,104.98,105.01,104.86,104.96,1200.0
2018-02-06 14:20:00,105.01,105.04,104.91,104.99,1523.0
2018-02-06 14:21:00,105.05,105.05,104.84,104.93,1100.0
2018-02-06 14:22:00,105.09,105.09,104.99,105.01,2250.0
2018-02-06 14:23:00,105.08,105.12,105.07,105.1,2400.0
2018-02-06 14:24:00,105.105,105.105,105.07,105.07,600.0
2018-02-06 14:25:00,104.98,105.07,104.98,105.07,1200.0
2018-02-06 14:26:00,104.98,104.98,104.95,104.95,412.0
2018-02-06 14:27:00,105.05,105.12,105.03,105.03,3562.0
2018-02-06 14:28:00,104.9001,105.08,104.9001,104.95,1362.0
2018-02-06 14:29:00,105.15,105.15,105.06,105.07,2570.0
2018-02-06 14:30:00,105.07,105.1135,105.01,105.07,765.0
2018-02-06 14:31:00,105.02,105.02,104.9,105.02,2140.0
2018-02-06 14:32:00,105.11,105.11,105.02,105.03,500.0
2018-02-06 14:33:00,105.19,105.31,105.13,105.13,3020.0
2018-02-06 14:34:00,105.23,105.25,105.14,105.14,900.0
2018-02-06 14:35:00,105.4,105.4,105.31,105.31,500.0
2018-02-06 14:36:00,105.62,105.62,105.41,105.41,1847.0
2018-02-06 14:37:00,105.4,105.53,105.27,105.5,4603.0
2018-02-06 14:38:00,105.35,105.51,105.35,105.41,2080.0
2018-02-06 14:39:00,105.51,105.51,105.29,105.29,1520.0
2018-02-06 14:40:00,105.36,105.56,105.36,105.49,2207.0
2018-02-06 14:41:00,105.425,105.425,105.36,105.42200000000001,900.0
2018-02-06 14:42:00,105.37,105.47,105.37,105.47,600.0
2018-02-06 14:43:00,105.45,105.46,105.36200000000001,105.37,1375.0
2018-02-06 14:44:00,105.44,105.44,105.27,105.43,2000.0
2018-02-06 14:45:00,105.51,105.55,105.45,105.46,1685.0
2018-02-06 14:46:00,105.58,105.71,105.58,105.64,822.0
2018-02-06 14:47:00,105.84,105.84,105.74,105.75,400.0
2018-02-06 14:48:00,105.96,105.96,105.84,105.94,1200.0
2018-02-06 14:49:00,105.87,106.095,105.87,105.93,4110.0
2018-02-06 14:50:00,106.0,106.1,105.9,105.9,3892.0
2018-02-06 14:51:00,106.18,106.32,106.06200000000001,106.07,5260.0
2018-02-06 14:52:00,106.25,106.28,106.13,106.17,1900.0
2018-02-06 14:53:00,106.14,106.165,106.04,106.16,2500.0
2018-02-06 14:54:00,106.18,106.195,106.14,106.17,2333.0
2018-02-06 14:55:00,106.33,106.33,106.18,106.22,500.0
2018-02-06 14:56:00,106.68,106.68,106.42,106.42,1400.0
2018-02-06 14:57:00,106.5,106.725,106.5,106.67,5420.0
2018-02-06 14:58:00,106.78,106.78,106.38,106.38,2400.0
2018-02-06 14:59:00,106.7,106.81,106.68,106.77,4696.0
2018-02-06 15:00:00,106.81,106.94,106.74,106.75,1700.0
2018-02-06 15:01:00,106.86,106.95,106.82,106.86,3168.0
2018-02-06 15:02:00,107.11,107.11,106.86,106.86,2551.0
2018-02-06 15:03:00,107.15,107.3,106.985,107.2,5400.0
2018-02-06 15:04:00,107.11,107.2,107.0333,107.13,4335.0
2018-02-06 15:05:00,107.3,107.38,107.14,107.14,1102.0
2018-02-06 15:06:00,107.45,107.53,107.24,107.31,7007.0
2018-02-06 15:07:00,107.65,107.67,107.44,107.51,5933.0
2018-02-06 15:08:00,107.78,107.82,107.7,107.7,1783.0
2018-02-06 15:09:00,107.78,107.84,107.68,107.84,6814.0
2018-02-06 15:10:00,107.95,108.02,107.69,107.76,5724.0
2018-02-06 15:11:00,107.76,108.01100000000001,107.68,108.01100000000001,4100.0
2018-02-06 15:12:00,107.75,107.86,107.73,107.79,2700.0
2018-02-06 15:13:00,107.81,107.82,107.69,107.78,2300.0
2018-02-06 15:14:00,107.73,107.81,107.71,107.81,2300.0
2018-02-06 15:15:00,107.52,107.72,107.45,107.67,4000.0
2018-02-06 15:16:00,107.71,107.72,107.53,107.53,3343.0
2018-02-06 15:17:00,107.56,107.6724,107.56,107.63,1326.0
2018-02-06 15:18:00,107.38,107.48,107.37,107.48,1200.0
2018-02-06 15:19:00,107.14,107.44,107.14,107.43,1410.0
2018-02-06 15:20:00,107.11,107.16,107.01,107.04,3260.0
2018-02-06 15:21:00,107.225,107.25,107.11,107.11,2093.0
2018-02-06 15:22:00,107.36,107.43,107.26,107.26,3004.0
2018-02-06 15:23:00,107.015,107.25,106.98,107.25,2900.0
2018-02-06 15:24:00,107.0,107.11,107.0,107.06,1578.0
2018-02-06 15:25:00,107.01,107.09,106.99,106.99,2500.0
2018-02-06 15:26:00,107.1,107.19,106.99,106.99,2301.0
2018-02-06 15:27:00,107.25,107.25,107.15,107.15,1861.0
2018-02-06 15:28:00,107.2,107.28,107.15,107.18,2000.0
2018-02-06 15:29:00,107.28,107.31,107.21,107.23,4200.0
2018-02-06 15:30:00,107.3575,107.3575,107.28,107.28,1271.0
2018-02-06 15:31:00,107.2,107.35,107.16,107.34,4740.0
2018-02-06 15:32:00,107.25,107.25,107.07,107.12,3155.0
2018-02-06 15:33:00,107.09,107.26,107.03,107.26,1940.0
2018-02-06 15:34:00,107.38,107.42,107.07,107.12,4968.0
2018-02-06 15:35:00,107.36,107.46,107.28,107.33,2100.0
2018-02-06 15:36:00,107.48,107.48,107.13,107.26,2869.0
2018-02-06 15:37:00,107.55,107.55,107.45,107.4923,3400.0
2018-02-06 15:38:00,107.61,107.66,107.55,107.55,3600.0
2018-02-06 15:39:00,107.58,107.64,107.57,107.63,1300.0
2018-02-06 15:40:00,107.72,107.72,107.59,107.63,2425.0
2018-02-06 15:41:00,107.84,107.86,107.71,107.71,8463.0
2018-02-06 15:42:00,107.84,107.84,107.6012,107.81,4066.0
2018-02-06 15:43:00,107.71,107.82,107.71,107.81,1860.0
2018-02-06 15:44:00,107.64,107.75,107.6,107.67,6071.0
2018-02-06 15:45:00,107.39,107.62,107.39,107.62,2000.0
2018-02-06 15:46:00,107.3,107.47,107.29,107.36,4000.0
2018-02-06 15:47:00,107.1501,107.31,107.1501,107.31,2983.0
2018-02-06 15:48:00,107.07,107.27,107.05,107.24,3817.0
2018-02-06 15:49:00,107.08,107.095,106.96,107.09,5922.0
2018-02-06 15:50:00,106.895,107.11,106.84,107.1,5869.0
2018-02-06 15:51:00,106.89,106.99,106.79,106.92,5143.0
2018-02-06 15:52:00,106.56,106.87,106.56,106.87,2136.0
2018-02-06 15:53:00,106.889,106.89,106.59,106.59,3200.0
2018-02-06 15:54:00,107.02,107.03,106.85,106.95,7764.0
2018-02-06 15:55:00,106.87,107.01,106.82,107.01,5756.0
2018-02-06 15:56:00,106.86,106.8889,106.75,106.8889,6109.0
2018-02-06 15:57:00,107.15,107.24,106.87,106.87,7000.0
2018-02-06 15:58:00,107.14,107.26,107.06,107.12,10411.0
2018-02-06 15:59:00,107.03,107.24,106.96,107.14,13440.0
2018-02-06 16:00:00,107.32,107.35,106.9,106.96,19382.0
2018-02-07 09:30:00,106.59,106.59,106.59,106.59,6024.0
2018-02-07 09:31:00,106.6,106.7,106.59,106.59,300.0
2018-02-07 09:33:00,106.92,106.92,106.895,106.895,200.0
2018-02-07 09:35:00,106.95,106.95,106.95,106.95,100.0
2018-02-07 09:36:00,107.24,107.24,106.955,106.955,811.0
2018-02-07 09:40:00,107.62,107.62,107.465,107.465,300.0
2018-02-07 09:42:00,108.07,108.07,107.49,107.49,3882.0
2018-02-07 09:43:00,107.87,107.89,107.8,107.89,1395.0
2018-02-07 09:44:00,107.79,107.9,107.78,107.89,1000.0
2018-02-07 09:45:00,107.8,107.91,107.79,107.79,1889.0
2018-02-07 09:46:00,108.06,108.265,107.94,107.94,1300.0
2018-02-07 09:47:00,107.81,108.05,107.81,108.02,1500.0
2018-02-07 09:48:00,107.57,107.79,107.53,107.79,2085.0
2018-02-07 09:49:00,107.3,107.5,107.28,107.5,1300.0
2018-02-07 09:50:00,107.4,107.4,107.24,107.3378,577.0
2018-02-07 09:51:00,107.5,107.5,107.32,107.32,1551.0
2018-02-07 09:54:00,107.94,107.94,107.73,107.7548,1500.0
2018-02-07 09:56:00,107.68,107.86,107.62,107.72,4447.0
2018-02-07 09:57:00,107.87,108.0,107.87,107.945,1471.0
2018-02-07 09:58:00,107.86,107.94,107.86,107.94,600.0
2018-02-07 09:59:00,108.02,108.135,107.89,108.135,9800.0
2018-02-07 10:00:00,108.0,108.0,107.9,107.9,300.0
2018-02-07 10:01:00,107.79,107.955,107.7801,107.91,1500.0
2018-02-07 10:02:00,107.78,107.815,107.77,107.79,1000.0
2018-02-07 10:03:00,107.62,107.77,107.62,107.77,1115.0
2018-02-07 10:04:00,107.67,107.71,107.57,107.59,6175.0
2018-02-07 10:05:00,107.56,107.7,107.55,107.7,3421.0
2018-02-07 10:06:00,107.6,107.88,107.52,107.55,40816.0
2018-02-07 10:07:00,107.6,107.78,107.55,107.6,18500.0
2018-02-07 10:08:00,107.555,107.71,107.51,107.55,35058.0
2018-02-07 10:09:00,107.65,107.66,107.55,107.6,13911.0
2018-02-07 10:10:00,107.585,107.62,107.54,107.6,4509.0
2018-02-07 10:11:00,107.37,107.61,107.37,107.55,3800.0
2018-02-07 10:12:00,107.6,107.64,107.44,107.44,1900.0
2018-02-07 10:13:00,107.565,107.565,107.565,107.565,100.0
2018-02-07 10:14:00,107.6,107.66,107.54,107.58,6807.0
2018-02-07 10:15:00,107.565,107.58,107.5,107.54,1840.0
2018-02-07 10:16:00,107.47,107.68,107.47,107.58,12007.0
2018-02-07 10:17:00,107.42,107.42,107.32,107.32,400.0
2018-02-07 10:18:00,107.5,107.5,107.23,107.27,2461.0
2018-02-07 10:19:00,107.61,107.655,107.51,107.56,4100.0
2018-02-07 10:20:00,107.5,107.615,107.5,107.615,1000.0
2018-02-07 10:21:00,107.56,107.59,107.5,107.52,1700.0
2018-02-07 10:22:00,107.29,107.49,107.29,107.48,1100.0
2018-02-07 10:23:00,107.26,107.31,107.21,107.251,4178.0
2018-02-07 10:24:00,107.38,107.38,107.12,107.12,1300.0
2018-02-07 10:25:00,107.26,107.5021,107.26,107.5021,700.0
2018-02-07 10:26:00,107.33,107.39,107.27,107.39,400.0
2018-02-07 10:27:00,107.3965,107.41,107.315,107.32,824.0
2018-02-07 10:28:00,107.42,107.48,107.34,107.35,600.0
2018-02-07 10:29:00,107.49,107.49,107.4,107.41,1090.0
2018-02-07 10:30:00,107.57,107.57,107.5,107.5,1800.0
2018-02-07 10:31:00,107.595,107.64,107.48,107.585,4407.0
2018-02-07 10:32:00,107.58,107.725,107.55,107.57,3154.0
2018-02-07 10:33:00,107.58,107.66,107.55,107.55,2300.0
2018-02-07 10:34:00,107.45,107.55,107.45,107.55,500.0
2018-02-07 10:35:00,107.46,107.46,107.36,107.39,1502.0
2018-02-07 10:36:00,107.37,107.43,107.37,107.4,1160.0
2018-02-07 10:37:00,107.54899999999999,107.54899999999999,107.36,107.36,640.0
2018-02-07 10:38:00,107.415,107.5,107.35,107.5,657.0
2018-02-07 10:40:00,107.52,107.56,107.48,107.48,600.0
2018-02-07 10:41:00,107.44,107.54,107.44,107.515,16400.0
2018-02-07 10:42:00,107.51,107.57,107.51,107.52,6900.0
2018-02-07 10:43:00,107.46,107.53,107.46,107.49,1900.0
2018-02-07 10:44:00,107.58,107.62,107.45,107.48,6100.0
2018-02-07 10:45:00,107.32,107.58,107.28,107.58,5000.0
2018-02-07 10:46:00,107.465,107.465,107.34,107.3599,1425.0
2018-02-07 10:47:00,107.6171,107.6171,107.47,107.514,7699.0
2018-02-07 10:48:00,107.56,107.66,107.53,107.585,3451.0
2018-02-07 10:49:00,107.555,107.59,107.49,107.56,1264.0
2018-02-07 10:51:00,107.575,107.63,107.52,107.63,13943.0
2018-02-07 10:53:00,107.58,107.59,107.55,107.58,700.0
2018-02-07 10:54:00,107.555,107.58,107.53,107.53,2600.0
2018-02-07 10:55:00,107.56,107.61,107.54,107.55,15846.0
2018-02-07 10:56:00,107.73,107.73,107.57,107.63,8232.0
2018-02-07 10:57:00,107.775,107.92,107.75,107.79,2400.0
2018-02-07 10:58:00,107.8,107.8,107.79,107.79,401.0
2018-02-07 10:59:00,107.92,107.98,107.87,107.87,400.0
2018-02-07 11:00:00,107.935,107.98,107.87,107.925,500.0
2018-02-07 11:01:00,107.81,107.9248,107.81,107.9,2550.0
2018-02-07 11:02:00,107.86,107.86,107.75,107.8,400.0
2018-02-07 11:03:00,107.88,107.99,107.88,107.949,772.0
2018-02-07 11:04:00,107.91,108.03,107.9,108.03,592.0
2018-02-07 11:05:00,107.935,107.94,107.89,107.91,2300.0
2018-02-07 11:07:00,108.02,108.08,108.02,108.08,400.0
2018-02-07 11:08:00,108.13,108.13,108.0,108.01,1200.0
2018-02-07 11:09:00,108.035,108.14,108.03,108.05,2626.0
2018-02-07 11:10:00,108.05,108.14,108.035,108.035,1200.0
2018-02-07 11:11:00,107.92,108.06,107.92,108.06,2400.0
2018-02-07 11:12:00,107.95,108.01,107.935,107.935,1320.0
2018-02-07 11:13:00,107.95,108.03,107.95,107.98,4101.0
2018-02-07 11:14:00,107.92,108.0,107.89,107.98,10850.0
2018-02-07 11:15:00,107.94,107.98,107.93,107.95,19020.0
2018-02-07 11:16:00,107.9328,107.975,107.9328,107.95,6900.0
2018-02-07 11:17:00,107.97,108.015,107.88,107.95,6412.0
2018-02-07 11:18:00,107.94,108.01,107.94,108.0,8450.0
2018-02-07 11:19:00,107.96,107.96,107.9,107.95,900.0
2018-02-07 11:20:00,107.95,107.96,107.95,107.95,400.0
2018-02-07 11:21:00,107.94,107.97,107.91,107.91,600.0
2018-02-07 11:22:00,107.925,107.925,107.89,107.925,500.0
2018-02-07 11:23:00,107.9,107.925,107.89,107.925,700.0
2018-02-07 11:24:00,107.86,107.92,107.85,107.9,2050.0
2018-02-07 11:25:00,107.9,107.9,107.8382,107.8382,1445.0
2018-02-07 11:26:00,107.89,107.98,107.89,107.93,1400.0
2018-02-07 11:27:00,107.82,107.89,107.82,107.89,1194.0
2018-02-07 11:28:00,107.81,107.87,107.81,107.835,781.0
2018-02-07 11:29:00,107.74,107.805,107.74,107.805,800.0
2018-02-07 11:30:00,107.565,107.73,107.55,107.73,1900.0
2018-02-07 11:31:00,107.46,107.6,107.46,107.54,2200.0
2018-02-07 11:32:00,107.33,107.35,107.21,107.35,1551.0
2018-02-07 11:33:00,107.52,107.52,107.44,107.45,800.0
2018-02-07 11:35:00,107.5285,107.5285,107.5285,107.5285,117.0
2018-02-07 11:36:00,107.5599,107.5599,107.5599,107.5599,100.0
2018-02-07 11:37:00,107.55,107.55,107.54,107.54,200.0
2018-02-07 11:38:00,107.54,107.61,107.5,107.5,2302.0
2018-02-07 11:39:00,107.37,107.53,107.37,107.49,1500.0
2018-02-07 11:40:00,107.45,107.46,107.45,107.46,200.0
2018-02-07 11:41:00,107.48,107.48,107.43,107.475,300.0
2018-02-07 11:42:00,107.4,107.405,107.37,107.39,700.0
2018-02-07 11:44:00,107.51,107.56,107.44,107.44,2258.0
2018-02-07 11:45:00,107.53,107.58,107.53,107.58,700.0
2018-02-07 11:46:00,107.5,107.63,107.5,107.61,1200.0
2018-02-07 11:47:00,107.5,107.5,107.365,107.41,600.0
2018-02-07 11:48:00,107.52,107.52,107.45,107.45,400.0
2018-02-07 11:49:00,107.4509,107.4509,107.45,107.45,796.0
2018-02-07 11:50:00,107.39,107.41,107.39,107.41,400.0
2018-02-07 11:51:00,107.3325,107.415,107.25,107.415,2900.0
2018-02-07 11:52:00,107.39,107.39,107.3,107.33,800.0
2018-02-07 11:53:00,107.4301,107.44,107.4301,107.44,200.0
2018-02-07 11:54:00,107.49,107.53,107.45,107.51,1110.0
2018-02-07 11:56:00,107.42,107.58,107.36,107.58,2000.0
2018-02-07 11:57:00,107.47,107.47,107.45,107.45,400.0
2018-02-07 11:58:00,107.58,107.58,107.535,107.58,700.0
2018-02-07 11:59:00,107.64,107.64,107.6,107.6,400.0
2018-02-07 12:00:00,107.73,107.73,107.61,107.63,1062.0
2018-02-07 12:01:00,107.69,107.74799999999999,107.69,107.69,700.0
2018-02-07 12:02:00,107.79,107.81,107.68,107.69,900.0
2018-02-07 12:03:00,107.8089,107.8089,107.71,107.71,214.0
2018-02-07 12:04:00,107.74,107.74,107.74,107.74,300.0
2018-02-07 12:05:00,107.75,107.815,107.75,107.815,500.0
2018-02-07 12:07:00,107.66,107.8,107.66,107.8,1000.0
2018-02-07 12:08:00,107.715,107.72,107.69,107.69,400.0
2018-02-07 12:10:00,107.765,107.78,107.7554,107.76,979.0
2018-02-07 12:11:00,107.83,107.83,107.81,107.81,300.0
2018-02-07 12:12:00,107.84,107.9,107.83,107.86,1740.0
2018-02-07 12:13:00,107.87,107.87,107.84,107.84,300.0
2018-02-07 12:14:00,107.835,107.835,107.83,107.83,1300.0
2018-02-07 12:16:00,107.95,107.99,107.91,107.91,500.0
2018-02-07 12:17:00,107.89,107.995,107.89,107.995,1500.0
2018-02-07 12:18:00,107.84,107.89,107.84,107.88,700.0
2018-02-07 12:19:00,107.85,107.85,107.85,107.85,300.0
2018-02-07 12:20:00,107.9,107.9,107.85,107.85,589.0
2018-02-07 12:21:00,107.8,107.94,107.8,107.94,4300.0
2018-02-07 12:22:00,107.77,107.8,107.77,107.8,300.0
2018-02-07 12:23:00,107.78,107.87,107.76,107.85,1200.0
2018-02-07 12:24:00,107.73,107.83,107.68,107.77,2385.0
2018-02-07 12:25:00,107.73,107.79,107.7,107.71,2139.0
2018-02-07 12:26:00,107.81,107.81,107.73,107.73,300.0
2018-02-07 12:27:00,107.78,107.78,107.71,107.72,1300.0
2018-02-07 12:29:00,107.86,107.86,107.79,107.79,1103.0
2018-02-07 12:30:00,107.867,107.92,107.867,107.92,888.0
2018-02-07 12:31:00,107.9299,107.9299,107.9291,107.9291,400.0
2018-02-07 12:32:00,107.93,107.93,107.85,107.89,1300.0
2018-02-07 12:33:00,107.87,107.9293,107.86,107.86,1034.0
2018-02-07 12:34:00,107.88,107.95,107.88,107.92,3624.0
2018-02-07 12:35:00,107.85,107.88,107.81,107.86,1895.0
2018-02-07 12:36:00,107.81,107.82,107.8,107.82,500.0
2018-02-07 12:37:00,107.815,107.82,107.79,107.81,1016.0
2018-02-07 12:38:00,107.71,107.805,107.7,107.8,1800.0
2018-02-07 12:39:00,107.725,107.735,107.7,107.735,2787.0
2018-02-07 12:41:00,107.76,107.76,107.7,107.71,1437.0
2018-02-07 12:42:00,107.76,107.76,107.73,107.74,935.0
2018-02-07 12:43:00,107.78,107.81,107.78,107.8,500.0
2018-02-07 12:44:00,107.82,107.82,107.82,107.82,300.0
2018-02-07 12:45:00,107.82,107.88,107.81,107.88,502.0
2018-02-07 12:46:00,107.94,107.96,107.8572,107.8572,3900.0
2018-02-07 12:47:00,107.83,107.95,107.83,107.95,934.0
2018-02-07 12:48:00,107.82,107.9,107.82,107.855,2363.0
2018-02-07 12:49:00,107.77,107.77,107.77,107.77,100.0
2018-02-07 12:50:00,107.55,107.75,107.5,107.75,5700.0
2018-02-07 12:51:00,107.66,107.66,107.595,107.595,300.0
2018-02-07 12:52:00,107.69,107.74,107.69,107.74,200.0
2018-02-07 12:53:00,107.71,107.73,107.71,107.73,200.0
2018-02-07 12:54:00,107.68,107.74,107.68,107.685,1000.0
2018-02-07 12:55:00,107.64,107.69,107.64,107.69,300.0
2018-02-07 12:56:00,107.7,107.7,107.6823,107.6823,300.0
2018-02-07 12:57:00,107.73,107.74,107.73,107.74,200.0
2018-02-07 12:58:00,107.78,107.78,107.68,107.7356,1206.0
2018-02-07 12:59:00,107.785,107.785,107.775,107.775,700.0
2018-02-07 13:00:00,107.66,107.74,107.66,107.74,1200.0
2018-02-07 13:01:00,107.87,107.87,107.73,107.76,1204.0
2018-02-07 13:02:00,107.69,107.81,107.69,107.81,1100.0
2018-02-07 13:03:00,107.75,107.77,107.75,107.77,200.0
2018-02-07 13:04:00,107.61,107.725,107.57,107.67,600.0
2018-02-07 13:05:00,107.6184,107.645,107.5001,107.5001,1200.0
2018-02-07 13:06:00,107.5,107.64,107.5,107.56,1137.0
2018-02-07 13:07:00,107.36,107.53,107.31,107.49,2400.0
2018-02-07 13:08:00,107.37,107.37,107.315,107.315,200.0
2018-02-07 13:09:00,107.51,107.51,107.4,107.4,900.0
2018-02-07 13:10:00,107.31,107.51,107.31,107.51,2237.0
2018-02-07 13:11:00,107.31,107.42,107.31,107.41,1688.0
2018-02-07 13:12:00,107.24,107.29,107.22,107.28,1400.0
2018-02-07 13:13:00,107.25,107.3,107.2,107.3,2437.0
2018-02-07 13:14:00,107.18,107.25,107.18,107.21,5600.0
2018-02-07 13:15:00,107.1,107.16,107.0,107.15,2300.0
2018-02-07 13:16:00,107.14,107.14,107.0,107.05,2450.0
2018-02-07 13:17:00,107.29,107.29,107.09,107.09,2197.0
2018-02-07 13:18:00,107.305,107.315,107.23,107.23,3128.0
2018-02-07 13:19:00,107.245,107.3,107.19,107.19,1100.0
2018-02-07 13:20:00,107.51,107.51,107.335,107.335,691.0
2018-02-07 13:21:00,107.52,107.52,107.41,107.45,2694.0
2018-02-07 13:22:00,107.49,107.51,107.43,107.51,800.0
2018-02-07 13:23:00,107.38,107.45,107.38,107.42,1700.0
2018-02-07 13:24:00,107.22,107.31,107.12,107.31,2300.0
2018-02-07 13:25:00,107.31,107.31,107.18,107.2093,1038.0
2018-02-07 13:26:00,107.16,107.37,107.16,107.37,1600.0
2018-02-07 13:27:00,107.1,107.27,107.1,107.21,800.0
2018-02-07 13:28:00,107.17,107.27,107.1,107.13,1170.0
2018-02-07 13:29:00,107.185,107.185,107.175,107.175,217.0
2018-02-07 13:30:00,107.415,107.415,107.25,107.25,1158.0
2018-02-07 13:31:00,107.35,107.38,107.32,107.37,3099.0
2018-02-07 13:32:00,107.43,107.43,107.3,107.38,3200.0
2018-02-07 13:33:00,107.27,107.4,107.27,107.4,26900.0
2018-02-07 13:34:00,107.41,107.41,107.3,107.3,3108.0
2018-02-07 13:35:00,107.485,107.55,107.45,107.45,1900.0
2018-02-07 13:36:00,107.54,107.54,107.54,107.54,500.0
2018-02-07 13:37:00,107.6604,107.6604,107.6,107.6,589.0
2018-02-07 13:38:00,107.975,108.0,107.64,107.64,9026.0
2018-02-07 13:39:00,107.86,107.96,107.85,107.94,7527.0
2018-02-07 13:40:00,107.75,107.89,107.75,107.885,2860.0
2018-02-07 13:41:00,107.9,107.9,107.755,107.755,1671.0
2018-02-07 13:42:00,107.96,108.01,107.86,107.86,11286.0
2018-02-07 13:43:00,107.9,107.95,107.9,107.94,800.0
2018-02-07 13:44:00,107.95,108.02,107.925,107.925,3100.0
2018-02-07 13:45:00,108.13,108.13,107.95,107.95,4066.0
2018-02-07 13:46:00,108.15,108.18,108.08,108.12,1591.0
2018-02-07 13:47:00,108.17,108.19,108.13,108.18,3150.0
2018-02-07 13:48:00,108.07,108.21,108.07,108.14,6167.0
2018-02-07 13:49:00,108.075,108.075,107.99,108.04,1500.0
2018-02-07 13:50:00,107.99,108.1,107.99,108.03,3500.0
2018-02-07 13:51:00,107.85,107.9,107.85,107.9,600.0
2018-02-07 13:52:00,107.865,107.88,107.84,107.84,500.0
2018-02-07 13:53:00,107.7,107.86,107.7,107.86,1800.0
2018-02-07 13:54:00,107.73,107.78,107.67,107.74,1400.0
2018-02-07 13:55:00,107.78,107.78,107.78,107.78,200.0
2018-02-07 13:56:00,107.77,107.785,107.72,107.785,2000.0
2018-02-07 13:57:00,107.7702,107.775,107.73,107.775,1029.0
2018-02-07 13:58:00,107.73,107.74,107.73,107.735,800.0
2018-02-07 13:59:00,107.6,107.76,107.6,107.73,1120.0
2018-02-07 14:00:00,107.89,107.89,107.64,107.66,3811.0
2018-02-07 14:01:00,107.6,107.79,107.6,107.78,4500.0
2018-02-07 14:02:00,107.37,107.6,107.37,107.6,2020.0
2018-02-07 14:03:00,107.345,107.4,107.31,107.33,4589.0
2018-02-07 14:04:00,107.425,107.47,107.32,107.345,1800.0
2018-02-07 14:05:00,107.38,107.4,107.3,107.38,3080.0
2018-02-07 14:06:00,107.53,107.53,107.43,107.43,1300.0
2018-02-07 14:07:00,107.54,107.54,107.5,107.54,400.0
2018-02-07 14:08:00,107.41,107.54,107.41,107.48,6797.0
2018-02-07 14:09:00,107.41,107.47,107.35,107.4,1200.0
2018-02-07 14:10:00,107.5,107.5,107.46,107.46,1398.0
2018-02-07 14:11:00,107.5,107.51,107.5,107.51,300.0
2018-02-07 14:12:00,107.59,107.64,107.575,107.575,1896.0
2018-02-07 14:13:00,107.67,107.69,107.59,107.6,2000.0
2018-02-07 14:14:00,107.8,107.8,107.74,107.76,1200.0
2018-02-07 14:15:00,107.79,107.79,107.72,107.77,500.0
2018-02-07 14:16:00,107.82,107.83,107.73,107.8042,2119.0
2018-02-07 14:17:00,107.77,107.79,107.77,107.79,1500.0
2018-02-07 14:18:00,107.96,107.96,107.8,107.83,2399.0
2018-02-07 14:19:00,107.89,107.94,107.87,107.92,2500.0
2018-02-07 14:20:00,107.93,107.93,107.85,107.85,707.0
2018-02-07 14:21:00,107.95,107.95,107.95,107.95,154.0
2018-02-07 14:22:00,107.93,108.03,107.93,108.02,300.0
2018-02-07 14:23:00,107.95,108.03,107.93,108.0,4000.0
2018-02-07 14:24:00,108.09,108.09,107.96,107.96,2509.0
2018-02-07 14:25:00,107.92,108.05,107.92,108.05,6041.0
2018-02-07 14:26:00,107.85,107.92,107.85,107.92,1000.0
2018-02-07 14:27:00,107.9938,107.9938,107.88,107.9,1246.0
2018-02-07 14:28:00,107.96,108.0361,107.96,108.0361,434.0
2018-02-07 14:29:00,107.905,107.96,107.89,107.96,988.0
2018-02-07 14:30:00,107.94,107.99,107.94,107.94,1300.0
2018-02-07 14:31:00,107.9,107.965,107.9,107.95,800.0
2018-02-07 14:32:00,107.88,107.95,107.88,107.95,600.0
2018-02-07 14:33:00,107.98,107.98,107.94,107.94,1000.0
2018-02-07 14:34:00,107.921,107.9999,107.921,107.94,1400.0
2018-02-07 14:35:00,108.04,108.04,107.94,107.96,800.0
2018-02-07 14:36:00,107.94,107.995,107.91,107.995,1900.0
2018-02-07 14:37:00,107.96,107.96,107.9,107.94,1100.0
2018-02-07 14:38:00,107.945,107.97,107.92,107.96,1000.0
2018-02-07 14:39:00,107.87,107.92,107.87,107.92,1900.0
2018-02-07 14:40:00,107.67,107.895,107.67,107.87,2800.0
2018-02-07 14:41:00,107.64,107.72,107.55,107.67,1760.0
2018-02-07 14:42:00,107.71,107.77,107.65,107.65,5323.0
2018-02-07 14:43:00,107.81,107.82,107.8,107.82,1550.0
2018-02-07 14:44:00,107.7725,107.7725,107.74,107.75,982.0
2018-02-07 14:45:00,107.72,107.72,107.72,107.72,800.0
2018-02-07 14:46:00,107.69,107.69,107.69,107.69,900.0
2018-02-07 14:47:00,107.73,107.76,107.69,107.69,2614.0
2018-02-07 14:48:00,107.59,107.74,107.59,107.73,1300.0
2018-02-07 14:49:00,107.51,107.6,107.51,107.6,700.0
2018-02-07 14:50:00,107.44,107.49,107.44,107.48,1300.0
2018-02-07 14:51:00,107.39,107.43,107.35,107.43,699.0
2018-02-07 14:52:00,107.45,107.45,107.3,107.3,800.0
2018-02-07 14:53:00,107.29,107.44,107.27,107.44,1000.0
2018-02-07 14:54:00,107.45,107.45,107.29,107.29,1100.0
2018-02-07 14:55:00,107.54,107.63,107.44,107.47,2512.0
2018-02-07 14:56:00,107.5962,107.61200000000001,107.52,107.52,816.0
2018-02-07 14:57:00,107.64,107.64,107.63,107.63,300.0
2018-02-07 14:59:00,107.59,107.61,107.58,107.61,2000.0
2018-02-07 15:00:00,107.79,107.79,107.61,107.64,2660.0
2018-02-07 15:01:00,107.82,107.88,107.8,107.82,1700.0
2018-02-07 15:02:00,107.82,107.87,107.82,107.83,600.0
2018-02-07 15:03:00,107.96,107.96,107.88,107.88,2163.0
2018-02-07 15:04:00,108.0,108.0,107.92,107.92,300.0
2018-02-07 15:05:00,107.98,107.99,107.9,107.94,1996.0
2018-02-07 15:06:00,108.0,108.0,107.95,107.95,559.0
2018-02-07 15:07:00,107.98,107.98,107.94,107.96,1600.0
2018-02-07 15:08:00,107.92,108.07,107.92,107.98,3000.0
2018-02-07 15:09:00,107.985,107.99,107.91,107.91,1259.0
2018-02-07 15:10:00,107.92,107.93,107.91,107.93,2742.0
2018-02-07 15:11:00,107.97,107.97,107.91,107.91,3658.0
2018-02-07 15:12:00,107.88,107.94,107.88,107.93,1412.0
2018-02-07 15:13:00,107.92,107.92,107.88,107.88,700.0
2018-02-07 15:14:00,108.1,108.1,108.0,108.0,835.0
2018-02-07 15:15:00,108.1,108.1195,108.08,108.1,911.0
2018-02-07 15:16:00,108.065,108.1,108.02,108.1,4179.0
2018-02-07 15:17:00,108.09,108.13,108.07,108.08,1300.0
2018-02-07 15:18:00,107.97,108.13,107.97,108.13,2602.0
2018-02-07 15:19:00,107.94,107.95,107.92,107.94,2000.0
2018-02-07 15:20:00,107.9,107.955,107.9,107.93,2109.0
2018-02-07 15:21:00,107.9,107.92,107.835,107.85,5242.0
2018-02-07 15:22:00,107.86,107.91,107.84,107.89,2380.0
2018-02-07 15:23:00,107.89,107.92,107.86,107.87,4172.0
2018-02-07 15:24:00,107.72,107.88,107.72,107.88,2286.0
2018-02-07 15:25:00,107.73,107.73,107.67,107.7,3400.0
2018-02-07 15:26:00,107.78,107.83,107.7,107.7,2000.0
2018-02-07 15:27:00,107.96,107.98,107.83,107.83,2100.0
2018-02-07 15:28:00,107.86,107.96,107.86,107.94,5001.0
2018-02-07 15:29:00,107.8634,107.8634,107.84,107.84,700.0
2018-02-07 15:30:00,107.83,107.83,107.82,107.82,400.0
2018-02-07 15:31:00,107.85,107.9,107.82,107.82,4520.0
2018-02-07 15:32:00,107.8,107.85,107.77,107.85,3022.0
2018-02-07 15:33:00,107.73,107.82,107.73,107.77,1700.0
2018-02-07 15:34:00,107.85,107.85,107.72,107.74,2300.0
2018-02-07 15:35:00,107.88,107.9,107.86,107.87,2600.0
2018-02-07 15:36:00,107.91,107.92,107.88,107.9,7310.0
2018-02-07 15:37:00,107.85,107.91,107.85,107.9,6666.0
2018-02-07 15:38:00,107.85,107.9,107.82,107.83,5200.0
2018-02-07 15:39:00,107.87,107.87,107.8,107.84,1400.0
2018-02-07 15:40:00,107.81,107.9,107.81,107.89,2406.0
2018-02-07 15:41:00,107.87,107.87,107.795,107.81,1900.0
2018-02-07 15:42:00,107.88,107.91,107.87,107.89,8133.0
2018-02-07 15:43:00,107.815,107.88,107.79,107.88,3271.0
2018-02-07 15:44:00,107.86,107.86,107.78,107.79,2500.0
2018-02-07 15:45:00,107.74,107.86,107.74,107.86,2952.0
2018-02-07 15:46:00,107.51,107.76,107.48,107.74,5774.0
2018-02-07 15:47:00,107.23,107.55,107.23,107.52,4384.0
2018-02-07 15:48:00,107.39,107.4,107.28,107.31,5260.0
2018-02-07 15:49:00,107.35,107.405,107.33,107.38,1700.0
2018-02-07 15:50:00,107.36,107.43,107.32,107.35,4120.0
2018-02-07 15:51:00,107.31,107.36,107.22,107.36,12658.0
2018-02-07 15:52:00,107.32,107.49,107.3,107.33,5100.0
2018-02-07 15:53:00,107.26,107.33,107.23,107.33,21770.0
2018-02-07 15:54:00,107.16,107.25,107.11,107.24,17220.0
2018-02-07 15:55:00,107.13,107.21,107.07,107.18,7342.0
2018-02-07 15:56:00,107.19,107.27,107.15,107.19,12074.0
2018-02-07 15:57:00,107.18,107.18,107.09,107.16,3028.0
2018-02-07 15:58:00,107.18,107.18,107.07,107.13,5886.0
2018-02-07 15:59:00,107.02,107.19,106.99,107.15,5848.0
2018-02-07 16:00:00,107.13,107.36,106.97,107.01,67417.0
2018-02-08 09:30:00,107.17,107.18,107.17,107.17,5697.0
2018-02-08 09:31:00,107.38,107.39,107.17,107.17,400.0
2018-02-08 09:32:00,107.31,107.38,107.31,107.38,200.0
2018-02-08 09:33:00,107.1,107.1,107.1,107.1,174.0
2018-02-08 09:34:00,107.2276,107.2276,107.2276,107.2276,150.0
2018-02-08 09:35:00,107.01,107.08,106.57,106.81,20008.0
2018-02-08 09:36:00,107.0,107.005,107.0,107.005,1700.0
2018-02-08 09:37:00,107.09,107.2,107.0,107.0,2385.0
2018-02-08 09:38:00,107.18,107.26,107.0582,107.0582,2019.0
2018-02-08 09:39:00,107.33,107.33,107.33,107.33,300.0
2018-02-08 09:40:00,107.02,107.27,107.02,107.165,600.0
2018-02-08 09:41:00,107.0,107.03,106.87,107.01,20113.0
2018-02-08 09:42:00,107.01,107.18,107.01,107.04,3036.0
2018-02-08 09:43:00,107.07,107.07,107.07,107.07,900.0
2018-02-08 09:44:00,106.86,107.12,106.86,107.12,200.0
2018-02-08 09:45:00,106.94,107.12,106.91,107.12,2395.0
2018-02-08 09:46:00,106.76,106.9,106.76,106.89,800.0
2018-02-08 09:48:00,106.75,106.785,106.75,106.75,1600.0
2018-02-08 09:49:00,106.85,106.85,106.75,106.75,4100.0
2018-02-08 09:50:00,106.91,107.09,106.8985,106.8985,2400.0
2018-02-08 09:51:00,106.81,106.91,106.81,106.91,1700.0
2018-02-08 09:52:00,107.03,107.03,106.94,106.94,700.0
2018-02-08 09:53:00,107.14,107.14,107.13,107.13,1700.0
2018-02-08 09:54:00,107.25,107.3,107.25,107.3,200.0
2018-02-08 09:55:00,107.2,107.2,107.09,107.095,1000.0
2018-02-08 09:56:00,107.36399999999999,107.36399999999999,107.29,107.29,306.0
2018-02-08 09:57:00,107.48,107.48,107.33,107.33,950.0
2018-02-08 09:58:00,107.47,107.47,107.35,107.37,3656.0
2018-02-08 09:59:00,107.64,107.64,107.54,107.54,1200.0
2018-02-08 10:00:00,107.22,107.535,107.22,107.5,5600.0
2018-02-08 10:01:00,107.12,107.12,107.075,107.095,300.0
2018-02-08 10:02:00,107.16799999999999,107.16799999999999,106.96,106.96,3000.0
2018-02-08 10:03:00,107.25,107.28,107.16,107.16,3600.0
2018-02-08 10:04:00,107.07,107.215,107.07,107.215,1150.0
2018-02-08 10:05:00,106.98,107.16,106.98,107.11,1908.0
2018-02-08 10:06:00,107.0,107.0,107.0,107.0,100.0
2018-02-08 10:07:00,106.98,107.08,106.98,107.0,700.0
2018-02-08 10:08:00,106.93,107.015,106.93,107.015,1300.0
2018-02-08 10:09:00,107.11,107.11,107.04,107.04,1297.0
2018-02-08 10:10:00,106.99,107.24,106.98,107.07,2800.0
2018-02-08 10:12:00,106.82,106.87,106.75,106.87,7700.0
2018-02-08 10:13:00,106.83,106.89,106.75,106.83,6620.0
2018-02-08 10:14:00,106.84,106.88,106.75,106.77,4340.0
2018-02-08 10:15:00,106.83,106.84,106.75,106.75,12486.0
2018-02-08 10:16:00,106.88,106.88,106.81,106.84,1600.0
2018-02-08 10:17:00,106.87,106.87,106.79,106.82,2929.0
2018-02-08 10:18:00,106.85,106.94,106.84,106.89,2300.0
2018-02-08 10:19:00,106.83,106.84,106.7,106.8,5325.0
2018-02-08 10:20:00,106.44,106.82,106.44,106.75,1500.0
2018-02-08 10:21:00,106.55,106.55,106.505,106.505,400.0
2018-02-08 10:22:00,106.39,106.39,106.39,106.39,100.0
2018-02-08 10:23:00,106.31,106.31,106.3,106.3,1100.0
2018-02-08 10:24:00,106.31,106.32,106.3,106.31,600.0
2018-02-08 10:25:00,106.12,106.23,106.12,106.23,500.0
2018-02-08 10:26:00,106.335,106.435,106.23,106.3174,6400.0
2018-02-08 10:27:00,106.3559,106.45,106.22,106.45,5700.0
2018-02-08 10:28:00,106.41,106.41,106.2098,106.2098,770.0
2018-02-08 10:29:00,106.41,106.41,106.35,106.35,300.0
2018-02-08 10:30:00,106.19,106.3,106.19,106.3,1835.0
2018-02-08 10:31:00,106.38,106.38,106.21,106.21,2300.0
2018-02-08 10:33:00,106.29,106.3,106.29,106.3,800.0
2018-02-08 10:34:00,106.24,106.41,106.24,106.27,2300.0
2018-02-08 10:35:00,106.27,106.33,106.27,106.29,2141.0
2018-02-08 10:36:00,106.33,106.4,106.32,106.32,2620.0
2018-02-08 10:37:00,106.24,106.28,106.24,106.28,600.0
2018-02-08 10:39:00,106.35,106.35,106.225,106.225,943.0
2018-02-08 10:40:00,106.49,106.55,106.42,106.42,700.0
2018-02-08 10:41:00,106.58,106.58,106.5,106.5,200.0
2018-02-08 10:42:00,106.64,106.64,106.59,106.59,200.0
2018-02-08 10:43:00,106.57,106.75,106.57,106.75,1802.0
2018-02-08 10:44:00,106.555,106.61,106.52,106.61,504.0
2018-02-08 10:45:00,106.47,106.51,106.47,106.51,310.0
2018-02-08 10:46:00,106.48,106.53,106.45,106.47,3066.0
2018-02-08 10:47:00,106.42,106.52,106.42,106.48,1190.0
2018-02-08 10:48:00,106.56,106.56,106.39,106.52,1300.0
2018-02-08 10:49:00,106.36,106.6,106.35,106.55,1913.0
2018-02-08 10:50:00,106.43,106.46,106.42,106.42,500.0
2018-02-08 10:51:00,106.18,106.32,106.03,106.32,7251.0
2018-02-08 10:52:00,106.17,106.17,106.08,106.08,653.0
2018-02-08 10:53:00,106.21,106.21,106.16,106.16,300.0
2018-02-08 10:54:00,106.06,106.165,106.06,106.1,1500.0
2018-02-08 10:55:00,106.01,106.05,105.905,106.0,2600.0
2018-02-08 10:56:00,105.94,105.95,105.94,105.95,200.0
2018-02-08 10:57:00,105.78,105.88,105.65,105.87,21200.0
2018-02-08 10:58:00,105.86,105.86,105.86,105.86,200.0
2018-02-08 10:59:00,105.93,105.99,105.91,105.94,3600.0
2018-02-08 11:00:00,105.99,106.01,105.97,105.97,700.0
2018-02-08 11:01:00,105.94,105.96,105.92,105.92,994.0
2018-02-08 11:02:00,106.0,106.0,105.945,105.97,1200.0
2018-02-08 11:03:00,106.22,106.22,106.0128,106.0189,3555.0
2018-02-08 11:04:00,106.25,106.4,106.19,106.4,3600.0
2018-02-08 11:05:00,106.2322,106.265,106.23,106.26,1936.0
2018-02-08 11:06:00,106.265,106.34,106.24,106.29,8670.0
2018-02-08 11:07:00,106.22,106.2625,106.1,106.23,3010.0
2018-02-08 11:08:00,106.25,106.28,106.111,106.26,3400.0
2018-02-08 11:09:00,106.2675,106.39,106.21,106.28,5400.0
2018-02-08 11:10:00,106.15,106.28,106.1354,106.18,4500.0
2018-02-08 11:11:00,106.0,106.23,105.92,106.23,1700.0
2018-02-08 11:12:00,105.98,105.98,105.97,105.97,400.0
2018-02-08 11:13:00,106.02,106.055,105.99,106.03,1200.0
2018-02-08 11:14:00,105.9695,106.1,105.93,106.1,1400.0
2018-02-08 11:15:00,105.84,105.98,105.84,105.97,2100.0
2018-02-08 11:16:00,105.95,105.95,105.88,105.95,900.0
2018-02-08 11:17:00,105.89,105.95,105.86,105.89,1624.0
2018-02-08 11:18:00,105.8,105.98,105.8,105.98,3860.0
2018-02-08 11:19:00,105.74,105.85,105.71,105.8,3300.0
2018-02-08 11:20:00,105.7,105.7,105.7,105.7,1700.0
2018-02-08 11:21:00,105.8,105.8,105.7,105.72,5800.0
2018-02-08 11:22:00,105.78,105.8,105.72,105.7619,3400.0
2018-02-08 11:23:00,105.75,105.75,105.75,105.75,100.0
2018-02-08 11:24:00,105.7,105.78,105.7,105.71,1380.0
2018-02-08 11:25:00,105.46,105.76,105.46,105.735,7948.0
2018-02-08 11:26:00,105.5,105.52,105.48,105.5,2618.0
2018-02-08 11:27:00,105.405,105.46,105.405,105.46,300.0
2018-02-08 11:28:00,105.47,105.47,105.47,105.47,100.0
2018-02-08 11:29:00,105.72,105.72,105.46,105.46,1100.0
2018-02-08 11:30:00,105.685,105.72,105.685,105.72,300.0
2018-02-08 11:31:00,105.76,105.81,105.6,105.65,6548.0
2018-02-08 11:32:00,105.49,105.7,105.49,105.7,3378.0
2018-02-08 11:33:00,105.5363,105.58,105.5363,105.57,654.0
2018-02-08 11:34:00,105.565,105.66,105.56,105.66,500.0
2018-02-08 11:35:00,105.75,105.77,105.71,105.71,1900.0
2018-02-08 11:36:00,106.02,106.02,105.89,105.89,500.0
2018-02-08 11:37:00,106.06,106.1,106.05,106.05,800.0
2018-02-08 11:38:00,106.06,106.06,105.99,105.99,600.0
2018-02-08 11:39:00,106.11,106.18,106.042,106.042,810.0
2018-02-08 11:40:00,106.3,106.35,106.21,106.22,6900.0
2018-02-08 11:41:00,106.1,106.3,106.1,106.3,3090.0
2018-02-08 11:42:00,106.03,106.145,106.01,106.145,1400.0
2018-02-08 11:43:00,106.18,106.34,106.09,106.09,2091.0
2018-02-08 11:46:00,106.23,106.23,106.08,106.12,2474.0
2018-02-08 11:47:00,106.2,106.25,106.1,106.25,700.0
2018-02-08 11:48:00,106.16,106.16,106.16,106.16,100.0
2018-02-08 11:49:00,106.085,106.105,106.04,106.05,400.0
2018-02-08 11:51:00,106.3,106.33,106.13,106.13,1200.0
2018-02-08 11:52:00,106.47,106.47,106.39,106.39,1000.0
2018-02-08 11:53:00,106.5301,106.63,106.52,106.53,2186.0
2018-02-08 11:54:00,106.47,106.5763,106.47,106.5763,1600.0
2018-02-08 11:55:00,106.43,106.5,106.43,106.5,500.0
2018-02-08 11:56:00,106.53,106.53,106.51,106.52,400.0
2018-02-08 11:57:00,106.5,106.5,106.5,106.5,200.0
2018-02-08 11:58:00,106.4377,106.47,106.37,106.44,2750.0
2018-02-08 11:59:00,106.38,106.51,106.38,106.45,3433.0
2018-02-08 12:00:00,106.4,106.48,106.36,106.42,2562.0
2018-02-08 12:01:00,106.33,106.34,106.28,106.31,900.0
2018-02-08 12:02:00,106.32,106.39,106.23,106.36,2714.0
2018-02-08 12:03:00,106.28,106.34,106.28,106.2839,2458.0
2018-02-08 12:04:00,106.3,106.3,106.29,106.29,400.0
2018-02-08 12:05:00,106.25,106.25,106.17,106.18,500.0
2018-02-08 12:06:00,106.3099,106.3099,106.19,106.27,784.0
2018-02-08 12:07:00,106.16,106.17,106.16,106.17,300.0
2018-02-08 12:08:00,106.09,106.13,106.09,106.13,200.0
2018-02-08 12:09:00,106.07,106.07,106.07,106.07,100.0
2018-02-08 12:10:00,106.04,106.06,106.04,106.06,500.0
2018-02-08 12:11:00,106.03,106.04,106.0,106.04,1700.0
2018-02-08 12:12:00,106.03,106.06,105.97,106.01,1400.0
2018-02-08 12:13:00,106.0693,106.09,106.0693,106.09,222.0
2018-02-08 12:14:00,106.04,106.04,105.95,106.04,1100.0
2018-02-08 12:15:00,106.03,106.16,106.02,106.12,2400.0
2018-02-08 12:16:00,105.93,105.94,105.93,105.94,300.0
2018-02-08 12:17:00,106.1,106.1,105.9,105.9,900.0
2018-02-08 12:18:00,106.03,106.09,106.03,106.04,1300.0
2018-02-08 12:19:00,105.92,106.0,105.92,106.0,200.0
2018-02-08 12:21:00,106.03,106.09,105.9,105.9,2200.0
2018-02-08 12:22:00,105.78,105.97,105.73,105.95,9117.0
2018-02-08 12:23:00,105.62,105.8,105.59,105.77,4200.0
2018-02-08 12:24:00,105.66,105.72,105.61,105.72,1924.0
2018-02-08 12:25:00,105.68,105.7155,105.6407,105.7155,618.0
2018-02-08 12:26:00,105.6213,105.6213,105.572,105.59,460.0
2018-02-08 12:27:00,105.6,105.6,105.53,105.54,500.0
2018-02-08 12:28:00,105.54,105.54,105.42,105.5,4250.0
2018-02-08 12:29:00,105.64,105.7,105.58,105.58,1200.0
2018-02-08 12:30:00,105.64,105.64,105.56,105.59,1309.0
2018-02-08 12:31:00,105.67,105.71,105.67,105.71,305.0
2018-02-08 12:32:00,105.74,105.74,105.66,105.66,1100.0
2018-02-08 12:33:00,105.67,105.69,105.63,105.685,3828.0
2018-02-08 12:34:00,105.605,105.67,105.57,105.62,3600.0
2018-02-08 12:35:00,105.56,105.605,105.48,105.605,1609.0
2018-02-08 12:36:00,105.42,105.47,105.37,105.47,800.0
2018-02-08 12:37:00,105.49,105.58,105.49,105.51,1200.0
2018-02-08 12:38:00,105.5,105.5,105.5,105.5,200.0
2018-02-08 12:39:00,105.41,105.44,105.3,105.44,1500.0
2018-02-08 12:40:00,105.4,105.44,105.35,105.35,800.0
2018-02-08 12:41:00,105.46,105.46,105.46,105.46,200.0
2018-02-08 12:42:00,105.63,105.63,105.5,105.5,1200.0
2018-02-08 12:43:00,105.535,105.72,105.52,105.66,1500.0
2018-02-08 12:44:00,105.4,105.54,105.4,105.54,4000.0
2018-02-08 12:45:00,105.3,105.39,105.3,105.39,900.0
2018-02-08 12:46:00,105.24,105.29,105.2,105.29,1850.0
2018-02-08 12:47:00,105.31,105.31,105.31,105.31,100.0
2018-02-08 12:48:00,105.17,105.25,105.12,105.24,1006.0
2018-02-08 12:49:00,105.28,105.29,105.1,105.23,1800.0
2018-02-08 12:50:00,105.27,105.27,105.24,105.25,600.0
2018-02-08 12:51:00,105.17,105.21,105.09,105.21,2700.0
2018-02-08 12:52:00,105.17,105.22,105.08,105.12,3400.0
2018-02-08 12:53:00,105.15,105.2,105.15,105.17,1100.0
2018-02-08 12:54:00,105.07,105.16,105.06,105.12,8300.0
2018-02-08 12:55:00,104.97,105.0,104.96,105.0,1100.0
2018-02-08 12:56:00,104.73,104.92,104.73,104.92,700.0
2018-02-08 12:57:00,104.775,104.81,104.77,104.77,1762.0
2018-02-08 12:58:00,104.91,104.91,104.82,104.82,2000.0
2018-02-08 12:59:00,105.02,105.03,104.98,105.03,1700.0
2018-02-08 13:00:00,105.1,105.24,104.9757,105.0,16976.0
2018-02-08 13:01:00,105.05,105.16,105.02,105.09,1200.0
2018-02-08 13:02:00,105.01,105.08,105.01,105.08,1500.0
2018-02-08 13:03:00,104.93,104.96,104.87,104.95,1200.0
2018-02-08 13:04:00,104.88,104.98,104.88,104.94,1232.0
2018-02-08 13:05:00,104.9492,104.9492,104.81,104.82,866.0
2018-02-08 13:06:00,104.96600000000001,104.96600000000001,104.86,104.88,1950.0
2018-02-08 13:07:00,104.9,104.9,104.9,104.9,200.0
2018-02-08 13:08:00,105.06,105.06,104.87,104.89,972.0
2018-02-08 13:09:00,105.07,105.07,104.96,104.96,400.0
2018-02-08 13:10:00,105.395,105.4,105.175,105.175,7600.0
2018-02-08 13:11:00,105.35,105.47,105.35,105.3998,1500.0
2018-02-08 13:12:00,105.2749,105.32,105.14,105.3,1650.0
2018-02-08 13:13:00,105.31,105.36,105.2,105.2,1500.0
2018-02-08 13:15:00,105.28,105.3,105.22,105.25,500.0
2018-02-08 13:16:00,105.27,105.34,105.23,105.3,3219.0
2018-02-08 13:17:00,105.38,105.38,105.26,105.26,3900.0
2018-02-08 13:18:00,105.44,105.49,105.4,105.46,2800.0
2018-02-08 13:19:00,105.23,105.45,105.23,105.45,2600.0
2018-02-08 13:20:00,105.25,105.285,105.22,105.285,1300.0
2018-02-08 13:21:00,105.43,105.45,105.14,105.21,2000.0
2018-02-08 13:22:00,105.43,105.43,105.4,105.405,500.0
2018-02-08 13:23:00,105.32,105.53,105.32,105.48,1800.0
2018-02-08 13:24:00,105.24,105.325,105.18,105.32,2700.0
2018-02-08 13:25:00,105.325,105.325,105.21,105.21,1200.0
2018-02-08 13:26:00,105.34,105.35700000000001,105.28,105.35700000000001,2377.0
2018-02-08 13:27:00,105.12,105.27,105.11,105.27,2000.0
2018-02-08 13:28:00,105.17,105.25,105.12,105.14,3120.0
2018-02-08 13:29:00,105.06,105.06,105.06,105.06,200.0
2018-02-08 13:30:00,105.04,105.17,105.04,105.12,2538.0
2018-02-08 13:31:00,105.05,105.05,104.94,104.99,700.0
2018-02-08 13:32:00,105.11,105.16,104.99,104.99,750.0
2018-02-08 13:33:00,105.06,105.09,105.06,105.09,500.0
2018-02-08 13:34:00,105.08,105.22,105.08,105.15,1073.0
2018-02-08 13:35:00,105.04,105.04,105.04,105.04,100.0
2018-02-08 13:36:00,105.33,105.33,105.17,105.17,1400.0
2018-02-08 13:37:00,105.305,105.35,105.255,105.27,700.0
2018-02-08 13:38:00,105.39,105.44,105.35,105.35,1420.0
2018-02-08 13:39:00,105.4,105.4,105.33,105.38,2600.0
2018-02-08 13:40:00,105.4,105.4,105.295,105.37,7900.0
2018-02-08 13:41:00,105.3,105.42,105.3,105.42,3000.0
2018-02-08 13:42:00,105.265,105.36,105.265,105.3,6800.0
2018-02-08 13:43:00,105.37,105.44,105.305,105.31,2260.0
2018-02-08 13:44:00,105.5,105.5,105.36,105.4473,1450.0
2018-02-08 13:45:00,105.66,105.66,105.45,105.46,4600.0
2018-02-08 13:46:00,105.82,105.82,105.71,105.72,3600.0
2018-02-08 13:47:00,105.7438,105.7438,105.71,105.71,600.0
2018-02-08 13:48:00,105.79,105.85,105.72,105.73,1100.0
2018-02-08 13:49:00,105.59,105.77,105.59,105.74,1000.0
2018-02-08 13:50:00,105.54,105.64,105.51,105.64,4000.0
2018-02-08 13:51:00,105.68,105.68,105.49,105.49,1000.0
2018-02-08 13:52:00,105.575,105.64,105.52,105.64,1000.0
2018-02-08 13:53:00,105.77,105.77,105.67,105.67,700.0
2018-02-08 13:54:00,105.75,105.81,105.7358,105.77,2772.0
2018-02-08 13:55:00,105.86,105.87,105.82,105.84,1250.0
2018-02-08 13:56:00,105.72,105.91,105.72,105.91,900.0
2018-02-08 13:57:00,105.55,105.7,105.55,105.7,900.0
2018-02-08 13:58:00,105.63,105.71,105.5632,105.6,3006.0
2018-02-08 13:59:00,105.65,105.65,105.65,105.65,100.0
2018-02-08 14:00:00,105.73,105.73,105.67,105.68,400.0
2018-02-08 14:01:00,105.63,105.78,105.63,105.725,2201.0
2018-02-08 14:02:00,105.6,105.61,105.6,105.61,400.0
2018-02-08 14:03:00,105.62,105.66,105.55,105.6,2200.0
2018-02-08 14:04:00,105.57,105.58,105.57,105.58,500.0
2018-02-08 14:05:00,105.43,105.53,105.42,105.53,2023.0
2018-02-08 14:06:00,105.62,105.62,105.48,105.48,600.0
2018-02-08 14:07:00,105.58,105.61,105.55,105.61,714.0
2018-02-08 14:08:00,105.73,105.73,105.51,105.586,1838.0
2018-02-08 14:09:00,105.665,105.7,105.665,105.7,520.0
2018-02-08 14:10:00,105.72,105.72,105.72,105.72,200.0
2018-02-08 14:11:00,105.94,105.97,105.93,105.93,700.0
2018-02-08 14:12:00,105.8,105.98,105.8,105.94,2900.0
2018-02-08 14:13:00,105.9,105.9,105.86,105.86,550.0
2018-02-08 14:14:00,105.94,105.97,105.81,105.84,1200.0
2018-02-08 14:16:00,105.905,105.91,105.86,105.86,300.0
2018-02-08 14:17:00,106.09,106.1,105.86,105.87,3794.0
2018-02-08 14:18:00,106.2,106.2,106.1509,106.16,435.0
2018-02-08 14:19:00,106.21,106.21,106.1,106.21,2104.0
2018-02-08 14:20:00,106.17,106.28,106.15,106.15,1500.0
2018-02-08 14:21:00,106.1,106.24,106.1,106.24,3469.0
2018-02-08 14:22:00,106.03,106.115,106.03,106.105,1474.0
2018-02-08 14:23:00,106.01,106.04,105.91,106.03,1100.0
2018-02-08 14:24:00,105.96,106.01,105.93,105.93,800.0
2018-02-08 14:25:00,106.07,106.07,105.99,106.0,700.0
2018-02-08 14:26:00,105.9767,106.03,105.9,105.99,4300.0
2018-02-08 14:27:00,105.93,106.0,105.91,105.94,4800.0
2018-02-08 14:28:00,105.87,105.94,105.87,105.94,785.0
2018-02-08 14:29:00,105.94,105.94,105.88,105.88,200.0
2018-02-08 14:30:00,105.79,105.82,105.68,105.82,2425.0
2018-02-08 14:31:00,105.6104,105.72,105.6104,105.68,1400.0
2018-02-08 14:32:00,105.71,105.71,105.48,105.54,2380.0
2018-02-08 14:33:00,105.67,105.67,105.62,105.63,700.0
2018-02-08 14:34:00,105.78,105.78,105.75,105.75,300.0
2018-02-08 14:35:00,105.57,105.72,105.57,105.67,1900.0
2018-02-08 14:36:00,105.58,105.62,105.58,105.58,600.0
2018-02-08 14:37:00,105.51,105.6,105.51,105.6,1996.0
2018-02-08 14:38:00,105.69,105.74,105.54,105.54,1400.0
2018-02-08 14:39:00,105.62,105.71,105.6,105.63,1400.0
2018-02-08 14:40:00,105.76,105.76,105.7,105.71,1400.0
2018-02-08 14:41:00,105.69,105.81,105.65,105.73,3532.0
2018-02-08 14:42:00,105.73,105.74,105.65,105.69,1100.0
2018-02-08 14:43:00,105.72,105.72,105.67,105.67,843.0
2018-02-08 14:44:00,105.62,105.68,105.62,105.68,500.0
2018-02-08 14:45:00,105.55,105.62,105.55,105.62,1200.0
2018-02-08 14:46:00,105.67,105.81,105.54,105.54,4953.0
2018-02-08 14:47:00,105.57,105.7004,105.57,105.7004,1724.0
2018-02-08 14:48:00,105.63,105.7,105.6,105.65,1200.0
2018-02-08 14:50:00,105.76,105.76,105.6,105.6,500.0
2018-02-08 14:51:00,105.66,105.7,105.65,105.7,1000.0
2018-02-08 14:52:00,105.67,105.67,105.56,105.615,3400.0
2018-02-08 14:53:00,105.6,105.65,105.59,105.65,300.0
2018-02-08 14:54:00,105.6003,105.61,105.5,105.58,1740.0
2018-02-08 14:55:00,105.41,105.57,105.41,105.57,700.0
2018-02-08 14:56:00,105.27,105.4,105.27,105.36,3020.0
2018-02-08 14:57:00,105.64,105.64,105.32,105.33,1520.0
2018-02-08 14:58:00,105.48,105.59,105.33,105.59,2950.0
2018-02-08 14:59:00,105.45,105.56,105.45,105.53,1000.0
2018-02-08 15:00:00,105.475,105.48,105.46,105.46,400.0
2018-02-08 15:01:00,105.45,105.475,105.33,105.43,1000.0
2018-02-08 15:02:00,105.68,105.68,105.53,105.54,1100.0
2018-02-08 15:03:00,105.57,105.7,105.57,105.7,1531.0
2018-02-08 15:04:00,105.8,105.8,105.61,105.61,2997.0
2018-02-08 15:05:00,105.7,105.73,105.64,105.73,1500.0
2018-02-08 15:06:00,105.67,105.75,105.62,105.75,2122.0
2018-02-08 15:07:00,105.57,105.69,105.5,105.69,7968.0
2018-02-08 15:08:00,105.49,105.58,105.49,105.55,2300.0
2018-02-08 15:09:00,105.43,105.5,105.41,105.5,2152.0
2018-02-08 15:10:00,105.25,105.52,105.25,105.51,3000.0
2018-02-08 15:11:00,105.27,105.32,105.26,105.27,2576.0
2018-02-08 15:12:00,105.32,105.32,105.25,105.27,900.0
2018-02-08 15:13:00,105.2,105.26,105.2,105.25,1000.0
2018-02-08 15:14:00,105.08,105.21,105.08,105.21,2600.0
2018-02-08 15:15:00,105.08,105.26,105.08,105.12,5175.0
2018-02-08 15:16:00,105.22,105.22,105.04,105.05,2031.0
2018-02-08 15:17:00,105.12200000000001,105.19,105.08,105.19,1870.0
2018-02-08 15:18:00,105.11,105.18,105.02,105.15,3331.0
2018-02-08 15:19:00,105.14,105.18,105.14,105.18,1700.0
2018-02-08 15:20:00,105.11,105.13,105.03,105.13,1900.0
2018-02-08 15:21:00,105.0,105.05,104.92,105.04,1900.0
2018-02-08 15:22:00,105.2,105.21,105.01,105.01,3000.0
2018-02-08 15:23:00,105.31,105.41,105.23,105.23,4700.0
2018-02-08 15:24:00,105.323,105.33,105.27,105.33,2077.0
2018-02-08 15:25:00,105.14,105.28,105.14,105.28,1900.0
2018-02-08 15:26:00,105.4,105.41,105.15,105.17,4200.0
2018-02-08 15:27:00,105.47,105.47,105.34,105.36,1000.0
2018-02-08 15:28:00,105.495,105.53,105.46,105.46,1100.0
2018-02-08 15:29:00,105.4,105.51,105.4,105.47,4070.0
2018-02-08 15:30:00,105.16,105.39,105.16,105.39,3300.0
2018-02-08 15:31:00,105.24,105.24,105.11,105.16,3162.0
2018-02-08 15:32:00,105.105,105.24,105.1,105.24,5838.0
2018-02-08 15:33:00,105.205,105.205,105.1,105.1,4700.0
2018-02-08 15:34:00,105.16,105.22,105.13,105.19,2490.0
2018-02-08 15:35:00,105.02,105.17,105.01,105.17,5612.0
2018-02-08 15:36:00,105.0,105.07,104.93,104.99,4221.0
2018-02-08 15:37:00,104.98,105.0299,104.91,105.0,5158.0
2018-02-08 15:38:00,104.82,104.98,104.81,104.98,4500.0
2018-02-08 15:39:00,104.87,104.89,104.79,104.84,2600.0
2018-02-08 15:40:00,104.82,104.94,104.81,104.86,4594.0
2018-02-08 15:41:00,104.79,104.81,104.68,104.81,7217.0
2018-02-08 15:42:00,104.84,104.91,104.78,104.81,9736.0
2018-02-08 15:43:00,104.74,104.89,104.73,104.86,5900.0
2018-02-08 15:44:00,104.795,104.8,104.71,104.76,3862.0
2018-02-08 15:45:00,105.08,105.1328,104.78,104.79,15711.0
2018-02-08 15:46:00,104.63,105.07,104.57,105.04,13714.0
2018-02-08 15:47:00,104.46,104.69,104.45,104.55,7238.0
2018-02-08 15:48:00,104.44,104.63,104.43,104.43,9480.0
2018-02-08 15:49:00,104.46,104.6,104.33,104.42,15212.0
2018-02-08 15:50:00,104.44,104.51,104.42,104.46,8600.0
2018-02-08 15:51:00,104.51,104.55,104.4,104.44,10678.0
2018-02-08 15:52:00,104.34,104.51,104.305,104.51,10736.0
2018-02-08 15:53:00,104.29,104.41,104.28,104.38,10372.0
2018-02-08 15:54:00,104.12,104.31,104.12,104.27,10601.0
2018-02-08 15:55:00,104.29,104.315,104.12,104.12,12897.0
2018-02-08 15:56:00,104.175,104.3699,104.16,104.28,12870.0
2018-02-08 15:57:00,104.18,104.22,104.1,104.175,14344.0
2018-02-08 15:58:00,104.02,104.19,103.96,104.18,19000.0
2018-02-08 15:59:00,103.93,104.02,103.88,104.0,20366.0
2018-02-08 16:00:00,103.56,103.92,103.5,103.91,39747.0
2018-02-09 09:30:00,104.46,104.46,104.46,104.46,16757.0
2018-02-09 09:31:00,104.14,104.46,104.13,104.145,1853.0
2018-02-09 09:32:00,103.87,104.13,103.85,104.13,900.0
2018-02-09 09:33:00,104.08,104.08,104.08,104.08,100.0
2018-02-09 09:34:00,103.71,104.06,103.71,104.05,700.0
2018-02-09 09:35:00,103.71,103.9,103.56,103.83,14809.0
2018-02-09 09:36:00,103.315,103.86,103.21,103.86,6747.0
2018-02-09 09:37:00,103.56700000000001,103.7,103.45,103.46,5800.0
2018-02-09 09:38:00,103.42,103.73,103.42,103.595,20194.0
2018-02-09 09:39:00,103.7199,103.7199,103.275,103.39,2300.0
2018-02-09 09:40:00,103.45,103.545,103.45,103.545,600.0
2018-02-09 09:41:00,103.19,103.41,103.1,103.37,5593.0
2018-02-09 09:42:00,103.495,103.6,103.22,103.31,4900.0
2018-02-09 09:43:00,103.41,103.59,103.4,103.4649,2156.0
2018-02-09 09:44:00,103.51,103.59,103.33,103.43,4099.0
2018-02-09 09:45:00,103.81,103.81,103.535,103.6,6600.0
2018-02-09 09:46:00,103.46,103.83,103.46,103.83,1600.0
2018-02-09 09:47:00,103.73,103.73,103.62,103.62,1500.0
2018-02-09 09:48:00,103.95,104.0,103.95,103.95,3100.0
2018-02-09 09:49:00,103.65,103.9113,103.64,103.9,4032.0
2018-02-09 09:50:00,103.62,103.62,103.62,103.62,100.0
2018-02-09 09:51:00,103.5,103.6102,103.45,103.6102,1200.0
2018-02-09 09:52:00,103.505,103.51,103.505,103.51,315.0
2018-02-09 09:53:00,103.56,103.69,103.56,103.61,3350.0
2018-02-09 09:54:00,103.53,103.7,103.53,103.5948,1100.0
2018-02-09 09:55:00,103.68,103.69,103.42,103.5,3412.0
2018-02-09 09:56:00,103.77,103.95,103.77,103.84,1200.0
2018-02-09 09:57:00,103.66,103.71,103.545,103.71,2100.0
2018-02-09 09:58:00,103.47,103.69,103.29,103.68,2634.0
2018-02-09 09:59:00,103.3,103.5,103.27,103.48,900.0
2018-02-09 10:00:00,103.0,103.14,102.97,103.14,1600.0
2018-02-09 10:01:00,103.08,103.08,103.06,103.06,300.0
2018-02-09 10:02:00,103.2266,103.25,103.2266,103.25,300.0
2018-02-09 10:03:00,103.2464,103.31,103.2464,103.31,244.0
2018-02-09 10:04:00,103.11,103.27,103.07,103.27,3581.0
2018-02-09 10:05:00,103.12,103.2271,102.81,103.1,5732.0
2018-02-09 10:06:00,103.02,103.2,103.0,103.16,1500.0
2018-02-09 10:07:00,102.96,103.28,102.96,103.0,5100.0
2018-02-09 10:08:00,102.955,103.0,102.88,103.0,3100.0
2018-02-09 10:09:00,102.85,102.98,102.72,102.98,5977.0
2018-02-09 10:10:00,102.745,102.925,102.745,102.8903,7143.0
2018-02-09 10:11:00,102.67,102.71,102.57,102.69,3450.0
2018-02-09 10:12:00,102.69,102.69,102.6,102.6,1498.0
2018-02-09 10:13:00,102.66,102.73,102.51,102.71,5979.0
2018-02-09 10:14:00,102.74,102.86,102.73,102.73,2328.0
2018-02-09 10:15:00,102.74,102.86,102.62,102.83,2731.0
2018-02-09 10:16:00,102.67,102.76,102.57,102.67,3400.0
2018-02-09 10:17:00,102.9571,103.01,102.7056,102.7056,1602.0
2018-02-09 10:18:00,102.99,102.99,102.88,102.91,861.0
2018-02-09 10:19:00,102.97,103.035,102.83,102.83,1800.0
2018-02-09 10:20:00,103.09,103.09,103.08,103.08,300.0
2018-02-09 10:21:00,102.96,103.13,102.88,103.13,2600.0
2018-02-09 10:22:00,102.81,102.915,102.65,102.82,4008.0
2018-02-09 10:23:00,102.55,102.86,102.55,102.8,3100.0
2018-02-09 10:24:00,102.8,102.8,102.68,102.68,3131.0
2018-02-09 10:25:00,102.57,102.85,102.57,102.81,3800.0
2018-02-09 10:26:00,102.57,102.5718,102.57,102.5718,1700.0
2018-02-09 10:27:00,102.76,102.76,102.55,102.57,4685.0
2018-02-09 10:28:00,102.54,102.65,102.54,102.65,600.0
2018-02-09 10:29:00,102.6475,102.67,102.61,102.61,600.0
2018-02-09 10:30:00,102.455,102.74,102.3,102.74,6949.0
2018-02-09 10:31:00,102.56,102.57,102.36,102.4,1649.0
2018-02-09 10:32:00,102.53,102.57,102.53,102.57,500.0
2018-02-09 10:33:00,102.63,102.63,102.56,102.56,550.0
2018-02-09 10:34:00,102.64,102.72,102.64,102.71,400.0
2018-02-09 10:35:00,102.73,102.73,102.66,102.71,800.0
2018-02-09 10:36:00,102.53,102.685,102.51,102.685,1148.0
2018-02-09 10:37:00,102.65,102.65,102.46,102.555,1757.0
2018-02-09 10:38:00,102.5,102.69,102.5,102.69,2650.0
2018-02-09 10:39:00,102.21,102.49,102.21,102.47,2908.0
2018-02-09 10:40:00,102.06,102.31,102.06,102.21,5300.0
2018-02-09 10:41:00,101.97,102.06,101.86,102.06,7478.0
2018-02-09 10:42:00,101.88,101.99,101.64,101.98,8196.0
2018-02-09 10:43:00,101.74,101.93,101.74,101.9045,1050.0
2018-02-09 10:44:00,101.715,101.85,101.63,101.82,4514.0
2018-02-09 10:45:00,101.525,101.75,101.525,101.75,1300.0
2018-02-09 10:46:00,101.16,101.49,101.15,101.49,3200.0
2018-02-09 10:47:00,101.18,101.32,101.14,101.28,9520.0
2018-02-09 10:48:00,101.16,101.2,101.13,101.18,4345.0
2018-02-09 10:49:00,100.53,101.11,100.53,101.08,5452.0
2018-02-09 10:50:00,100.66,100.71,100.49,100.595,10500.0
2018-02-09 10:51:00,100.48,100.66,100.47,100.63,16455.0
2018-02-09 10:52:00,100.62,100.68,100.45,100.53,11246.0
2018-02-09 10:53:00,100.845,100.845,100.68,100.68,4980.0
2018-02-09 10:54:00,101.0625,101.17,100.94,100.94,2180.0
2018-02-09 10:55:00,101.58,101.58,101.15,101.22,3150.0
2018-02-09 10:56:00,101.485,101.6,101.32,101.46,1900.0
2018-02-09 10:57:00,101.45,101.61,101.45,101.57,2397.0
2018-02-09 10:58:00,101.5289,101.62,101.51,101.555,1599.0
2018-02-09 10:59:00,101.25,101.4489,101.25,101.42,3786.0
2018-02-09 11:00:00,101.22,101.24,101.14,101.23,1402.0
2018-02-09 11:01:00,101.3075,101.32,101.3075,101.31,446.0
2018-02-09 11:02:00,101.5375,101.66,101.44,101.44,900.0
2018-02-09 11:03:00,101.45,101.45,101.44,101.44,300.0
2018-02-09 11:04:00,101.78,101.78,101.565,101.565,756.0
2018-02-09 11:06:00,101.52,101.77,101.52,101.71,1100.0
2018-02-09 11:07:00,101.54,101.54,101.43,101.51,1500.0
2018-02-09 11:08:00,101.525,101.6086,101.45,101.6086,2300.0
2018-02-09 11:09:00,101.47,101.5898,101.43,101.5898,2996.0
2018-02-09 11:10:00,101.37,101.39,101.27,101.39,1200.0
2018-02-09 11:11:00,101.39,101.4,101.3625,101.39,500.0
2018-02-09 11:12:00,101.5,101.5509,101.5,101.5509,2980.0
2018-02-09 11:13:00,101.56,101.56,101.37,101.37,1321.0
2018-02-09 11:14:00,101.44,101.55,101.44,101.55,800.0
2018-02-09 11:15:00,101.505,101.5322,101.505,101.5322,2420.0
2018-02-09 11:16:00,101.36,101.43,101.36,101.43,700.0
2018-02-09 11:17:00,101.21,101.33,101.21,101.33,700.0
2018-02-09 11:18:00,101.29,101.29,101.09,101.21,3265.0
2018-02-09 11:19:00,101.085,101.29,100.97,101.29,4194.0
2018-02-09 11:20:00,101.165,101.22,101.09,101.09,600.0
2018-02-09 11:21:00,101.36,101.36,101.245,101.32,1560.0
2018-02-09 11:22:00,101.325,101.375,101.29,101.35,1400.0
2018-02-09 11:23:00,101.23,101.25,101.18,101.25,900.0
2018-02-09 11:24:00,101.14,101.28,101.14,101.27,600.0
2018-02-09 11:25:00,101.15,101.15,101.15,101.15,100.0
2018-02-09 11:26:00,101.21,101.37,101.125,101.21,900.0
2018-02-09 11:27:00,101.08,101.21,101.01,101.21,1100.0
2018-02-09 11:28:00,101.39,101.39,101.152,101.16,1450.0
2018-02-09 11:29:00,101.2,101.33,101.07,101.21,4990.0
2018-02-09 11:30:00,101.14,101.33,101.14,101.2,2906.0
2018-02-09 11:31:00,101.05,101.24,101.05,101.135,4100.0
2018-02-09 11:32:00,101.1629,101.17,101.02,101.084,4400.0
2018-02-09 11:33:00,101.18,101.24,101.16,101.23,2300.0
2018-02-09 11:34:00,101.3528,101.45,101.18,101.18,3800.0
2018-02-09 11:35:00,101.37,101.5,101.33,101.33,5369.0
2018-02-09 11:36:00,101.29,101.43,101.28,101.43,2300.0
2018-02-09 11:37:00,101.6,101.6,101.325,101.33,2400.0
2018-02-09 11:38:00,101.58,101.66,101.545,101.6,8146.0
2018-02-09 11:39:00,101.715,101.81,101.61,101.61,8229.0
2018-02-09 11:40:00,101.66,101.7,101.65,101.68,1600.0
2018-02-09 11:41:00,101.76,101.76,101.65,101.71,3500.0
2018-02-09 11:42:00,101.7,101.75,101.64,101.75,2444.0
2018-02-09 11:43:00,101.67,101.7,101.58,101.7,2200.0
2018-02-09 11:44:00,101.66,101.67,101.61,101.61,500.0
2018-02-09 11:45:00,101.62,101.64,101.6,101.64,1560.0
2018-02-09 11:46:00,101.64,101.64,101.55,101.6,1670.0
2018-02-09 11:47:00,101.47,101.57,101.47,101.56,2600.0
2018-02-09 11:48:00,101.49,101.51,101.49,101.49,503.0
2018-02-09 11:49:00,101.3701,101.49,101.3701,101.49,1301.0
2018-02-09 11:50:00,101.24,101.3701,101.23,101.3701,1360.0
2018-02-09 11:51:00,101.08,101.225,101.08,101.15,8500.0
2018-02-09 11:52:00,100.945,101.095,100.93,101.0501,3800.0
2018-02-09 11:53:00,100.92,101.02,100.79,101.02,7249.0
2018-02-09 11:54:00,100.98,100.98,100.9126,100.9405,2450.0
2018-02-09 11:55:00,100.95,100.99,100.87,100.9271,2900.0
2018-02-09 11:56:00,100.86,100.97,100.86,100.9275,1001.0
2018-02-09 11:57:00,100.86,100.86,100.85,100.85,500.0
2018-02-09 11:58:00,101.01,101.01,100.8,100.89,3310.0
2018-02-09 11:59:00,100.78,101.01,100.77,100.97,5400.0
2018-02-09 12:00:00,100.74,100.76,100.67,100.76,3840.0
2018-02-09 12:01:00,100.61,100.79,100.61,100.79,400.0
2018-02-09 12:02:00,100.705,100.7258,100.59,100.59,1500.0
2018-02-09 12:03:00,100.74,100.83,100.74,100.77,1425.0
2018-02-09 12:04:00,100.76,100.88,100.7,100.7,1900.0
2018-02-09 12:05:00,100.85,100.8888,100.79,100.8,860.0
2018-02-09 12:06:00,100.69,100.85,100.64,100.85,2000.0
2018-02-09 12:07:00,100.43,100.69,100.43,100.68,2626.0
2018-02-09 12:08:00,100.46,100.53,100.46,100.48,2300.0
2018-02-09 12:09:00,100.22,100.46,100.21,100.35,2801.0
2018-02-09 12:10:00,100.18,100.18,100.18,100.18,100.0
2018-02-09 12:11:00,100.5,100.5,100.17,100.17,2200.0
2018-02-09 12:12:00,100.47,100.49,100.36,100.49,1939.0
2018-02-09 12:13:00,100.2901,100.4,100.2901,100.33,2413.0
2018-02-09 12:14:00,100.39,100.39,100.24,100.32,1700.0
2018-02-09 12:15:00,100.27,100.29,100.24,100.29,1617.0
2018-02-09 12:16:00,100.3,100.54,100.3,100.36,1978.0
2018-02-09 12:17:00,100.34,100.44,100.28,100.28,1300.0
2018-02-09 12:18:00,100.44,100.47,100.32,100.4226,1772.0
2018-02-09 12:19:00,100.365,100.42,100.36,100.4,1300.0
2018-02-09 12:20:00,100.34,100.46,100.34,100.41,2476.0
2018-02-09 12:21:00,100.54,100.54,100.3691,100.39,1319.0
2018-02-09 12:22:00,100.82,100.82,100.56,100.56,1400.0
2018-02-09 12:23:00,100.73,100.83,100.73,100.79,860.0
2018-02-09 12:24:00,100.61,100.67,100.61,100.64,2400.0
2018-02-09 12:25:00,100.56,100.61,100.56,100.58,500.0
2018-02-09 12:26:00,100.46,100.59,100.46,100.52,1000.0
2018-02-09 12:27:00,100.355,100.39,100.29,100.39,590.0
2018-02-09 12:28:00,100.32,100.33,100.24,100.33,458.0
2018-02-09 12:29:00,100.19,100.32,100.13,100.21,2200.0
2018-02-09 12:30:00,99.81,100.33,99.81,100.29,6798.0
2018-02-09 12:31:00,100.04,100.12,99.81,99.81,1800.0
2018-02-09 12:32:00,100.115,100.12,100.035,100.035,900.0
2018-02-09 12:33:00,100.07,100.11,100.01,100.07,1600.0
2018-02-09 12:34:00,100.27,100.27,100.055,100.1089,6145.0
2018-02-09 12:35:00,100.22,100.29,100.17,100.26,2700.0
2018-02-09 12:36:00,100.15,100.27,100.12,100.26,2936.0
2018-02-09 12:37:00,100.19,100.2,100.07,100.08,900.0
2018-02-09 12:38:00,100.3,100.3,100.14,100.14,1100.0
2018-02-09 12:39:00,100.29,100.45,100.29,100.37,5500.0
2018-02-09 12:40:00,100.2,100.28,100.2,100.28,500.0
2018-02-09 12:41:00,100.1734,100.23,100.13,100.17,1718.0
2018-02-09 12:42:00,100.18,100.185,100.18,100.185,200.0
2018-02-09 12:43:00,100.14,100.22,100.12,100.13,3257.0
2018-02-09 12:44:00,100.09,100.15,100.09,100.1,1409.0
2018-02-09 12:45:00,99.935,100.07,99.935,100.04,560.0
2018-02-09 12:46:00,99.925,100.02,99.9,100.02,1100.0
2018-02-09 12:47:00,99.9,100.02,99.87,99.87,4200.0
2018-02-09 12:48:00,99.945,100.0,99.87,99.88,2400.0
2018-02-09 12:50:00,99.87,99.92,99.87,99.9,400.0
2018-02-09 12:51:00,99.89,99.92,99.87,99.92,2037.0
2018-02-09 12:52:00,100.17,100.17,99.89,99.89,2260.0
2018-02-09 12:54:00,100.14,100.25,100.14,100.25,500.0
2018-02-09 12:55:00,100.2,100.2,100.2,100.2,100.0
2018-02-09 12:56:00,100.28,100.28,100.27,100.27,400.0
2018-02-09 12:57:00,100.49,100.51,100.4,100.51,1100.0
2018-02-09 12:58:00,100.5566,100.5566,100.36,100.37,6700.0
2018-02-09 12:59:00,100.54,100.57,100.54,100.57,600.0
2018-02-09 13:00:00,100.84,100.84,100.63,100.63,1867.0
2018-02-09 13:01:00,100.65,100.7,100.55,100.69,1439.0
2018-02-09 13:02:00,100.65,100.65,100.6,100.6,400.0
2018-02-09 13:03:00,100.68,100.68,100.58,100.68,800.0
2018-02-09 13:04:00,100.62,100.62,100.54,100.55,1502.0
2018-02-09 13:05:00,100.64,100.65,100.5706,100.5706,1100.0
2018-02-09 13:06:00,100.58,100.7,100.54,100.67,7700.0
2018-02-09 13:07:00,100.58,100.58,100.53,100.58,600.0
2018-02-09 13:08:00,100.59,100.7,100.59,100.65,700.0
2018-02-09 13:10:00,100.44,100.51,100.44,100.51,1257.0
2018-02-09 13:11:00,100.37,100.38,100.37,100.38,600.0
2018-02-09 13:12:00,100.38,100.38,100.345,100.35,700.0
2018-02-09 13:13:00,100.27,100.27,100.09,100.23,2260.0
2018-02-09 13:14:00,100.25,100.25,100.16,100.16,400.0
2018-02-09 13:15:00,100.16,100.22,100.1,100.22,772.0
2018-02-09 13:16:00,100.16,100.27,100.15,100.21,2354.0
2018-02-09 13:17:00,100.23,100.32,100.13,100.14,1597.0
2018-02-09 13:18:00,100.34,100.35,100.14,100.15,2490.0
2018-02-09 13:19:00,100.29,100.29,100.29,100.29,100.0
2018-02-09 13:20:00,100.45,100.51,100.25,100.25,1000.0
2018-02-09 13:21:00,100.39,100.51,100.27,100.51,1330.0
2018-02-09 13:22:00,100.42,100.45,100.41,100.44,1900.0
2018-02-09 13:23:00,100.22,100.33,100.04,100.33,2100.0
2018-02-09 13:24:00,100.1,100.11,100.06,100.11,500.0
2018-02-09 13:25:00,100.12,100.12,99.93,100.09,700.0
2018-02-09 13:26:00,100.08,100.14,100.08,100.14,200.0
2018-02-09 13:27:00,100.0,100.17,99.98,100.12,2317.0
2018-02-09 13:28:00,99.835,99.99,99.79,99.99,1700.0
2018-02-09 13:29:00,99.85,99.94,99.82,99.87,1626.0
2018-02-09 13:30:00,100.04,100.11,99.87,99.93,1500.0
2018-02-09 13:31:00,99.92,99.96,99.84,99.88,1000.0
2018-02-09 13:32:00,100.03,100.08,99.98,100.03,1398.0
2018-02-09 13:33:00,99.84,100.015,99.81,100.015,1600.0
2018-02-09 13:34:00,99.9,100.03,99.88,99.96,2013.0
2018-02-09 13:35:00,99.84,100.02,99.84,99.965,9609.0
2018-02-09 13:36:00,99.95,99.99,99.87,99.87,1299.0
2018-02-09 13:37:00,99.78,99.85,99.78,99.85,2300.0
2018-02-09 13:38:00,99.55,99.67,99.52,99.65,2940.0
2018-02-09 13:39:00,99.57,99.57,99.47,99.57,2743.0
2018-02-09 13:40:00,99.5,99.645,99.5,99.645,1000.0
2018-02-09 13:41:00,99.74,99.74,99.56,99.62,2113.0
2018-02-09 13:42:00,99.77,99.8,99.64,99.69,2813.0
2018-02-09 13:43:00,100.14,100.14,99.93,99.93,1639.0
2018-02-09 13:44:00,100.2099,100.33,100.115,100.2,5660.0
2018-02-09 13:45:00,100.31,100.32,100.1,100.11,2710.0
2018-02-09 13:46:00,100.46,100.49,100.36,100.36,1400.0
2018-02-09 13:47:00,100.74,100.74,100.48,100.52,2945.0
2018-02-09 13:48:00,100.65,100.65,100.52,100.6,1100.0
2018-02-09 13:49:00,100.69,100.71,100.51,100.62,1584.0
2018-02-09 13:50:00,100.82,100.82,100.68,100.71,1400.0
2018-02-09 13:51:00,100.7,100.77,100.67,100.69,3950.0
2018-02-09 13:52:00,100.8107,100.84,100.68,100.68,650.0
2018-02-09 13:53:00,100.91,101.0,100.86,100.86,2363.0
2018-02-09 13:54:00,100.95,100.95,100.8,100.87,2502.0
2018-02-09 13:55:00,101.03,101.24,101.02,101.16,1495.0
2018-02-09 13:56:00,101.38,101.43,101.21,101.22,2383.0
2018-02-09 13:57:00,101.46,101.46,101.43,101.43,600.0
2018-02-09 13:58:00,101.47,101.47,101.33,101.44,800.0
2018-02-09 13:59:00,101.35,101.48,101.28,101.47,4641.0
2018-02-09 14:00:00,101.17,101.44,101.17,101.39,2200.0
2018-02-09 14:01:00,101.4,101.4,101.2,101.21,1500.0
2018-02-09 14:02:00,101.57,101.57,101.47,101.47,612.0
2018-02-09 14:03:00,101.82,101.82,101.405,101.52,3812.0
2018-02-09 14:04:00,102.05,102.05,101.78,101.78,1500.0
2018-02-09 14:05:00,101.82,102.02,101.81,102.02,2103.0
2018-02-09 14:06:00,101.89,101.93,101.69,101.83,5174.0
2018-02-09 14:07:00,101.95,101.95,101.79,101.875,2310.0
2018-02-09 14:08:00,101.91,102.0,101.78,101.94,2601.0
2018-02-09 14:09:00,102.04,102.04,101.82,102.02,1548.0
2018-02-09 14:10:00,102.03,102.03,101.71,101.83,3028.0
2018-02-09 14:11:00,102.2,102.2,102.08,102.08,312.0
2018-02-09 14:12:00,102.09,102.28,102.09,102.28,800.0
2018-02-09 14:13:00,102.09,102.36,102.09,102.235,3000.0
2018-02-09 14:14:00,102.09,102.11,101.98,102.11,800.0
2018-02-09 14:15:00,102.15,102.19,102.15,102.19,1451.0
2018-02-09 14:16:00,102.13,102.27,102.1,102.27,1296.0
2018-02-09 14:17:00,102.19,102.3,102.19,102.3,700.0
2018-02-09 14:18:00,102.455,102.47,102.28,102.36,4251.0
2018-02-09 14:19:00,102.67,102.67,102.31,102.36,950.0
2018-02-09 14:20:00,102.58,102.58,102.4,102.5495,1735.0
2018-02-09 14:21:00,102.49,102.59,102.49,102.59,444.0
2018-02-09 14:22:00,102.57,102.61,102.33,102.5,2738.0
2018-02-09 14:23:00,102.64,102.68,102.47,102.65,6916.0
2018-02-09 14:24:00,102.745,102.76,102.68,102.695,1078.0
2018-02-09 14:25:00,102.91,102.91,102.785,102.8,700.0
2018-02-09 14:26:00,102.99,103.288,102.94,102.99,3444.0
2018-02-09 14:27:00,102.8929,103.01,102.89,102.93,2686.0
2018-02-09 14:28:00,102.7818,102.86,102.7818,102.84,1040.0
2018-02-09 14:29:00,102.5,102.88,102.5,102.84,1680.0
2018-02-09 14:30:00,102.29,102.52,102.29,102.51,2020.0
2018-02-09 14:31:00,102.088,102.47,102.088,102.37,2600.0
2018-02-09 14:32:00,102.47,102.5,102.21,102.21,5434.0
2018-02-09 14:33:00,102.4,102.465,102.32,102.4,2897.0
2018-02-09 14:34:00,102.25,102.42,102.24,102.36,2600.0
2018-02-09 14:35:00,102.235,102.41,102.235,102.26,2200.0
2018-02-09 14:36:00,102.01,102.25,102.0,102.25,3540.0
2018-02-09 14:37:00,102.24,102.24,102.01,102.02,3900.0
2018-02-09 14:38:00,102.41,102.41,102.17,102.17,1000.0
2018-02-09 14:39:00,102.4,102.47,102.2703,102.47,1926.0
2018-02-09 14:40:00,102.46,102.46,102.29,102.41,1372.0
2018-02-09 14:41:00,102.45,102.65,102.44,102.54,2400.0
2018-02-09 14:42:00,102.45,102.56,102.45,102.51,500.0
2018-02-09 14:43:00,102.4899,102.4899,102.41,102.47,360.0
2018-02-09 14:44:00,102.26,102.49600000000001,102.26,102.49600000000001,653.0
2018-02-09 14:45:00,102.41,102.41,102.3106,102.3106,1300.0
2018-02-09 14:46:00,102.45,102.5,102.38,102.38,700.0
2018-02-09 14:47:00,102.59,102.65,102.51,102.57,3500.0
2018-02-09 14:48:00,102.35,102.59,102.35,102.59,1424.0
2018-02-09 14:49:00,102.51,102.51,102.2688,102.41,15288.0
2018-02-09 14:50:00,102.35,102.73,102.34,102.52,14417.0
2018-02-09 14:51:00,102.57,102.57,102.415,102.415,2401.0
2018-02-09 14:52:00,102.72,102.78,102.52,102.535,2877.0
2018-02-09 14:53:00,102.78,102.81,102.68,102.81,3496.0
2018-02-09 14:54:00,102.9041,102.92,102.81,102.88,1823.0
2018-02-09 14:55:00,102.73,102.77,102.73,102.76,2000.0
2018-02-09 14:56:00,102.51,102.68,102.46,102.68,1293.0
2018-02-09 14:57:00,102.45,102.52,102.43,102.44,2009.0
2018-02-09 14:58:00,102.49,102.56,102.47,102.5085,1620.0
2018-02-09 14:59:00,102.3,102.45,102.3,102.45,1371.0
2018-02-09 15:00:00,102.27,102.34,102.24,102.24,2700.0
2018-02-09 15:01:00,102.19,102.2698,102.12,102.2698,1010.0
2018-02-09 15:02:00,102.12,102.26,102.04,102.21,3096.0
2018-02-09 15:03:00,102.08,102.1204,101.93,102.1204,3100.0
2018-02-09 15:04:00,102.16,102.24,102.1,102.1,1749.0
2018-02-09 15:05:00,101.93,101.97,101.92,101.97,800.0
2018-02-09 15:06:00,101.95,102.06,101.88,101.88,2334.0
2018-02-09 15:07:00,101.85,101.97,101.85,101.97,1600.0
2018-02-09 15:08:00,101.91,101.97,101.83,101.97,1500.0
2018-02-09 15:09:00,101.74,101.87,101.7,101.83,2274.0
2018-02-09 15:10:00,101.78,101.78,101.55,101.78,2537.0
2018-02-09 15:11:00,101.67,101.71,101.66,101.71,762.0
2018-02-09 15:12:00,101.59299999999999,101.7457,101.52,101.69,1550.0
2018-02-09 15:13:00,101.91,101.91,101.63,101.64,2000.0
2018-02-09 15:14:00,101.86,101.87,101.86,101.87,300.0
2018-02-09 15:15:00,102.26,102.26,102.03,102.03,2600.0
2018-02-09 15:16:00,102.35,102.35,102.21,102.32,3320.0
2018-02-09 15:17:00,102.24,102.25,102.12,102.25,1200.0
2018-02-09 15:18:00,102.42,102.42,102.2101,102.2101,3718.0
2018-02-09 15:19:00,102.405,102.46,102.33,102.33,1000.0
2018-02-09 15:20:00,102.43,102.43,102.35,102.36,700.0
2018-02-09 15:21:00,102.69,102.69,102.43,102.44,1802.0
2018-02-09 15:22:00,102.505,102.77,102.505,102.69,4386.0
2018-02-09 15:23:00,102.61,102.61,102.54,102.54,1200.0
2018-02-09 15:24:00,102.54,102.62,102.54,102.56,614.0
2018-02-09 15:25:00,102.5,102.6,102.5,102.6,300.0
2018-02-09 15:26:00,102.25,102.37,102.241,102.37,872.0
2018-02-09 15:27:00,102.44,102.52,102.3,102.3,2210.0
2018-02-09 15:28:00,102.5,102.5,102.38,102.4,1400.0
2018-02-09 15:29:00,102.84,102.84,102.531,102.55,1969.0
2018-02-09 15:30:00,102.7475,102.81,102.66,102.81,3620.0
2018-02-09 15:31:00,102.72200000000001,102.8,102.61,102.66,3190.0
2018-02-09 15:32:00,102.75,102.8,102.63,102.67,4085.0
2018-02-09 15:33:00,102.87,102.93,102.69,102.69,1400.0
2018-02-09 15:34:00,102.98,103.01,102.83,102.83,3100.0
2018-02-09 15:35:00,102.94,102.99,102.87,102.99,2100.0
2018-02-09 15:36:00,102.91,103.03,102.89,102.945,2600.0
2018-02-09 15:37:00,102.73,102.94,102.73,102.88,2571.0
2018-02-09 15:38:00,102.93,102.94,102.77,102.77,4760.0
2018-02-09 15:39:00,102.91,102.95,102.86,102.89,1000.0
2018-02-09 15:40:00,102.87,103.02,102.78,102.88,4514.0
2018-02-09 15:41:00,103.0,103.0,102.91,102.91,1050.0
2018-02-09 15:42:00,103.16,103.16,103.04,103.04,2703.0
2018-02-09 15:43:00,103.28,103.3,103.23,103.23,800.0
2018-02-09 15:44:00,103.35,103.39,103.27,103.36,4176.0
2018-02-09 15:45:00,103.49,103.49,103.39,103.39,2800.0
2018-02-09 15:46:00,103.69,103.7,103.42,103.44,6880.0
2018-02-09 15:47:00,103.82,103.91,103.63,103.64,4680.0
2018-02-09 15:48:00,103.9,104.1,103.78,103.87,6486.0
2018-02-09 15:49:00,103.92,104.12,103.87,103.9,5067.0
2018-02-09 15:50:00,103.89,103.9893,103.6,103.94,7963.0
2018-02-09 15:51:00,103.89,104.02,103.77,103.87,4259.0
2018-02-09 15:52:00,104.39,104.41,103.96,103.98,15482.0
2018-02-09 15:53:00,104.19,104.35,104.17,104.35,20088.0
2018-02-09 15:54:00,104.2,104.3,104.13,104.16,9788.0
2018-02-09 15:55:00,104.14,104.29,104.14,104.21,11164.0
2018-02-09 15:56:00,104.12,104.13,103.825,104.13,9650.0
2018-02-09 15:57:00,103.94,104.15,103.94,104.12,11681.0
2018-02-09 15:58:00,103.8,104.01,103.7,104.01,9550.0
2018-02-09 15:59:00,103.61,103.86,103.61,103.83,32217.0
2018-02-09 16:00:00,103.76,103.81,103.52,103.615,48460.0
2018-02-12 09:30:00,103.89,103.89,103.89,103.89,15841.0
2018-02-12 09:31:00,103.94,103.99,102.54,102.59,800.0
2018-02-12 09:32:00,104.18,104.18,103.945,103.945,1075.0
2018-02-12 09:34:00,104.345,104.345,104.345,104.345,200.0
2018-02-12 09:35:00,104.17,104.66,104.17,104.53,6400.0
2018-02-12 09:36:00,104.2,104.48,104.2,104.435,9030.0
2018-02-12 09:37:00,104.345,104.585,104.26,104.37,2900.0
2018-02-12 09:38:00,104.27,104.3795,104.19,104.35,2200.0
2018-02-12 09:39:00,104.3689,104.37,104.08,104.22,4100.0
2018-02-12 09:40:00,104.35,104.52,104.31,104.33,5486.0
2018-02-12 09:41:00,104.34,104.69,104.14,104.36,10526.0
2018-02-12 09:42:00,104.4252,104.4252,104.27,104.27,300.0
2018-02-12 09:43:00,104.45,104.45,104.3977,104.43,1200.0
2018-02-12 09:45:00,104.42,104.4685,104.42,104.4685,240.0
2018-02-12 09:46:00,103.97,104.54,103.97,104.54,1500.0
2018-02-12 09:47:00,103.92,104.02,103.92,103.97,400.0
2018-02-12 09:48:00,103.5801,103.93,103.5801,103.84,700.0
2018-02-12 09:49:00,103.42,103.62,103.42,103.58,2158.0
2018-02-12 09:50:00,103.315,103.3619,103.22,103.3619,1200.0
2018-02-12 09:51:00,103.37,103.42,103.18,103.39,4175.0
2018-02-12 09:52:00,103.42,103.535,103.42,103.535,1975.0
2018-02-12 09:53:00,103.45,103.49,103.38,103.41,1500.0
2018-02-12 09:54:00,103.57,103.57,103.56,103.56,300.0
2018-02-12 09:55:00,103.475,103.53200000000001,103.41,103.41,335.0
2018-02-12 09:56:00,103.5,103.5,103.42,103.495,1892.0
2018-02-12 09:57:00,103.67,103.67,103.52,103.56,1400.0
2018-02-12 09:58:00,103.695,103.78,103.695,103.75,500.0
2018-02-12 09:59:00,103.55,103.6,103.55,103.6,1738.0
2018-02-12 10:00:00,103.195,103.35,103.195,103.35,1700.0
2018-02-12 10:01:00,103.2612,103.36,103.26,103.26,1410.0
2018-02-12 10:02:00,103.1703,103.4,103.1701,103.4,1600.0
2018-02-12 10:03:00,103.39,103.39,103.295,103.295,6000.0
2018-02-12 10:04:00,103.69,103.69,103.5,103.5,500.0
2018-02-12 10:05:00,103.78,103.96,103.76,103.8,7100.0
2018-02-12 10:06:00,103.805,103.83,103.77,103.83,1900.0
2018-02-12 10:07:00,103.82,103.83,103.68,103.83,6530.0
2018-02-12 10:08:00,103.73,103.82,103.72,103.82,2200.0
2018-02-12 10:10:00,103.58,103.695,103.57,103.695,2397.0
2018-02-12 10:11:00,103.54,103.54,103.51,103.54,920.0
2018-02-12 10:12:00,103.6725,103.81,103.6,103.6,4400.0
2018-02-12 10:13:00,103.57,103.69,103.57,103.69,1800.0
2018-02-12 10:14:00,103.53,103.67,103.53,103.59,1400.0
2018-02-12 10:15:00,103.655,103.71,103.545,103.545,2300.0
2018-02-12 10:16:00,103.605,103.6699,103.54,103.6699,3625.0
2018-02-12 10:17:00,103.64,103.65,103.6,103.6,1200.0
2018-02-12 10:18:00,103.79,103.79,103.7,103.74,2800.0
2018-02-12 10:19:00,103.7,103.82,103.7,103.79,3900.0
2018-02-12 10:20:00,103.67,103.69,103.55,103.69,3500.0
2018-02-12 10:21:00,103.57,103.57,103.52,103.55,800.0
2018-02-12 10:22:00,103.63,103.64,103.57,103.57,1000.0
2018-02-12 10:23:00,103.54,103.71,103.54,103.71,8710.0
2018-02-12 10:24:00,103.22,103.6,103.21,103.565,6626.0
2018-02-12 10:25:00,103.41,103.47,103.26,103.41,6450.0
2018-02-12 10:26:00,103.405,103.4254,103.28,103.32,3177.0
2018-02-12 10:27:00,103.23,103.33,103.23,103.33,600.0
2018-02-12 10:28:00,103.3,103.33,103.22,103.25,2800.0
2018-02-12 10:29:00,103.47,103.5,103.31,103.31,1500.0
2018-02-12 10:30:00,103.49,103.55,103.47,103.47,4545.0
2018-02-12 10:31:00,103.39,103.53,103.39,103.53,3778.0
2018-02-12 10:32:00,103.39,103.41,103.18,103.34,2800.0
2018-02-12 10:33:00,103.27,103.335,103.18,103.335,2000.0
2018-02-12 10:34:00,103.28,103.286,103.19,103.19,1000.0
2018-02-12 10:35:00,103.38,103.46,103.355,103.355,600.0
2018-02-12 10:36:00,103.685,103.73,103.64,103.64,2000.0
2018-02-12 10:37:00,103.77,103.77,103.695,103.73,1451.0
2018-02-12 10:38:00,103.77,103.84,103.7,103.73,4297.0
2018-02-12 10:39:00,103.74,103.76,103.71,103.76,1400.0
2018-02-12 10:40:00,103.55,103.78,103.55,103.745,4300.0
2018-02-12 10:41:00,103.59,103.59,103.47,103.53,1600.0
2018-02-12 10:42:00,103.53,103.53,103.47,103.48,800.0
2018-02-12 10:43:00,103.43,103.48,103.42,103.47,2200.0
2018-02-12 10:44:00,103.415,103.47,103.31,103.44,4000.0
2018-02-12 10:45:00,103.39,103.46,103.39,103.415,900.0
2018-02-12 10:46:00,103.46,103.5,103.35,103.39,3950.0
2018-02-12 10:47:00,103.64,103.64,103.515,103.52,1300.0
2018-02-12 10:48:00,103.495,103.64,103.48,103.64,3055.0
2018-02-12 10:49:00,103.645,103.645,103.495,103.495,700.0
2018-02-12 10:50:00,103.6,103.65,103.57,103.59,963.0
2018-02-12 10:51:00,103.73,103.85,103.69,103.84,3250.0
2018-02-12 10:52:00,103.69,103.79,103.69,103.73,1300.0
2018-02-12 10:53:00,103.65,103.68,103.65,103.68,400.0
2018-02-12 10:54:00,103.51,103.64,103.49,103.64,1900.0
2018-02-12 10:55:00,103.6,103.6,103.55,103.55,1900.0
2018-02-12 10:56:00,103.73,103.8,103.6085,103.6085,2900.0
2018-02-12 10:57:00,103.93,103.98,103.81,103.81,1300.0
2018-02-12 10:58:00,104.04,104.04,103.85,103.98,6853.0
2018-02-12 10:59:00,104.16,104.19,104.09,104.09,400.0
2018-02-12 11:00:00,104.27,104.27,104.18,104.18,1000.0
2018-02-12 11:01:00,104.11,104.285,104.08,104.27,5200.0
2018-02-12 11:02:00,104.01,104.06,104.01,104.06,1000.0
2018-02-12 11:03:00,103.82,103.82,103.82,103.82,100.0
2018-02-12 11:04:00,104.07,104.07,103.9,103.9,2200.0
2018-02-12 11:05:00,104.14,104.17,104.12,104.1699,1130.0
2018-02-12 11:06:00,104.26,104.28,104.08,104.12,2100.0
2018-02-12 11:07:00,104.16,104.27,104.16,104.21,1600.0
2018-02-12 11:08:00,104.215,104.215,104.215,104.215,100.0
2018-02-12 11:09:00,104.05,104.19,104.05,104.17,1300.0
2018-02-12 11:10:00,104.29,104.31,104.13,104.13,1900.0
2018-02-12 11:11:00,104.24,104.3,104.24,104.3,700.0
2018-02-12 11:12:00,104.17,104.24,104.15,104.22,1473.0
2018-02-12 11:13:00,104.36,104.45,104.24,104.24,2496.0
2018-02-12 11:14:00,104.58,104.58,104.53,104.57,800.0
2018-02-12 11:15:00,104.67,104.73,104.6,104.68,3627.0
2018-02-12 11:16:00,104.72,104.78,104.66,104.68,2800.0
2018-02-12 11:17:00,104.66,104.78,104.66,104.78,4755.0
2018-02-12 11:18:00,104.74,104.76,104.65,104.65,833.0
2018-02-12 11:19:00,104.82,104.87,104.8,104.8,2384.0
2018-02-12 11:20:00,104.96,104.96,104.76,104.84,4947.0
2018-02-12 11:21:00,105.11,105.11,104.92,104.975,7104.0
2018-02-12 11:22:00,105.15,105.15,105.07,105.07,1300.0
2018-02-12 11:23:00,105.18,105.26,105.13,105.17,2808.0
2018-02-12 11:24:00,105.2,105.22,105.12,105.19,3475.0
2018-02-12 11:25:00,105.4,105.4,105.16,105.16,1924.0
2018-02-12 11:26:00,105.2,105.36,105.16,105.35,7276.0
2018-02-12 11:27:00,105.2,105.235,105.15,105.15,1400.0
2018-02-12 11:28:00,105.28,105.36,105.23,105.26,8200.0
2018-02-12 11:29:00,105.3,105.34,105.28,105.31,2400.0
2018-02-12 11:30:00,105.32,105.43,105.32,105.35,4400.0
2018-02-12 11:31:00,105.31,105.43,105.29,105.31,5630.0
2018-02-12 11:32:00,105.28,105.29,105.21,105.28,2900.0
2018-02-12 11:33:00,105.21,105.28,105.2,105.22,5700.0
2018-02-12 11:34:00,105.27,105.33,105.25,105.25,4836.0
2018-02-12 11:35:00,105.47,105.47,105.27,105.27,2500.0
2018-02-12 11:36:00,105.41,105.47,105.37,105.47,7250.0
2018-02-12 11:37:00,105.41,105.41,105.32,105.4,1200.0
2018-02-12 11:38:00,105.5,105.5,105.37,105.37,2446.0
2018-02-12 11:39:00,105.58,105.59,105.48,105.5,1400.0
2018-02-12 11:40:00,105.68,105.68,105.51,105.51,2075.0
2018-02-12 11:41:00,105.6,105.71,105.6,105.63,3500.0
2018-02-12 11:42:00,105.55,105.63,105.53,105.58,2748.0
2018-02-12 11:43:00,105.47,105.49,105.43,105.49,1361.0
2018-02-12 11:44:00,105.43,105.54,105.41,105.41,5808.0
2018-02-12 11:45:00,105.42,105.46,105.36,105.37,2450.0
2018-02-12 11:46:00,105.38,105.41,105.33,105.41,3250.0
2018-02-12 11:47:00,105.55,105.55,105.42,105.42,844.0
2018-02-12 11:48:00,105.73899999999999,105.73899999999999,105.63,105.65,2800.0
2018-02-12 11:49:00,105.59,105.6978,105.59,105.67,3009.0
2018-02-12 11:50:00,105.65,105.66,105.6,105.6,2260.0
2018-02-12 11:51:00,105.71,105.74,105.67,105.67,1340.0
2018-02-12 11:52:00,105.75,105.75,105.68,105.71,2300.0
2018-02-12 11:53:00,105.66,105.7482,105.66,105.7,1227.0
2018-02-12 11:54:00,105.85,105.85,105.71,105.71,400.0
2018-02-12 11:55:00,105.69,105.85,105.6,105.85,7451.0
2018-02-12 11:56:00,105.78,105.78,105.7,105.71,2700.0
2018-02-12 11:57:00,106.11,106.11,105.81,105.81,3000.0
2018-02-12 11:58:00,105.96,106.1,105.96,106.09,4498.0
2018-02-12 11:59:00,106.0,106.0,105.93,105.96,2089.0
2018-02-12 12:00:00,106.12,106.16,106.03,106.03,1500.0
2018-02-12 12:01:00,106.05,106.17,106.05,106.17,3939.0
2018-02-12 12:02:00,106.08,106.11,106.04,106.05,2000.0
2018-02-12 12:03:00,106.21,106.22,106.14,106.15,700.0
2018-02-12 12:04:00,106.2,106.26,106.12,106.26,1800.0
2018-02-12 12:05:00,106.23,106.24,106.16,106.21,2500.0
2018-02-12 12:06:00,106.08,106.2,106.08,106.2,2000.0
2018-02-12 12:08:00,106.09,106.12,106.03200000000001,106.07,1800.0
2018-02-12 12:09:00,106.12,106.13,106.06,106.07,800.0
2018-02-12 12:10:00,106.17,106.25,106.08,106.11,3205.0
2018-02-12 12:11:00,106.13,106.18,106.13,106.18,602.0
2018-02-12 12:12:00,106.09,106.21,106.09,106.1,1500.0
2018-02-12 12:13:00,106.09,106.09,106.09,106.09,100.0
2018-02-12 12:14:00,106.24,106.24,106.14,106.17,1600.0
2018-02-12 12:15:00,106.43,106.43,106.16,106.26,5650.0
2018-02-12 12:16:00,106.47,106.52,106.29,106.39,4800.0
2018-02-12 12:17:00,106.5,106.51,106.44,106.51,1900.0
2018-02-12 12:18:00,106.59,106.59,106.47,106.49,2400.0
2018-02-12 12:19:00,106.55,106.55,106.49,106.52,1704.0
2018-02-12 12:20:00,106.58,106.58,106.5083,106.51,800.0
2018-02-12 12:21:00,106.51,106.63,106.5,106.6,3000.0
2018-02-12 12:22:00,106.44200000000001,106.5,106.41,106.5,1000.0
2018-02-12 12:23:00,106.36,106.4008,106.36,106.37,400.0
2018-02-12 12:24:00,106.5,106.5,106.37,106.37,1000.0
2018-02-12 12:25:00,106.59,106.59,106.44,106.44,1450.0
2018-02-12 12:26:00,106.45,106.62,106.45,106.62,4000.0
2018-02-12 12:27:00,106.51,106.53,106.48,106.49,2700.0
2018-02-12 12:28:00,106.54,106.54,106.44,106.5,1600.0
2018-02-12 12:29:00,106.4785,106.49,106.4785,106.49,320.0
2018-02-12 12:30:00,106.42,106.51,106.42,106.45,800.0
2018-02-12 12:31:00,106.25,106.41,106.25,106.41,1000.0
2018-02-12 12:33:00,106.13,106.18,106.13,106.18,300.0
2018-02-12 12:34:00,106.17,106.21,106.15,106.15,1500.0
2018-02-12 12:35:00,106.02,106.13,106.02,106.12,1500.0
2018-02-12 12:36:00,106.01,106.09,105.99,106.09,1400.0
2018-02-12 12:37:00,106.04,106.04,106.03,106.03,800.0
2018-02-12 12:38:00,106.0,106.0,106.0,106.0,200.0
2018-02-12 12:39:00,106.02,106.07,106.02,106.02,900.0
2018-02-12 12:40:00,106.07,106.07,106.0214,106.0214,376.0
2018-02-12 12:41:00,106.0,106.11,105.96,106.045,1700.0
2018-02-12 12:42:00,106.055,106.055,105.86,105.98,2336.0
2018-02-12 12:43:00,106.0,106.11,106.0,106.11,1000.0
2018-02-12 12:44:00,105.985,105.985,105.985,105.985,200.0
2018-02-12 12:45:00,105.92,105.95,105.92,105.93,500.0
2018-02-12 12:46:00,105.99,106.06,105.92,105.92,2400.0
2018-02-12 12:47:00,105.98,106.03,105.98,106.03,300.0
2018-02-12 12:48:00,105.89,105.98,105.89,105.935,2410.0
2018-02-12 12:49:00,105.9,105.9,105.9,105.9,100.0
2018-02-12 12:50:00,105.88,105.89,105.88,105.89,200.0
2018-02-12 12:51:00,105.91,105.97,105.89,105.89,1100.0
2018-02-12 12:52:00,105.94,105.94,105.93,105.93,200.0
2018-02-12 12:53:00,106.03,106.03,105.94,105.94,880.0
2018-02-12 12:54:00,106.04,106.04,105.99,106.01,1001.0
2018-02-12 12:55:00,106.05,106.05,106.05,106.05,300.0
2018-02-12 12:56:00,105.98,106.0669,105.97,106.04,614.0
2018-02-12 12:57:00,105.94,105.97,105.94,105.97,300.0
2018-02-12 12:58:00,105.8,105.9,105.79,105.9,1100.0
2018-02-12 13:00:00,105.87,105.87,105.85,105.85,400.0
2018-02-12 13:01:00,106.01,106.01,105.91,105.91,1598.0
2018-02-12 13:02:00,105.9,105.935,105.9,105.935,300.0
2018-02-12 13:03:00,105.99,105.99,105.92,105.92,700.0
2018-02-12 13:04:00,106.0,106.0,106.0,106.0,100.0
2018-02-12 13:05:00,106.01,106.01,105.99,105.99,400.0
2018-02-12 13:06:00,105.87,105.96,105.87,105.96,600.0
2018-02-12 13:07:00,105.7694,105.7694,105.7694,105.7694,250.0
2018-02-12 13:08:00,105.73,105.77,105.73,105.74,300.0
2018-02-12 13:10:00,105.605,105.72,105.6,105.72,400.0
2018-02-12 13:11:00,105.66,105.68,105.64,105.655,1800.0
2018-02-12 13:12:00,105.63,105.7,105.6,105.63,2200.0
2018-02-12 13:13:00,105.72,105.74,105.63,105.64,1100.0
2018-02-12 13:14:00,105.66,105.71,105.66,105.69,300.0
2018-02-12 13:15:00,105.75,105.79,105.73,105.73,710.0
2018-02-12 13:17:00,105.73,105.83,105.73,105.805,1000.0
2018-02-12 13:18:00,105.84,105.84,105.79,105.79,300.0
2018-02-12 13:19:00,105.77,105.77,105.77,105.77,100.0
2018-02-12 13:20:00,105.79,105.79,105.74,105.74,600.0
2018-02-12 13:21:00,105.71,105.77,105.71,105.77,700.0
2018-02-12 13:22:00,105.77,105.77,105.74,105.74,396.0
2018-02-12 13:24:00,105.92,105.93,105.85,105.85,1600.0
2018-02-12 13:25:00,105.9,105.9,105.9,105.9,300.0
2018-02-12 13:26:00,105.78,105.83,105.78,105.83,600.0
2018-02-12 13:29:00,105.77,105.81,105.77,105.81,900.0
2018-02-12 13:30:00,105.73,105.75,105.72,105.75,600.0
2018-02-12 13:31:00,105.75,105.79,105.72,105.76,2926.0
2018-02-12 13:32:00,105.705,105.7439,105.66,105.72,3894.0
2018-02-12 13:33:00,105.6,105.65,105.6,105.64200000000001,1359.0
2018-02-12 13:36:00,105.61,105.61,105.61,105.61,100.0
2018-02-12 13:37:00,105.66,105.66,105.6,105.6,400.0
2018-02-12 13:38:00,105.55,105.61,105.55,105.6,400.0
2018-02-12 13:39:00,105.56,105.58,105.49,105.57,2500.0
2018-02-12 13:40:00,105.625,105.67,105.56,105.56,1900.0
2018-02-12 13:42:00,105.6065,105.635,105.59,105.635,1165.0
2018-02-12 13:43:00,105.65,105.65,105.58,105.6,900.0
2018-02-12 13:44:00,105.65,105.655,105.6,105.61,1500.0
2018-02-12 13:45:00,105.61,105.62,105.6,105.62,505.0
2018-02-12 13:47:00,105.59,105.59,105.5706,105.58,737.0
2018-02-12 13:48:00,105.67,105.67,105.62,105.62,1600.0
2018-02-12 13:50:00,105.68,105.715,105.65,105.7,2300.0
2018-02-12 13:51:00,105.705,105.74,105.7,105.7,820.0
2018-02-12 13:52:00,105.87,105.87,105.7,105.7,800.0
2018-02-12 13:53:00,105.885,105.9,105.78,105.81,1500.0
2018-02-12 13:54:00,105.94,105.94,105.94,105.94,100.0
2018-02-12 13:55:00,106.1,106.1,105.94,106.0,1000.0
2018-02-12 13:56:00,106.13,106.14,106.1,106.14,700.0
2018-02-12 13:57:00,106.24,106.32,106.18,106.18,1955.0
2018-02-12 13:58:00,106.27,106.29,106.27,106.27,300.0
2018-02-12 13:59:00,106.3,106.3,106.2,106.3,400.0
2018-02-12 14:00:00,106.26,106.31,106.26,106.31,400.0
2018-02-12 14:01:00,106.14,106.1715,106.14,106.1715,408.0
2018-02-12 14:02:00,106.08,106.1357,106.08,106.125,2393.0
2018-02-12 14:03:00,106.06,106.08,106.06,106.08,800.0
2018-02-12 14:04:00,106.01,106.12,106.01,106.06,2800.0
2018-02-12 14:05:00,105.95,105.95,105.95,105.95,100.0
2018-02-12 14:06:00,105.97,106.0,105.97,105.99,500.0
2018-02-12 14:07:00,106.0,106.02,105.93,105.93,1000.0
2018-02-12 14:08:00,105.77,105.85,105.77,105.85,800.0
2018-02-12 14:09:00,105.63,105.73,105.63,105.73,600.0
2018-02-12 14:10:00,105.68,105.68,105.57,105.57,1482.0
2018-02-12 14:11:00,105.7199,105.7199,105.57,105.61,3184.0
2018-02-12 14:12:00,105.71,105.71,105.65,105.68,2800.0
2018-02-12 14:13:00,105.65,105.6774,105.65,105.6774,224.0
2018-02-12 14:15:00,105.535,105.64,105.535,105.64,1189.0
2018-02-12 14:16:00,105.52,105.56,105.52,105.52,1151.0
2018-02-12 14:17:00,105.53,105.565,105.51,105.565,1000.0
2018-02-12 14:18:00,105.61,105.61,105.44,105.525,1800.0
2018-02-12 14:19:00,105.57,105.57,105.57,105.57,100.0
2018-02-12 14:20:00,105.58,105.58,105.58,105.58,203.0
2018-02-12 14:21:00,105.63,105.63,105.59,105.59,500.0
2018-02-12 14:22:00,105.73,105.77,105.72,105.72,2220.0
2018-02-12 14:23:00,105.89,105.89,105.8,105.82,800.0
2018-02-12 14:24:00,105.82,105.84,105.79,105.84,1000.0
2018-02-12 14:25:00,105.73,105.78,105.73,105.78,544.0
2018-02-12 14:27:00,105.695,105.72,105.695,105.72,200.0
2018-02-12 14:28:00,105.65,105.77,105.65,105.72,1600.0
2018-02-12 14:29:00,105.68,105.7425,105.65,105.65,1650.0
2018-02-12 14:30:00,105.71,105.78,105.71,105.72,588.0
2018-02-12 14:31:00,105.77,105.81,105.67,105.735,1000.0
2018-02-12 14:32:00,105.89,105.89,105.76,105.77,1300.0
2018-02-12 14:33:00,105.89,105.89,105.89,105.89,100.0
2018-02-12 14:34:00,105.76,105.84,105.75,105.84,2100.0
2018-02-12 14:35:00,105.75,105.83,105.75,105.83,400.0
2018-02-12 14:36:00,105.65,105.67,105.65,105.67,350.0
2018-02-12 14:37:00,105.84,105.85,105.7,105.7,1400.0
2018-02-12 14:38:00,105.855,105.9,105.84,105.9,1100.0
2018-02-12 14:39:00,105.83,105.9,105.79,105.9,500.0
2018-02-12 14:40:00,105.88,105.88,105.88,105.88,161.0
2018-02-12 14:41:00,105.8,105.86,105.8,105.86,200.0
2018-02-12 14:42:00,105.81,105.87,105.78,105.87,1100.0
2018-02-12 14:43:00,105.91,105.91,105.9,105.9,500.0
2018-02-12 14:44:00,105.81,105.87,105.81,105.87,1300.0
2018-02-12 14:45:00,105.65,105.78,105.645,105.78,3876.0
2018-02-12 14:46:00,105.71,105.71,105.59,105.62,1000.0
2018-02-12 14:47:00,105.64,105.7,105.59,105.69,1300.0
2018-02-12 14:48:00,105.51,105.65,105.48,105.65,1000.0
2018-02-12 14:49:00,105.49,105.515,105.45,105.515,1800.0
2018-02-12 14:50:00,105.47,105.5599,105.44,105.53,1201.0
2018-02-12 14:51:00,105.44,105.48,105.42,105.45,1552.0
2018-02-12 14:52:00,105.425,105.45,105.405,105.45,900.0
2018-02-12 14:53:00,105.405,105.435,105.38,105.435,1971.0
2018-02-12 14:54:00,105.43,105.43,105.37,105.38,1300.0
2018-02-12 14:55:00,105.46,105.46,105.4,105.4,700.0
2018-02-12 14:56:00,105.48,105.52,105.42,105.42,1200.0
2018-02-12 14:57:00,105.5,105.54,105.5,105.51,400.0
2018-02-12 14:58:00,105.51,105.52,105.4774,105.515,821.0
2018-02-12 14:59:00,105.5,105.51,105.42,105.5,797.0
2018-02-12 15:00:00,105.5,105.51,105.42,105.465,600.0
2018-02-12 15:01:00,105.52,105.52,105.46,105.47,1200.0
2018-02-12 15:02:00,105.535,105.575,105.53,105.575,600.0
2018-02-12 15:03:00,105.61,105.655,105.55,105.56,2427.0
2018-02-12 15:04:00,105.63,105.64,105.6,105.64,900.0
2018-02-12 15:05:00,105.57,105.655,105.57,105.59,1400.0
2018-02-12 15:06:00,105.7,105.71,105.625,105.625,1000.0
2018-02-12 15:07:00,105.69,105.71,105.64,105.71,1300.0
2018-02-12 15:08:00,105.64,105.71,105.63,105.695,3200.0
2018-02-12 15:09:00,105.69,105.7,105.63,105.665,1200.0
2018-02-12 15:10:00,105.61,105.69,105.61,105.69,1300.0
2018-02-12 15:11:00,105.615,105.63,105.56,105.56,1500.0
2018-02-12 15:12:00,105.61,105.62,105.52,105.59,4116.0
2018-02-12 15:13:00,105.67,105.67,105.56,105.56,4200.0
2018-02-12 15:14:00,105.74,105.78,105.61,105.7,3858.0
2018-02-12 15:15:00,105.71,105.79,105.71,105.735,1600.0
2018-02-12 15:16:00,105.72,105.76,105.66,105.68,1600.0
2018-02-12 15:17:00,105.6901,105.74,105.69,105.69,1600.0
2018-02-12 15:18:00,105.715,105.715,105.69,105.7143,700.0
2018-02-12 15:19:00,105.71,105.715,105.69,105.715,800.0
2018-02-12 15:20:00,105.72,105.74,105.59,105.71,9363.0
2018-02-12 15:21:00,105.74,105.75,105.72,105.74,1112.0
2018-02-12 15:22:00,105.7,105.75,105.67,105.74,3000.0
2018-02-12 15:23:00,105.72,105.81,105.7,105.77,3372.0
2018-02-12 15:24:00,105.72,105.72,105.72,105.72,300.0
2018-02-12 15:25:00,105.64,105.735,105.64,105.735,1000.0
2018-02-12 15:26:00,105.54,105.66,105.54,105.64,2200.0
2018-02-12 15:27:00,105.51,105.55,105.51,105.54,1750.0
2018-02-12 15:28:00,105.45,105.52,105.45,105.51,700.0
2018-02-12 15:29:00,105.45,105.45,105.36,105.44,3811.0
2018-02-12 15:30:00,105.39,105.42,105.39,105.42,1300.0
2018-02-12 15:31:00,105.46,105.52,105.415,105.44,5241.0
2018-02-12 15:32:00,105.29,105.465,105.29,105.465,2700.0
2018-02-12 15:33:00,105.19,105.33,105.19,105.32,5026.0
2018-02-12 15:34:00,105.125,105.18,105.02,105.18,3301.0
2018-02-12 15:35:00,105.14,105.185,105.0801,105.15,7554.0
2018-02-12 15:36:00,105.07,105.177,105.06,105.13,7719.0
2018-02-12 15:37:00,105.03,105.06,105.01,105.04,4200.0
2018-02-12 15:38:00,105.045,105.14,105.01,105.01,4958.0
2018-02-12 15:39:00,104.9,105.02,104.895,105.02,6648.0
2018-02-12 15:40:00,105.0,105.03,104.86,104.91,5200.0
2018-02-12 15:41:00,105.13,105.19,105.03,105.06,4601.0
2018-02-12 15:42:00,104.98,105.1,104.9775,105.1,2000.0
2018-02-12 15:43:00,105.095,105.13,104.98,105.0,5300.0
2018-02-12 15:44:00,105.15,105.17,105.0401,105.07,3901.0
2018-02-12 15:45:00,105.13,105.19,105.12,105.17,4300.0
2018-02-12 15:46:00,104.8,105.14,104.76,105.14,12409.0
2018-02-12 15:47:00,104.665,104.81,104.51,104.79,9539.0
2018-02-12 15:48:00,104.86,104.86,104.645,104.645,8745.0
2018-02-12 15:49:00,104.785,104.85,104.735,104.85,5600.0
2018-02-12 15:50:00,104.94,104.96,104.78,104.82,18072.0
2018-02-12 15:51:00,105.09,105.15,104.87,104.87,16800.0
2018-02-12 15:52:00,105.2,105.28,105.11,105.12,16725.0
2018-02-12 15:53:00,105.46,105.53,105.16,105.16,13341.0
2018-02-12 15:54:00,105.46,105.6,105.38,105.41,20212.0
2018-02-12 15:55:00,105.32,105.44,105.3,105.42,11741.0
2018-02-12 15:56:00,105.41,105.46,105.29,105.31,22303.0
2018-02-12 15:57:00,105.3775,105.4,105.26,105.39,10223.0
2018-02-12 15:58:00,105.36,105.4,105.3,105.36,22700.0
2018-02-12 15:59:00,105.32,105.43,105.31,105.36,27798.0
2018-02-12 16:00:00,105.42,105.53,105.31,105.325,47087.0
2018-02-13 09:30:00,104.94,104.94,104.94,104.94,4672.0
2018-02-13 09:31:00,104.47,104.47,104.47,104.47,100.0
2018-02-13 09:32:00,104.19,104.665,104.19,104.45,2700.0
2018-02-13 09:33:00,104.02,104.08,104.02,104.07,300.0
2018-02-13 09:34:00,104.28,104.53,104.03,104.03,800.0
2018-02-13 09:35:00,104.27,104.27,104.11,104.11,333.0
2018-02-13 09:36:00,103.74,104.04,103.73,104.04,3314.0
2018-02-13 09:37:00,104.2,104.2,103.73,103.85,6150.0
2018-02-13 09:38:00,104.39,104.39,104.06,104.06,1500.0
2018-02-13 09:39:00,104.415,104.46,104.315,104.39,1004.0
2018-02-13 09:40:00,104.15,104.32,104.15,104.32,800.0
2018-02-13 09:41:00,104.185,104.24,104.02,104.05,2300.0
2018-02-13 09:42:00,104.29,104.29,104.15,104.21,1400.0
2018-02-13 09:43:00,104.39,104.44,104.31,104.31,4459.0
2018-02-13 09:44:00,104.47,104.505,104.47,104.505,200.0
2018-02-13 09:45:00,104.66,104.68,104.5,104.5,1400.0
2018-02-13 09:46:00,104.57,104.64,104.46,104.64,700.0
2018-02-13 09:47:00,104.52,104.52,104.4,104.51,2600.0
2018-02-13 09:48:00,104.14,104.555,104.11,104.51,2470.0
2018-02-13 09:49:00,104.27,104.42,104.16,104.16,2910.0
2018-02-13 09:50:00,104.0,104.22,103.99,104.22,1900.0
2018-02-13 09:51:00,103.9,104.03,103.9,103.99,800.0
2018-02-13 09:52:00,103.73,103.9,103.73,103.9,500.0
2018-02-13 09:53:00,103.72,103.96,103.65,103.85,9100.0
2018-02-13 09:54:00,103.73,103.82,103.63,103.82,3200.0
2018-02-13 09:55:00,103.97,103.98,103.775,103.82,2300.0
2018-02-13 09:56:00,103.8252,104.1,103.77,103.928,2150.0
2018-02-13 09:57:00,103.56,103.74,103.56,103.72,756.0
2018-02-13 09:58:00,103.45,103.5,103.38,103.42,3097.0
2018-02-13 09:59:00,103.26,103.44,103.26,103.44,1700.0
2018-02-13 10:00:00,103.48,103.48,103.17,103.2,5500.0
2018-02-13 10:01:00,103.55,103.57,103.4,103.51,4250.0
2018-02-13 10:02:00,103.33,103.63,103.31,103.63,2695.0
2018-02-13 10:03:00,103.19,103.4,103.19,103.4,4400.0
2018-02-13 10:04:00,103.25,103.32,103.2,103.29,1300.0
2018-02-13 10:05:00,103.48,103.48,103.21,103.275,4200.0
2018-02-13 10:06:00,103.4,103.48,103.34,103.445,2300.0
2018-02-13 10:07:00,103.15,103.38,103.14,103.38,4871.0
2018-02-13 10:08:00,103.22,103.36,103.07,103.1,6350.0
2018-02-13 10:09:00,103.07,103.24,103.0,103.24,5050.0
2018-02-13 10:10:00,103.21,103.22,103.1,103.13,1200.0
2018-02-13 10:11:00,103.31,103.4053,103.09,103.13,6098.0
2018-02-13 10:12:00,103.2,103.32,103.2,103.32,1200.0
2018-02-13 10:13:00,103.21,103.26,103.085,103.13,3223.0
2018-02-13 10:14:00,103.33,103.39,103.18,103.27,2700.0
2018-02-13 10:15:00,103.46,103.46,103.33,103.33,1200.0
2018-02-13 10:16:00,103.375,103.51,103.375,103.47,2500.0
2018-02-13 10:17:00,103.29,103.34,103.25,103.34,2245.0
2018-02-13 10:18:00,103.38,103.38,103.17,103.26,2000.0
2018-02-13 10:19:00,103.19,103.35,103.19,103.35,1077.0
2018-02-13 10:20:00,103.24,103.24,102.98,103.15,3700.0
2018-02-13 10:21:00,103.34,103.45,103.23,103.23,2302.0
2018-02-13 10:22:00,103.39,103.4,103.3,103.4,2700.0
2018-02-13 10:23:00,103.45,103.45,103.4,103.4,400.0
2018-02-13 10:24:00,103.24,103.4,103.24,103.4,1100.0
2018-02-13 10:25:00,103.41,103.45,103.29,103.29,2200.0
2018-02-13 10:26:00,103.37,103.38,103.28,103.37,1200.0
2018-02-13 10:27:00,103.54,103.54,103.28,103.28,5920.0
2018-02-13 10:28:00,103.58,103.62,103.54,103.54,2534.0
2018-02-13 10:29:00,103.635,103.74,103.585,103.585,2700.0
2018-02-13 10:30:00,103.66,103.76,103.66,103.66,1959.0
2018-02-13 10:31:00,103.64,103.705,103.61,103.675,1990.0
2018-02-13 10:32:00,103.62,103.68,103.62,103.64,1320.0
2018-02-13 10:33:00,103.38,103.58,103.37,103.58,2168.0
2018-02-13 10:34:00,103.275,103.39,103.24,103.38,2198.0
2018-02-13 10:35:00,103.28,103.28,103.275,103.275,300.0
2018-02-13 10:36:00,103.4,103.45,103.28,103.28,4900.0
2018-02-13 10:37:00,103.46,103.49,103.425,103.46,1000.0
2018-02-13 10:38:00,103.48,103.61,103.43,103.49,4197.0
2018-02-13 10:39:00,103.37,103.425,103.37,103.42,2398.0
2018-02-13 10:40:00,103.46,103.54,103.39,103.39,10031.0
2018-02-13 10:41:00,103.72,103.72,103.52,103.52,2000.0
2018-02-13 10:42:00,103.69,103.8,103.69,103.69,1800.0
2018-02-13 10:43:00,103.78,103.8537,103.67,103.69,1600.0
2018-02-13 10:44:00,103.655,103.81,103.63,103.76,2604.0
2018-02-13 10:45:00,103.63,103.63,103.63,103.63,347.0
2018-02-13 10:46:00,103.595,103.595,103.56,103.59,675.0
2018-02-13 10:47:00,103.66,103.71,103.59,103.59,1499.0
2018-02-13 10:48:00,103.77,103.78,103.665,103.665,1600.0
2018-02-13 10:49:00,103.75,103.92,103.75,103.82,3040.0
2018-02-13 10:50:00,103.92,103.92,103.84,103.84,1050.0
2018-02-13 10:51:00,103.92,103.979,103.89,103.97,1700.0
2018-02-13 10:52:00,103.85,103.885,103.83,103.83,300.0
2018-02-13 10:53:00,103.815,103.84,103.8,103.83,2000.0
2018-02-13 10:54:00,103.8,103.87,103.79,103.82,1510.0
2018-02-13 10:55:00,103.8,103.87,103.79,103.79,1178.0
2018-02-13 10:56:00,103.97,103.97,103.79,103.79,2000.0
2018-02-13 10:57:00,103.84,103.97,103.84,103.97,1000.0
2018-02-13 10:58:00,103.84,103.89,103.84,103.88,500.0
2018-02-13 10:59:00,103.94,103.97,103.88,103.88,1339.0
2018-02-13 11:00:00,103.87,103.965,103.87,103.965,1301.0
2018-02-13 11:01:00,103.8,103.86,103.77,103.86,800.0
2018-02-13 11:02:00,103.616,103.76,103.616,103.75,6048.0
2018-02-13 11:03:00,103.61,103.69,103.55,103.66,1200.0
2018-02-13 11:05:00,103.585,103.6171,103.56,103.61,1053.0
2018-02-13 11:06:00,103.45,103.585,103.45,103.585,1400.0
2018-02-13 11:07:00,103.64,103.64,103.48,103.48,2800.0
2018-02-13 11:08:00,103.57,103.58,103.51,103.56,3274.0
2018-02-13 11:09:00,103.57,103.57,103.57,103.57,100.0
2018-02-13 11:10:00,103.52,103.63,103.51,103.53,2900.0
2018-02-13 11:11:00,103.61,103.61,103.5,103.5,1082.0
2018-02-13 11:12:00,103.48,103.65,103.48,103.64,2400.0
2018-02-13 11:13:00,103.38,103.47,103.28,103.47,5407.0
2018-02-13 11:14:00,103.4501,103.57,103.37,103.37,1588.0
2018-02-13 11:15:00,103.59,103.59,103.57,103.57,800.0
2018-02-13 11:16:00,103.59,103.66,103.59,103.63,2245.0
2018-02-13 11:17:00,103.58,103.58,103.57,103.57,200.0
2018-02-13 11:18:00,103.45,103.545,103.45,103.545,830.0
2018-02-13 11:19:00,103.45,103.52,103.41,103.41,2777.0
2018-02-13 11:20:00,103.32,103.475,103.32,103.46,5100.0
2018-02-13 11:21:00,103.3171,103.33,103.27,103.29,1900.0
2018-02-13 11:22:00,103.295,103.295,103.26299999999999,103.26299999999999,1900.0
2018-02-13 11:23:00,103.38,103.38,103.28,103.33,2320.0
2018-02-13 11:24:00,103.33,103.4,103.33,103.4,940.0
2018-02-13 11:25:00,103.63,103.63,103.33,103.33,4000.0
2018-02-13 11:26:00,103.48,103.62,103.48,103.59,2740.0
2018-02-13 11:27:00,103.48,103.525,103.48,103.48,641.0
2018-02-13 11:28:00,103.52,103.52,103.51,103.51,400.0
2018-02-13 11:29:00,103.71,103.73,103.48,103.48,2044.0
2018-02-13 11:30:00,103.49,103.685,103.49,103.64,1600.0
2018-02-13 11:31:00,103.65,103.65,103.555,103.59,1500.0
2018-02-13 11:32:00,103.7,103.7,103.6,103.63,2500.0
2018-02-13 11:33:00,103.61,103.74,103.61,103.74,600.0
2018-02-13 11:34:00,103.66,103.66,103.66,103.66,100.0
2018-02-13 11:35:00,103.565,103.67,103.565,103.66,1500.0
2018-02-13 11:36:00,103.5,103.52,103.49,103.52,1400.0
2018-02-13 11:37:00,103.6,103.6,103.49,103.49,2328.0
2018-02-13 11:38:00,103.6,103.6,103.48,103.57,4216.0
2018-02-13 11:39:00,103.55,103.57,103.55,103.57,300.0
2018-02-13 11:40:00,103.61,103.61,103.6,103.6,300.0
2018-02-13 11:41:00,103.65,103.65,103.59,103.62,1300.0
2018-02-13 11:42:00,103.76,103.76,103.66,103.66,1600.0
2018-02-13 11:43:00,103.73,103.75,103.73,103.75,615.0
2018-02-13 11:44:00,103.67,103.69,103.66,103.69,300.0
2018-02-13 11:45:00,103.66,103.705,103.66,103.705,600.0
2018-02-13 11:46:00,103.74,103.74,103.7,103.7,1500.0
2018-02-13 11:47:00,103.7,103.7,103.7,103.7,100.0
2018-02-13 11:48:00,103.73,103.83,103.73,103.74,3395.0
2018-02-13 11:49:00,103.65,103.72,103.65,103.72,900.0
2018-02-13 11:50:00,103.55,103.62,103.55,103.62,1000.0
2018-02-13 11:51:00,103.59,103.59,103.53,103.57,2394.0
2018-02-13 11:52:00,103.55,103.57,103.55,103.57,500.0
2018-02-13 11:53:00,103.47,103.52,103.47,103.52,1014.0
2018-02-13 11:55:00,103.58,103.58,103.52,103.53,3100.0
2018-02-13 11:56:00,103.64,103.64,103.58,103.6,2257.0
2018-02-13 11:57:00,103.73,103.73,103.64,103.64,2300.0
2018-02-13 11:58:00,103.71,103.75,103.71,103.735,700.0
2018-02-13 11:59:00,103.68,103.68,103.67,103.68,1209.0
2018-02-13 12:00:00,103.65,103.69,103.63,103.67,2200.0
2018-02-13 12:01:00,103.7,103.7,103.63,103.63,2100.0
2018-02-13 12:02:00,103.63,103.69,103.63,103.69,1000.0
2018-02-13 12:03:00,103.7,103.7,103.625,103.625,1300.0
2018-02-13 12:04:00,103.7,103.7,103.69,103.7,300.0
2018-02-13 12:05:00,103.65,103.71,103.65,103.69,2155.0
2018-02-13 12:06:00,103.68,103.68,103.64,103.66,1330.0
2018-02-13 12:07:00,103.64,103.65,103.64,103.65,500.0
2018-02-13 12:08:00,103.645,103.71,103.645,103.65,2653.0
2018-02-13 12:09:00,103.57,103.63,103.57,103.62,600.0
2018-02-13 12:10:00,103.59,103.6,103.59,103.59,1200.0
2018-02-13 12:11:00,103.59,103.59,103.59,103.59,800.0
2018-02-13 12:12:00,103.57,103.625,103.57,103.59,2000.0
2018-02-13 12:13:00,103.6,103.6,103.575,103.575,400.0
2018-02-13 12:14:00,103.59,103.6,103.59,103.6,914.0
2018-02-13 12:15:00,103.66,103.66,103.6,103.6,2400.0
2018-02-13 12:16:00,103.64,103.675,103.62,103.675,2637.0
2018-02-13 12:17:00,103.67,103.67,103.67,103.67,100.0
2018-02-13 12:18:00,103.66,103.68,103.64,103.65,1400.0
2018-02-13 12:19:00,103.56,103.65,103.56,103.65,1627.0
2018-02-13 12:20:00,103.59,103.59,103.54,103.55,900.0
2018-02-13 12:21:00,103.52,103.58,103.52,103.58,1119.0
2018-02-13 12:22:00,103.58,103.58,103.51,103.51,900.0
2018-02-13 12:23:00,103.65,103.69,103.59,103.59,2700.0
2018-02-13 12:24:00,103.6,103.6,103.6,103.6,100.0
2018-02-13 12:25:00,103.53,103.58,103.53,103.58,600.0
2018-02-13 12:26:00,103.48,103.55,103.48,103.55,1995.0
2018-02-13 12:27:00,103.42,103.46,103.42,103.46,376.0
2018-02-13 12:28:00,103.46,103.46,103.46,103.46,100.0
2018-02-13 12:29:00,103.56,103.56,103.48,103.48,1800.0
2018-02-13 12:30:00,103.57,103.57,103.5,103.52,1500.0
2018-02-13 12:31:00,103.58,103.635,103.54,103.57,2200.0
2018-02-13 12:32:00,103.56,103.5838,103.56,103.5838,546.0
2018-02-13 12:33:00,103.53,103.56,103.51,103.52,1100.0
2018-02-13 12:34:00,103.52,103.54,103.52,103.53,1109.0
2018-02-13 12:35:00,103.50200000000001,103.57,103.5,103.57,3400.0
2018-02-13 12:36:00,103.53,103.54,103.53,103.54,1020.0
2018-02-13 12:37:00,103.52,103.55,103.5,103.55,2200.0
2018-02-13 12:38:00,103.47,103.5,103.47,103.5,500.0
2018-02-13 12:39:00,103.38,103.46,103.37,103.46,1160.0
2018-02-13 12:40:00,103.46,103.46,103.4,103.42,1886.0
2018-02-13 12:41:00,103.46,103.48,103.45,103.46,900.0
2018-02-13 12:42:00,103.49,103.49,103.49,103.49,500.0
2018-02-13 12:43:00,103.48,103.53,103.47,103.53,1700.0
2018-02-13 12:44:00,103.5,103.5,103.5,103.5,200.0
2018-02-13 12:45:00,104.04,104.06,103.52,103.52,17200.0
2018-02-13 12:46:00,103.85,104.06,103.85,104.03,2908.0
2018-02-13 12:47:00,103.93,103.93,103.87,103.87,1300.0
2018-02-13 12:48:00,103.8,103.91,103.79,103.91,2200.0
2018-02-13 12:49:00,103.815,103.83,103.78,103.8,3020.0
2018-02-13 12:50:00,103.8,103.86,103.8,103.84,1840.0
2018-02-13 12:51:00,103.8,103.81,103.8,103.8,500.0
2018-02-13 12:52:00,103.8,103.8,103.8,103.8,600.0
2018-02-13 12:54:00,103.85,103.87,103.82,103.82,3467.0
2018-02-13 12:55:00,103.81,103.86,103.81,103.85,1290.0
2018-02-13 12:56:00,103.77,103.86,103.77,103.86,1295.0
2018-02-13 12:57:00,103.75,103.78,103.75,103.78,500.0
2018-02-13 12:58:00,103.74,103.74,103.73,103.74,2600.0
2018-02-13 12:59:00,103.755,103.755,103.755,103.755,100.0
2018-02-13 13:00:00,103.69,103.74,103.69,103.74,1700.0
2018-02-13 13:01:00,103.73,103.75,103.73,103.74,2210.0
2018-02-13 13:02:00,103.67,103.71,103.67,103.71,1400.0
2018-02-13 13:03:00,103.68,103.72,103.68,103.685,2981.0
2018-02-13 13:04:00,103.7,103.7099,103.64,103.68,800.0
2018-02-13 13:05:00,103.74,103.745,103.68,103.685,3657.0
2018-02-13 13:06:00,103.71,103.74,103.71,103.73,2241.0
2018-02-13 13:07:00,103.79,103.79,103.715,103.73,2045.0
2018-02-13 13:08:00,103.82,103.84,103.795,103.82,4000.0
2018-02-13 13:09:00,103.84,103.84,103.83,103.84,734.0
2018-02-13 13:10:00,103.85,103.89,103.82,103.83,2225.0
2018-02-13 13:11:00,103.79,103.87,103.79,103.87,2000.0
2018-02-13 13:12:00,103.78,103.8,103.78,103.8,400.0
2018-02-13 13:13:00,103.74,103.77,103.74,103.77,3100.0
2018-02-13 13:14:00,103.84,103.89,103.75,103.75,7837.0
2018-02-13 13:15:00,103.87,103.91,103.83,103.83,700.0
2018-02-13 13:16:00,103.98,104.0,103.92,103.94,1900.0
2018-02-13 13:17:00,104.205,104.21,104.01,104.01,2400.0
2018-02-13 13:18:00,104.26,104.27,104.21,104.21,1100.0
2018-02-13 13:19:00,104.37,104.37,104.21,104.25,1950.0
2018-02-13 13:20:00,104.3,104.33,104.3,104.32,803.0
2018-02-13 13:21:00,104.38,104.43,104.315,104.35,1060.0
2018-02-13 13:22:00,104.39,104.39,104.32,104.37,2852.0
2018-02-13 13:23:00,104.36,104.4067,104.36,104.4067,650.0
2018-02-13 13:24:00,104.32,104.37,104.29,104.37,1400.0
2018-02-13 13:26:00,104.37,104.37,104.36,104.36,500.0
2018-02-13 13:27:00,104.3,104.36,104.29,104.3,1936.0
2018-02-13 13:28:00,104.25,104.29,104.25,104.29,800.0
2018-02-13 13:29:00,104.27,104.27,104.27,104.27,100.0
2018-02-13 13:30:00,104.27,104.28,104.27,104.28,800.0
2018-02-13 13:31:00,104.295,104.295,104.26,104.28,1200.0
2018-02-13 13:32:00,104.33,104.34,104.295,104.32,2200.0
2018-02-13 13:33:00,104.34,104.36,104.34,104.35,800.0
2018-02-13 13:34:00,104.29,104.34,104.29,104.34,1300.0
2018-02-13 13:35:00,104.375,104.375,104.31,104.31,1300.0
2018-02-13 13:36:00,104.38,104.43,104.38,104.41,1240.0
2018-02-13 13:37:00,104.32,104.39,104.32,104.39,950.0
2018-02-13 13:38:00,104.4,104.4,104.36,104.39,1600.0
2018-02-13 13:39:00,104.48,104.48,104.405,104.41,1836.0
2018-02-13 13:40:00,104.54,104.54,104.49,104.49,700.0
2018-02-13 13:41:00,104.53,104.53,104.46,104.51,4093.0
2018-02-13 13:42:00,104.6,104.6,104.54,104.56,1600.0
2018-02-13 13:43:00,104.65,104.71,104.64,104.64,2557.0
2018-02-13 13:44:00,104.58,104.68,104.58,104.62,2300.0
2018-02-13 13:45:00,104.48,104.53,104.48,104.53,691.0
2018-02-13 13:46:00,104.4616,104.4969,104.41,104.48,1764.0
2018-02-13 13:47:00,104.4337,104.4349,104.4,104.4,429.0
2018-02-13 13:48:00,104.44,104.5,104.4307,104.4307,2251.0
2018-02-13 13:49:00,104.4,104.42,104.4,104.41,1300.0
2018-02-13 13:50:00,104.38,104.4453,104.38,104.4453,400.0
2018-02-13 13:51:00,104.4247,104.4247,104.4247,104.4247,263.0
2018-02-13 13:52:00,104.33,104.41,104.33,104.41,1200.0
2018-02-13 13:53:00,104.29,104.3331,104.29,104.31,1000.0
2018-02-13 13:54:00,104.37,104.37,104.28,104.3,4510.0
2018-02-13 13:55:00,104.26,104.31,104.26,104.31,1464.0
2018-02-13 13:56:00,104.17,104.25,104.17,104.25,3158.0
2018-02-13 13:57:00,104.17,104.23,104.17,104.18,400.0
2018-02-13 13:58:00,104.21,104.25,104.19,104.24,3083.0
2018-02-13 13:59:00,104.14,104.16,104.14,104.16,600.0
2018-02-13 14:00:00,104.19,104.2,104.13,104.18,2146.0
2018-02-13 14:01:00,104.11,104.2,104.11,104.2,1443.0
2018-02-13 14:02:00,104.08,104.12,104.08,104.12,4775.0
2018-02-13 14:03:00,104.09,104.13,104.08,104.1,2800.0
2018-02-13 14:04:00,104.13,104.13,104.08,104.12,800.0
2018-02-13 14:05:00,104.1,104.16,104.1,104.14,1795.0
2018-02-13 14:06:00,104.09,104.12,104.09,104.12,539.0
2018-02-13 14:07:00,104.17,104.18,104.15,104.15,2406.0
2018-02-13 14:08:00,104.21,104.21,104.185,104.185,650.0
2018-02-13 14:09:00,104.24,104.27,104.21,104.21,3300.0
2018-02-13 14:10:00,104.21,104.26,104.21,104.25,1941.0
2018-02-13 14:11:00,104.35,104.35,104.21,104.21,2291.0
2018-02-13 14:12:00,104.43,104.45,104.39,104.39,1223.0
2018-02-13 14:13:00,104.42,104.42,104.41,104.41,800.0
2018-02-13 14:14:00,104.4,104.4,104.37,104.39,1800.0
2018-02-13 14:15:00,104.41,104.43,104.41,104.43,200.0
2018-02-13 14:16:00,104.57,104.57,104.42,104.44,2800.0
2018-02-13 14:17:00,104.46,104.56,104.46,104.56,2080.0
2018-02-13 14:18:00,104.44,104.44,104.44,104.44,100.0
2018-02-13 14:19:00,104.38,104.43,104.38,104.43,600.0
2018-02-13 14:20:00,104.35,104.385,104.35,104.385,200.0
2018-02-13 14:21:00,104.335,104.36,104.31,104.36,1600.0
2018-02-13 14:22:00,104.34,104.37,104.34,104.36,1100.0
2018-02-13 14:23:00,104.305,104.38,104.29,104.32,2292.0
2018-02-13 14:24:00,104.29,104.32,104.2811,104.2811,700.0
2018-02-13 14:25:00,104.23,104.3,104.23,104.29,900.0
2018-02-13 14:26:00,104.17,104.22,104.15,104.2,2800.0
2018-02-13 14:27:00,104.1,104.16,104.1,104.125,2500.0
2018-02-13 14:28:00,104.07,104.13,104.07,104.13,1062.0
2018-02-13 14:29:00,104.02,104.11,104.02,104.11,500.0
2018-02-13 14:30:00,104.05,104.1,103.97,104.08,4539.0
2018-02-13 14:31:00,104.0,104.05,103.97,104.05,1135.0
2018-02-13 14:32:00,103.93,103.995,103.93,103.995,844.0
2018-02-13 14:33:00,103.93,103.965,103.93,103.965,688.0
2018-02-13 14:34:00,103.91,103.925,103.91,103.925,200.0
2018-02-13 14:35:00,103.91,103.95,103.91,103.94,2000.0
2018-02-13 14:36:00,103.89,103.94,103.87,103.94,821.0
2018-02-13 14:37:00,103.94,103.99,103.92,103.92,2707.0
2018-02-13 14:38:00,103.92,103.98,103.92,103.98,900.0
2018-02-13 14:39:00,103.91,103.91,103.91,103.91,100.0
2018-02-13 14:40:00,103.85,103.89,103.85,103.89,800.0
2018-02-13 14:41:00,103.78,103.885,103.78,103.86,2803.0
2018-02-13 14:42:00,103.855,103.87,103.83,103.83,1100.0
2018-02-13 14:43:00,103.95,103.95,103.89,103.89,2100.0
2018-02-13 14:44:00,103.82,103.95,103.82,103.95,1812.0
2018-02-13 14:45:00,103.84,103.88,103.82,103.8448,2481.0
2018-02-13 14:46:00,103.79,103.83,103.79,103.83,1312.0
2018-02-13 14:47:00,103.745,103.8,103.74,103.8,1200.0
2018-02-13 14:48:00,103.82,103.83,103.76,103.78,4180.0
2018-02-13 14:49:00,103.9,103.9,103.79,103.83,2550.0
2018-02-13 14:50:00,104.0,104.0,103.91,103.91,1400.0
2018-02-13 14:51:00,103.97,104.02,103.95,103.99,1107.0
2018-02-13 14:52:00,104.02,104.09,104.005,104.005,1764.0
2018-02-13 14:53:00,104.12,104.12,104.05,104.09,1519.0
2018-02-13 14:54:00,104.06,104.12,104.05,104.12,2276.0
2018-02-13 14:55:00,104.03,104.065,104.03,104.05,721.0
2018-02-13 14:56:00,104.07,104.07,104.04,104.04,400.0
2018-02-13 14:57:00,104.06,104.11,104.04,104.04,2100.0
2018-02-13 14:58:00,104.005,104.09,103.99,104.05,3687.0
2018-02-13 14:59:00,104.02,104.03,103.995,104.02,1523.0
2018-02-13 15:00:00,104.01,104.025,103.99,104.025,2000.0
2018-02-13 15:01:00,103.98,104.02,103.96,104.01,2312.0
2018-02-13 15:02:00,103.985,103.985,103.93,103.96,600.0
2018-02-13 15:03:00,103.95,104.01,103.92,104.01,2088.0
2018-02-13 15:04:00,103.96,104.04,103.95,103.95,4225.0
2018-02-13 15:05:00,103.85,103.96,103.85,103.96,5403.0
2018-02-13 15:06:00,103.89,103.9,103.79,103.83,2052.0
2018-02-13 15:07:00,103.94,103.96,103.91,103.91,1700.0
2018-02-13 15:08:00,103.98,103.98,103.94,103.97,2803.0
2018-02-13 15:09:00,104.0,104.0,103.97,103.99,1580.0
2018-02-13 15:10:00,104.0,104.04,103.99,103.99,2000.0
2018-02-13 15:11:00,104.0,104.0,103.97,103.99,1500.0
2018-02-13 15:12:00,103.95,103.99,103.95,103.98,1600.0
2018-02-13 15:13:00,104.01,104.01,103.96,103.97,1400.0
2018-02-13 15:14:00,104.09,104.12,104.02,104.02,3504.0
2018-02-13 15:15:00,104.14,104.14,104.12,104.12,1500.0
2018-02-13 15:16:00,104.07,104.13,104.05,104.13,3200.0
2018-02-13 15:17:00,104.06,104.075,104.02,104.075,3700.0
2018-02-13 15:18:00,104.05,104.07,104.02,104.05,882.0
2018-02-13 15:19:00,104.02,104.05,103.98,104.05,3600.0
2018-02-13 15:20:00,104.005,104.02,104.0,104.02,1100.0
2018-02-13 15:21:00,103.955,104.02,103.955,104.0,1200.0
2018-02-13 15:22:00,103.98,103.98,103.93,103.95,3841.0
2018-02-13 15:23:00,103.96,104.02,103.96,103.985,1520.0
2018-02-13 15:24:00,103.93,103.95,103.91,103.94,3409.0
2018-02-13 15:25:00,103.95,103.95,103.9,103.9,2275.0
2018-02-13 15:26:00,103.86,103.925,103.83,103.92,4400.0
2018-02-13 15:27:00,103.98,103.98,103.86,103.86,3762.0
2018-02-13 15:28:00,103.985,104.03,103.96,103.98,3100.0
2018-02-13 15:29:00,103.94,103.975,103.93,103.96,1323.0
2018-02-13 15:30:00,103.92,103.98,103.91,103.93,4324.0
2018-02-13 15:31:00,103.88,103.92,103.875,103.92,2405.0
2018-02-13 15:32:00,103.88,103.91,103.88,103.89,800.0
2018-02-13 15:33:00,103.9,103.92,103.85,103.89,3728.0
2018-02-13 15:34:00,103.895,103.9,103.88,103.9,1216.0
2018-02-13 15:35:00,104.04,104.06,103.9,103.91,5838.0
2018-02-13 15:36:00,103.955,104.06,103.95,104.06,7371.0
2018-02-13 15:37:00,104.03,104.05,103.94,103.94,3470.0
2018-02-13 15:38:00,104.0,104.03,103.95,104.02,4130.0
2018-02-13 15:39:00,104.02,104.06,104.0,104.0,5880.0
2018-02-13 15:40:00,104.035,104.05,104.03,104.05,3160.0
2018-02-13 15:41:00,103.98,104.04,103.98,104.035,2560.0
2018-02-13 15:42:00,103.94,103.99,103.9,103.97,8557.0
2018-02-13 15:43:00,103.78,103.945,103.78,103.945,2837.0
2018-02-13 15:44:00,103.78,103.81,103.7068,103.78,9375.0
2018-02-13 15:45:00,103.75,103.8,103.71,103.76,5794.0
2018-02-13 15:46:00,103.9,103.94,103.8,103.8,6084.0
2018-02-13 15:47:00,103.94,103.95,103.9,103.9,6400.0
2018-02-13 15:48:00,104.0,104.0,103.92,103.94,5668.0
2018-02-13 15:49:00,104.06,104.07,103.98,104.0,5764.0
2018-02-13 15:50:00,104.12,104.12,104.0,104.04,6200.0
2018-02-13 15:51:00,104.16,104.2,104.12,104.12,6601.0
2018-02-13 15:52:00,104.21,104.23,104.13,104.13,8514.0
2018-02-13 15:53:00,104.19,104.21,104.13,104.21,4384.0
2018-02-13 15:54:00,104.15,104.16,104.11,104.16,7516.0
2018-02-13 15:55:00,104.13,104.18,104.11,104.15,6437.0
2018-02-13 15:56:00,104.015,104.12,104.015,104.12,4422.0
2018-02-13 15:57:00,104.01,104.02,103.97,104.01,11294.0
2018-02-13 15:58:00,104.02,104.06,104.01,104.01,11186.0
2018-02-13 15:59:00,104.01,104.03,103.97,104.02,12906.0
2018-02-13 16:00:00,104.1,104.14,104.0,104.01,51838.0
2018-02-14 09:30:00,104.08,104.08,104.08,104.08,15958.0
2018-02-14 09:35:00,104.8,104.97,104.2,104.21,6504.0
2018-02-14 09:36:00,104.43,104.525,104.19,104.49,2547.0
2018-02-14 09:37:00,104.41,104.62,104.11,104.62,2309.0
2018-02-14 09:38:00,103.675,104.41,103.675,104.41,1100.0
2018-02-14 09:40:00,103.63,103.63,103.63,103.63,100.0
2018-02-14 09:41:00,104.0,104.0,103.87,103.87,1349.0
2018-02-14 09:42:00,103.85,104.15,103.84,103.98,4900.0
2018-02-14 09:43:00,103.97,104.08,103.82,103.84,3400.0
2018-02-14 09:45:00,104.01,104.01,103.89,103.91,600.0
2018-02-14 09:46:00,103.62,104.015,103.62,104.015,2500.0
2018-02-14 09:47:00,103.89,103.89,103.82,103.82,1000.0
2018-02-14 09:48:00,104.11,104.16,103.97,103.97,1600.0
2018-02-14 09:49:00,104.335,104.335,103.96,104.1,3807.0
2018-02-14 09:50:00,104.44,104.48,104.44,104.48,200.0
2018-02-14 09:51:00,104.27,104.43,104.045,104.33,3900.0
2018-02-14 09:52:00,104.22,104.25,104.04,104.17,7494.0
2018-02-14 09:53:00,104.1501,104.25,104.15,104.15,3661.0
2018-02-14 09:54:00,104.46,104.46,104.2,104.25,2600.0
2018-02-14 09:55:00,104.355,104.4,104.355,104.4,830.0
2018-02-14 09:56:00,104.29,104.4,104.28,104.36,1450.0
2018-02-14 09:57:00,104.24,104.34,104.24,104.34,4406.0
2018-02-14 09:58:00,104.19,104.38,104.19,104.22,6165.0
2018-02-14 09:59:00,104.08,104.1,104.08,104.1,761.0
2018-02-14 10:00:00,104.08,104.08,103.83,104.05,3400.0
2018-02-14 10:01:00,104.12,104.3,104.06,104.09,2900.0
2018-02-14 10:02:00,104.05,104.145,104.05,104.145,1700.0
2018-02-14 10:03:00,104.01,104.01,103.97,103.99,940.0
2018-02-14 10:04:00,103.89,103.97,103.89,103.97,941.0
2018-02-14 10:05:00,104.09,104.09,103.99,103.99,1825.0
2018-02-14 10:06:00,104.2,104.26100000000001,104.17,104.17,2800.0
2018-02-14 10:07:00,104.35,104.35,104.2,104.23,2200.0
2018-02-14 10:08:00,104.365,104.43,104.3,104.3,900.0
2018-02-14 10:09:00,104.31,104.375,104.24,104.37,2300.0
2018-02-14 10:10:00,104.5,104.55,104.36,104.41,3800.0
2018-02-14 10:11:00,104.65,104.77,104.62,104.64,2000.0
2018-02-14 10:12:00,104.5,104.61,104.5,104.6,1152.0
2018-02-14 10:13:00,104.3901,104.57,104.3901,104.57,1100.0
2018-02-14 10:14:00,104.35,104.48,104.3001,104.435,3521.0
2018-02-14 10:15:00,104.54,104.54,104.42,104.42,600.0
2018-02-14 10:16:00,104.705,104.71,104.51,104.51,900.0
2018-02-14 10:17:00,104.7,104.8,104.66,104.715,4400.0
2018-02-14 10:18:00,104.77,104.77,104.73,104.73,300.0
2018-02-14 10:19:00,104.98,105.0,104.68,104.78,2914.0
2018-02-14 10:20:00,105.04,105.04,104.8942,104.95,1800.0
2018-02-14 10:21:00,105.185,105.3,105.05,105.05,5920.0
2018-02-14 10:22:00,105.23,105.29,105.15,105.2,2000.0
2018-02-14 10:23:00,105.21,105.23,105.13,105.23,1300.0
2018-02-14 10:24:00,105.3,105.3,105.22,105.27,869.0
2018-02-14 10:25:00,105.04,105.16,105.04,105.16,600.0
2018-02-14 10:26:00,104.85,104.96,104.85,104.96,900.0
2018-02-14 10:27:00,104.75,104.75,104.75,104.75,100.0
2018-02-14 10:29:00,104.82,104.91,104.765,104.765,3514.0
2018-02-14 10:30:00,104.845,104.8999,104.69,104.74,2092.0
2018-02-14 10:31:00,104.86,104.95,104.79,104.79,1282.0
2018-02-14 10:32:00,104.925,104.925,104.925,104.925,200.0
2018-02-14 10:33:00,104.795,104.88,104.795,104.87,798.0
2018-02-14 10:34:00,104.795,104.855,104.72,104.855,1000.0
2018-02-14 10:35:00,104.71,104.85,104.71,104.85,800.0
2018-02-14 10:36:00,104.84,104.91,104.691,104.691,5900.0
2018-02-14 10:37:00,104.85,104.85,104.76,104.76,693.0
2018-02-14 10:38:00,105.08,105.08,104.82,104.84,1900.0
2018-02-14 10:40:00,105.25,105.25,105.15,105.15,700.0
2018-02-14 10:41:00,105.31,105.32,105.31,105.32,400.0
2018-02-14 10:42:00,105.27,105.32,105.24,105.32,2100.0
2018-02-14 10:43:00,105.32,105.32,105.27,105.27,500.0
2018-02-14 10:44:00,105.37,105.37,105.315,105.315,800.0
2018-02-14 10:45:00,105.39,105.48,105.3143,105.32,3862.0
2018-02-14 10:46:00,105.58,105.58,105.45,105.45,1241.0
2018-02-14 10:47:00,105.66,105.755,105.62,105.62,3932.0
2018-02-14 10:48:00,105.58,105.68,105.58,105.62,2700.0
2018-02-14 10:49:00,105.5,105.58,105.48,105.54,4257.0
2018-02-14 10:50:00,105.44,105.54,105.44,105.49,1400.0
2018-02-14 10:51:00,105.385,105.4,105.31,105.4,2787.0
2018-02-14 10:52:00,105.395,105.45,105.3888,105.3888,1960.0
2018-02-14 10:54:00,105.40799999999999,105.45,105.40799999999999,105.43,2249.0
2018-02-14 10:55:00,105.275,105.44,105.25,105.3864,5990.0
2018-02-14 10:56:00,105.34,105.37,105.22,105.24,4605.0
2018-02-14 10:57:00,105.51,105.51,105.39,105.39,848.0
2018-02-14 10:58:00,105.5,105.61,105.5,105.52,1880.0
2018-02-14 10:59:00,105.465,105.54,105.46,105.5,1532.0
2018-02-14 11:00:00,105.41,105.5,105.355,105.5,2700.0
2018-02-14 11:01:00,105.44,105.49,105.41,105.439,2750.0
2018-02-14 11:02:00,105.585,105.625,105.46,105.46,3487.0
2018-02-14 11:03:00,105.5653,105.5653,105.55,105.55,415.0
2018-02-14 11:04:00,105.32,105.57,105.205,105.57,4250.0
2018-02-14 11:05:00,105.29,105.36,105.23,105.23,2520.0
2018-02-14 11:06:00,105.2329,105.25,105.2,105.25,1000.0
2018-02-14 11:07:00,105.21,105.25,105.15,105.16,3100.0
2018-02-14 11:08:00,105.12,105.17,105.12,105.15,2400.0
2018-02-14 11:09:00,105.14,105.2,105.1,105.12,3748.0
2018-02-14 11:10:00,105.06,105.13,105.0,105.13,1300.0
2018-02-14 11:11:00,105.15,105.15,105.0,105.04,1670.0
2018-02-14 11:12:00,105.09,105.17,105.05,105.1,1200.0
2018-02-14 11:13:00,105.14,105.14,105.01,105.115,2055.0
2018-02-14 11:14:00,105.22,105.22,104.99,105.08,2400.0
2018-02-14 11:15:00,105.4,105.42,105.23,105.23,2600.0
2018-02-14 11:16:00,105.33,105.42,105.33,105.4,2154.0
2018-02-14 11:18:00,105.34,105.34,105.29,105.3,1100.0
2018-02-14 11:19:00,105.46,105.46,105.37,105.37,1400.0
2018-02-14 11:20:00,105.57,105.57,105.49,105.54,800.0
2018-02-14 11:21:00,105.51,105.535,105.48,105.48,600.0
2018-02-14 11:22:00,105.5,105.57,105.37,105.56,2637.0
2018-02-14 11:23:00,105.51,105.51,105.5,105.5,200.0
2018-02-14 11:24:00,105.515,105.515,105.49,105.49,200.0
2018-02-14 11:25:00,105.515,105.57,105.51,105.5273,650.0
2018-02-14 11:26:00,105.56,105.56,105.52,105.52,700.0
2018-02-14 11:27:00,105.45,105.5,105.41,105.49,5475.0
2018-02-14 11:28:00,105.49,105.49,105.435,105.46,603.0
2018-02-14 11:29:00,105.525,105.56,105.49,105.55,800.0
2018-02-14 11:30:00,105.5,105.525,105.38,105.51,3040.0
2018-02-14 11:31:00,105.35,105.41,105.35,105.41,709.0
2018-02-14 11:32:00,105.3,105.36,105.3,105.32,1334.0
2018-02-14 11:33:00,105.28,105.3,105.28,105.3,500.0
2018-02-14 11:34:00,105.3691,105.3691,105.33,105.33,525.0
2018-02-14 11:35:00,105.34,105.34,105.34,105.34,200.0
2018-02-14 11:36:00,105.36,105.36,105.27,105.34,2400.0
2018-02-14 11:37:00,105.285,105.35,105.23,105.35,800.0
2018-02-14 11:38:00,105.39,105.41,105.34,105.34,1009.0
2018-02-14 11:39:00,105.45,105.45,105.39,105.39,704.0
2018-02-14 11:40:00,105.72,105.72,105.55,105.55,1500.0
2018-02-14 11:41:00,105.54,105.62,105.52,105.62,1273.0
2018-02-14 11:42:00,105.72,105.72,105.545,105.545,900.0
2018-02-14 11:43:00,105.75,105.75,105.75,105.75,100.0
2018-02-14 11:44:00,105.72,105.77,105.72,105.74,1300.0
2018-02-14 11:45:00,105.64,105.69,105.53,105.69,2600.0
2018-02-14 11:46:00,105.66,105.67,105.64,105.66,600.0
2018-02-14 11:47:00,105.61,105.62,105.61,105.62,300.0
2018-02-14 11:48:00,105.24,105.55,105.24,105.55,1400.0
2018-02-14 11:49:00,105.25,105.31,105.25,105.31,800.0
2018-02-14 11:50:00,105.28,105.28,105.28,105.28,145.0
2018-02-14 11:51:00,105.17,105.25,105.17,105.23,1140.0
2018-02-14 11:52:00,105.2,105.25,105.14,105.17,2840.0
2018-02-14 11:53:00,105.25,105.26,105.21,105.24,500.0
2018-02-14 11:54:00,105.27,105.27,105.21,105.21,400.0
2018-02-14 11:55:00,105.28,105.28,105.2,105.22,1943.0
2018-02-14 11:56:00,105.13,105.205,105.13,105.2,1200.0
2018-02-14 11:58:00,105.13,105.13,105.09,105.12,600.0
2018-02-14 11:59:00,105.11,105.135,105.11,105.135,600.0
2018-02-14 12:00:00,105.09,105.09,105.09,105.09,500.0
2018-02-14 12:01:00,105.17,105.17,105.09,105.12,1476.0
2018-02-14 12:02:00,105.31,105.31,105.19,105.19,400.0
2018-02-14 12:03:00,105.4132,105.4132,105.32,105.32,1000.0
2018-02-14 12:04:00,105.36,105.385,105.36,105.37,1112.0
2018-02-14 12:05:00,105.32,105.32,105.32,105.32,200.0
2018-02-14 12:06:00,105.32,105.4,105.32,105.4,1180.0
2018-02-14 12:07:00,105.2,105.3,105.2,105.3,3100.0
2018-02-14 12:08:00,105.2657,105.27,105.22,105.24,1408.0
2018-02-14 12:10:00,105.25,105.3,105.25,105.27,1400.0
2018-02-14 12:11:00,105.22,105.22,105.22,105.22,200.0
2018-02-14 12:12:00,105.215,105.215,105.215,105.215,100.0
2018-02-14 12:13:00,105.3431,105.3431,105.2,105.2,1685.0
2018-02-14 12:14:00,105.315,105.315,105.315,105.315,100.0
2018-02-14 12:15:00,105.4,105.41,105.34,105.34,1500.0
2018-02-14 12:16:00,105.29,105.36,105.29,105.36,1200.0
2018-02-14 12:17:00,105.25,105.33,105.25,105.33,1200.0
2018-02-14 12:18:00,105.17,105.22,105.17,105.22,1100.0
2018-02-14 12:20:00,105.14,105.14,105.105,105.115,703.0
2018-02-14 12:21:00,105.09,105.13,105.085,105.1094,2200.0
2018-02-14 12:22:00,105.16,105.16,105.11,105.11,500.0
2018-02-14 12:23:00,105.27,105.33,105.22,105.22,900.0
2018-02-14 12:24:00,105.2243,105.2243,105.2243,105.2243,187.0
2018-02-14 12:25:00,105.3,105.3,105.3,105.3,400.0
2018-02-14 12:26:00,105.5,105.55,105.34,105.34,2244.0
2018-02-14 12:27:00,105.44,105.49,105.44,105.49,1100.0
2018-02-14 12:28:00,105.57,105.57,105.435,105.435,900.0
2018-02-14 12:29:00,105.65,105.8,105.63,105.63,2605.0
2018-02-14 12:30:00,105.58,105.59,105.58,105.59,600.0
2018-02-14 12:31:00,105.59,105.59,105.58,105.58,400.0
2018-02-14 12:32:00,105.565,105.565,105.565,105.565,100.0
2018-02-14 12:33:00,105.48,105.5712,105.48,105.5712,625.0
2018-02-14 12:34:00,105.515,105.515,105.515,105.515,200.0
2018-02-14 12:35:00,105.525,105.525,105.515,105.515,200.0
2018-02-14 12:36:00,105.5748,105.5748,105.53,105.56,1190.0
2018-02-14 12:37:00,105.56,105.56,105.47,105.56,4150.0
2018-02-14 12:38:00,105.5,105.58,105.5,105.58,1100.0
2018-02-14 12:39:00,105.5,105.5,105.49,105.49,300.0
2018-02-14 12:40:00,105.5,105.5,105.47,105.47,400.0
2018-02-14 12:41:00,105.43,105.43,105.43,105.43,100.0
2018-02-14 12:42:00,105.46,105.53,105.41,105.41,1980.0
2018-02-14 12:43:00,105.4898,105.4898,105.4898,105.4898,201.0
2018-02-14 12:44:00,105.485,105.52,105.46,105.47,834.0
2018-02-14 12:45:00,105.462,105.46700000000001,105.41,105.42,925.0
2018-02-14 12:46:00,105.455,105.455,105.455,105.455,200.0
2018-02-14 12:47:00,105.48,105.48,105.48,105.48,100.0
2018-02-14 12:48:00,105.46,105.46,105.4,105.44,1680.0
2018-02-14 12:49:00,105.39,105.39,105.39,105.39,100.0
2018-02-14 12:50:00,105.33,105.38,105.33,105.38,2300.0
2018-02-14 12:51:00,105.32,105.32,105.24,105.28,1560.0
2018-02-14 12:52:00,105.43,105.43,105.41,105.41,700.0
2018-02-14 12:53:00,105.46,105.46,105.46,105.46,290.0
2018-02-14 12:54:00,105.54,105.54,105.49,105.49,1146.0
2018-02-14 12:55:00,105.64,105.64,105.55,105.55,1925.0
2018-02-14 12:56:00,105.61,105.66,105.6,105.62,2050.0
2018-02-14 12:57:00,105.58,105.6,105.58,105.58,600.0
2018-02-14 12:58:00,105.68,105.68,105.61,105.65,800.0
2018-02-14 12:59:00,105.81,105.81,105.68,105.68,1200.0
2018-02-14 13:00:00,105.73,105.74,105.73,105.74,1100.0
2018-02-14 13:01:00,105.71,105.71,105.69,105.71,902.0
2018-02-14 13:02:00,105.81,105.81,105.72,105.75,300.0
2018-02-14 13:03:00,105.82,105.85,105.81,105.85,400.0
2018-02-14 13:04:00,105.965,105.99,105.92,105.92,1500.0
2018-02-14 13:05:00,105.85,105.94,105.85,105.94,1600.0
2018-02-14 13:06:00,105.9,105.95,105.89,105.89,700.0
2018-02-14 13:07:00,105.85,105.941,105.85,105.941,1200.0
2018-02-14 13:08:00,105.91,105.91,105.87,105.87,400.0
2018-02-14 13:09:00,105.94,105.94,105.94,105.94,154.0
2018-02-14 13:10:00,105.905,105.94,105.905,105.94,500.0
2018-02-14 13:11:00,105.885,105.885,105.81,105.87,1700.0
2018-02-14 13:12:00,105.935,105.95,105.885,105.885,1100.0
2018-02-14 13:13:00,105.87,105.935,105.82,105.935,1600.0
2018-02-14 13:14:00,106.02,106.02,105.93,105.93,1100.0
2018-02-14 13:15:00,106.02,106.12,106.01,106.05,1941.0
2018-02-14 13:16:00,106.14,106.14,105.98,106.03,1400.0
2018-02-14 13:17:00,106.03,106.11,106.03,106.11,1400.0
2018-02-14 13:18:00,105.99,106.0641,105.99,106.02,550.0
2018-02-14 13:19:00,105.975,105.975,105.94,105.97,500.0
2018-02-14 13:20:00,105.9673,105.9673,105.9673,105.9673,100.0
2018-02-14 13:21:00,106.03,106.03,105.93,105.93,609.0
2018-02-14 13:22:00,106.11,106.11,106.09,106.09,300.0
2018-02-14 13:23:00,106.355,106.355,106.115,106.115,1400.0
2018-02-14 13:24:00,106.19,106.27,106.03,106.27,4078.0
2018-02-14 13:25:00,106.07,106.13,106.07,106.13,900.0
2018-02-14 13:27:00,106.0525,106.0525,106.025,106.05,900.0
2018-02-14 13:28:00,106.045,106.1,106.02,106.04,965.0
2018-02-14 13:30:00,106.05,106.06,106.0,106.04,1300.0
2018-02-14 13:31:00,106.03,106.03,106.03,106.03,100.0
2018-02-14 13:32:00,106.1396,106.14,106.04,106.04,1408.0
2018-02-14 13:33:00,106.07,106.1482,106.06,106.14,2225.0
2018-02-14 13:34:00,106.14,106.205,106.14,106.16,900.0
2018-02-14 13:35:00,106.14,106.14,106.14,106.14,100.0
2018-02-14 13:36:00,106.1344,106.16,106.105,106.16,971.0
2018-02-14 13:37:00,106.06,106.11,106.06,106.11,1000.0
2018-02-14 13:38:00,106.13,106.14,106.105,106.105,500.0
2018-02-14 13:39:00,106.17,106.17,106.13,106.13,600.0
2018-02-14 13:40:00,106.13,106.16,106.11,106.16,800.0
2018-02-14 13:41:00,106.11,106.11,106.05,106.1,1300.0
2018-02-14 13:42:00,106.135,106.135,106.125,106.125,400.0
2018-02-14 13:43:00,106.09,106.21,106.09,106.19,1700.0
2018-02-14 13:44:00,106.2,106.2,106.15,106.17,600.0
2018-02-14 13:45:00,106.28,106.31,106.225,106.25,1600.0
2018-02-14 13:46:00,106.25,106.26,106.23,106.25,900.0
2018-02-14 13:47:00,106.16,106.39,106.16,106.26,1600.0
2018-02-14 13:48:00,106.29,106.3,106.23,106.24,2472.0
2018-02-14 13:49:00,106.23,106.26,106.23,106.26,500.0
2018-02-14 13:50:00,106.29,106.29,106.26,106.26,500.0
2018-02-14 13:51:00,106.28,106.3,106.28,106.3,400.0
2018-02-14 13:52:00,106.19,106.295,106.19,106.295,1000.0
2018-02-14 13:53:00,106.13,106.22,106.12,106.2,1800.0
2018-02-14 13:54:00,106.23,106.23,106.15,106.15,1200.0
2018-02-14 13:55:00,106.2787,106.28,106.235,106.26,1628.0
2018-02-14 13:56:00,106.23,106.23,106.23,106.23,500.0
2018-02-14 13:57:00,106.315,106.315,106.25,106.25,800.0
2018-02-14 13:58:00,106.24,106.28,106.24,106.28,1600.0
2018-02-14 13:59:00,106.18,106.23,106.18,106.23,900.0
2018-02-14 14:00:00,106.27,106.27,106.19,106.2,1100.0
2018-02-14 14:01:00,106.29,106.29,106.176,106.22,2300.0
2018-02-14 14:02:00,106.305,106.305,106.29,106.3,500.0
2018-02-14 14:03:00,106.34,106.36,106.34,106.36,1400.0
2018-02-14 14:04:00,106.3,106.4,106.3,106.38,2400.0
2018-02-14 14:05:00,106.26,106.26,106.22,106.26,900.0
2018-02-14 14:06:00,106.28,106.28,106.2,106.22,800.0
2018-02-14 14:07:00,106.23,106.28,106.21,106.28,730.0
2018-02-14 14:08:00,106.23,106.2432,106.23,106.2432,200.0
2018-02-14 14:09:00,106.2,106.22,106.17,106.19,1150.0
2018-02-14 14:10:00,106.14,106.205,106.14,106.2,900.0
2018-02-14 14:11:00,106.29,106.29,106.19,106.19,1000.0
2018-02-14 14:12:00,106.245,106.29,106.21,106.29,1500.0
2018-02-14 14:13:00,106.29,106.29,106.23,106.23,800.0
2018-02-14 14:14:00,106.32,106.32,106.31,106.31,500.0
2018-02-14 14:15:00,106.26,106.34,106.26,106.34,1900.0
2018-02-14 14:16:00,106.16,106.23,106.16,106.23,700.0
2018-02-14 14:17:00,106.15,106.15,106.03,106.15,3709.0
2018-02-14 14:18:00,106.07,106.14,106.07,106.14,1000.0
2018-02-14 14:19:00,106.13,106.13,106.07,106.07,800.0
2018-02-14 14:20:00,106.14,106.19,106.105,106.105,1600.0
2018-02-14 14:21:00,106.15,106.17,106.15,106.16,1000.0
2018-02-14 14:22:00,106.145,106.145,106.145,106.145,300.0
2018-02-14 14:23:00,106.175,106.175,106.13,106.155,1500.0
2018-02-14 14:24:00,106.03,106.14,106.03,106.14,1225.0
2018-02-14 14:25:00,105.99,106.02,105.98,106.02,1114.0
2018-02-14 14:26:00,105.95,105.96,105.88,105.96,2321.0
2018-02-14 14:27:00,105.87,105.96,105.87,105.96,1360.0
2018-02-14 14:28:00,105.87,105.9,105.87,105.9,200.0
2018-02-14 14:29:00,105.83,105.84,105.83,105.84,300.0
2018-02-14 14:30:00,105.74,105.8,105.74,105.76,5391.0
2018-02-14 14:31:00,105.72,105.76,105.72,105.74,1200.0
2018-02-14 14:32:00,105.76,105.76,105.73,105.74,1000.0
2018-02-14 14:33:00,105.775,105.78,105.745,105.77,1300.0
2018-02-14 14:34:00,105.75,105.82,105.75,105.775,2300.0
2018-02-14 14:35:00,105.72,105.74,105.71,105.74,900.0
2018-02-14 14:36:00,105.72,105.75,105.71,105.71,1100.0
2018-02-14 14:37:00,105.79,105.79,105.76,105.77,400.0
2018-02-14 14:38:00,105.795,105.795,105.77,105.77,500.0
2018-02-14 14:39:00,105.85,105.85,105.77,105.795,2500.0
2018-02-14 14:40:00,105.83,105.85,105.83,105.85,800.0
2018-02-14 14:41:00,105.92,105.92,105.84,105.86,2100.0
2018-02-14 14:42:00,105.88,105.92,105.88,105.92,1400.0
2018-02-14 14:43:00,105.81,105.91,105.81,105.86,3100.0
2018-02-14 14:44:00,105.79,105.81,105.79,105.81,300.0
2018-02-14 14:45:00,105.72,105.77,105.72,105.77,400.0
2018-02-14 14:46:00,105.57,105.71,105.57,105.71,700.0
2018-02-14 14:47:00,105.63,105.66,105.56,105.58,2600.0
2018-02-14 14:48:00,105.68,105.68,105.63,105.67,1451.0
2018-02-14 14:49:00,105.6856,105.71,105.6856,105.71,600.0
2018-02-14 14:50:00,105.74,105.74,105.66,105.66,1400.0
2018-02-14 14:51:00,105.76,105.7628,105.76,105.76,400.0
2018-02-14 14:52:00,105.74,105.74,105.725,105.74,1200.0
2018-02-14 14:53:00,105.82,105.85,105.765,105.78,1000.0
2018-02-14 14:54:00,105.885,105.885,105.82,105.82,800.0
2018-02-14 14:55:00,105.98,105.98,105.9,105.9,800.0
2018-02-14 14:56:00,105.97,105.97,105.95,105.95,1000.0
2018-02-14 14:57:00,105.97,106.01,105.935,105.96,1536.0
2018-02-14 14:58:00,105.96,105.98,105.93,105.955,2175.0
2018-02-14 14:59:00,105.95,105.975,105.95,105.975,850.0
2018-02-14 15:00:00,105.93,105.965,105.93,105.965,874.0
2018-02-14 15:01:00,106.04,106.04,105.92,105.95,1900.0
2018-02-14 15:02:00,106.03,106.04,106.03,106.04,200.0
2018-02-14 15:03:00,105.96,106.06,105.96,106.035,2900.0
2018-02-14 15:04:00,105.99,105.99,105.98,105.98,2000.0
2018-02-14 15:05:00,106.0,106.0,105.97,105.98,500.0
2018-02-14 15:06:00,106.03,106.06,106.01,106.01,1100.0
2018-02-14 15:07:00,106.03,106.06,106.01,106.06,1800.0
2018-02-14 15:08:00,106.06,106.11,106.06,106.08,1907.0
2018-02-14 15:09:00,106.1,106.13,106.09,106.1,1700.0
2018-02-14 15:10:00,106.05,106.08,106.05,106.08,700.0
2018-02-14 15:11:00,106.075,106.075,106.07,106.07,300.0
2018-02-14 15:12:00,106.03,106.06,106.03,106.06,2500.0
2018-02-14 15:13:00,106.02,106.02,106.0065,106.02,550.0
2018-02-14 15:14:00,106.08,106.08,106.0,106.0,2401.0
2018-02-14 15:15:00,106.09,106.09,106.06,106.065,1300.0
2018-02-14 15:16:00,106.1,106.135,106.09,106.09,1200.0
2018-02-14 15:17:00,106.17,106.19,106.11,106.11,1500.0
2018-02-14 15:18:00,106.15,106.175,106.13,106.175,1155.0
2018-02-14 15:19:00,106.25,106.25,106.15,106.15,1300.0
2018-02-14 15:20:00,106.275,106.3,106.26,106.26,1300.0
2018-02-14 15:21:00,106.19,106.26,106.19,106.26,3540.0
2018-02-14 15:22:00,106.15,106.16,106.15,106.16,400.0
2018-02-14 15:23:00,106.02,106.14,106.02,106.11,2500.0
2018-02-14 15:24:00,105.97,106.025,105.97,105.99,1200.0
2018-02-14 15:25:00,105.94,105.95,105.85,105.95,3383.0
2018-02-14 15:26:00,106.07,106.07,105.935,105.935,1500.0
2018-02-14 15:27:00,106.1,106.12,106.04,106.065,1300.0
2018-02-14 15:28:00,106.02,106.09,106.02,106.09,900.0
2018-02-14 15:29:00,106.11,106.11,106.04,106.04,1592.0
2018-02-14 15:30:00,106.06,106.135,106.06,106.119,2300.0
2018-02-14 15:31:00,106.04,106.06,106.0,106.06,4200.0
2018-02-14 15:32:00,106.1,106.105,106.05,106.05,2435.0
2018-02-14 15:33:00,106.13,106.19,106.1,106.12,3400.0
2018-02-14 15:34:00,106.07,106.14,106.07,106.13,2600.0
2018-02-14 15:35:00,106.03,106.09,106.03,106.08,1600.0
2018-02-14 15:36:00,106.03,106.04,105.98,106.0348,1890.0
2018-02-14 15:37:00,106.1,106.17,106.03,106.03,5500.0
2018-02-14 15:38:00,106.1,106.13,106.06,106.11,2180.0
2018-02-14 15:39:00,106.16,106.16,106.09,106.09,1700.0
2018-02-14 15:40:00,106.15,106.2,106.15,106.18,2000.0
2018-02-14 15:41:00,106.16,106.17,106.13,106.15,2500.0
2018-02-14 15:42:00,106.15,106.16,106.12,106.15,2800.0
2018-02-14 15:43:00,106.1,106.155,106.1,106.155,2583.0
2018-02-14 15:44:00,106.01,106.1,106.01,106.09,2100.0
2018-02-14 15:45:00,106.01,106.12,106.01,106.03,4980.0
2018-02-14 15:46:00,106.16,106.16,106.04,106.05,8575.0
2018-02-14 15:47:00,106.165,106.18,106.06,106.14,4700.0
2018-02-14 15:48:00,106.23100000000001,106.27,106.15,106.165,5969.0
2018-02-14 15:49:00,106.26,106.26,106.21,106.23,3100.0
2018-02-14 15:50:00,106.27,106.3,106.235,106.26,3240.0
2018-02-14 15:51:00,106.32,106.335,106.255,106.255,6646.0
2018-02-14 15:52:00,106.34,106.34,106.29,106.315,4000.0
2018-02-14 15:53:00,106.24,106.36,106.22,106.34,10020.0
2018-02-14 15:54:00,106.19,106.28,106.15,106.25,16846.0
2018-02-14 15:55:00,106.16,106.19,106.13,106.18,7242.0
2018-02-14 15:56:00,106.16,106.1818,106.16,106.16,4733.0
2018-02-14 15:57:00,106.33,106.34,106.1,106.165,26215.0
2018-02-14 15:58:00,106.34,106.345,106.305,106.33,21701.0
2018-02-14 15:59:00,106.31,106.38,106.28,106.33,18827.0
2018-02-14 16:00:00,106.38,106.46,106.28,106.31,37000.0
2018-02-15 09:30:00,107.12,107.12,107.12,107.12,5173.0
2018-02-15 09:31:00,106.94,106.97,106.74,106.75,1700.0
2018-02-15 09:32:00,106.44,106.44,106.44,106.44,100.0
2018-02-15 09:33:00,106.37,106.37,106.37,106.37,100.0
2018-02-15 09:35:00,106.411,106.411,106.411,106.411,160.0
2018-02-15 09:36:00,106.57,106.57,106.48,106.48,200.0
2018-02-15 09:38:00,107.15,107.24,106.74,106.74,4400.0
2018-02-15 09:39:00,107.02,107.49,107.02,107.215,5858.0
2018-02-15 09:40:00,107.25,107.26,107.13,107.13,2850.0
2018-02-15 09:41:00,107.11,107.255,107.11,107.255,900.0
2018-02-15 09:42:00,106.8,107.12,106.8,106.99,950.0
2018-02-15 09:43:00,106.53,106.79,106.52,106.67,1100.0
2018-02-15 09:44:00,106.75,106.75,106.44,106.44,1202.0
2018-02-15 09:45:00,106.7,106.715,106.41,106.61,4887.0
2018-02-15 09:46:00,106.81,107.05,106.65,106.72,7000.0
2018-02-15 09:47:00,107.09,107.13,106.69,106.78,5200.0
2018-02-15 09:48:00,107.0098,107.01,107.0098,107.01,600.0
2018-02-15 09:49:00,107.2,107.2,106.99,107.07,4900.0
2018-02-15 09:50:00,107.175,107.19,107.11,107.12,3000.0
2018-02-15 09:51:00,107.22,107.23,106.98,107.18,7650.0
2018-02-15 09:52:00,107.1,107.165,107.03,107.15,3650.0
2018-02-15 09:53:00,107.2425,107.2425,107.14,107.14,800.0
2018-02-15 09:54:00,107.18,107.24,107.18,107.18,1500.0
2018-02-15 09:55:00,107.21,107.24,107.1,107.1,801.0
2018-02-15 09:56:00,107.389,107.389,107.29,107.29,2600.0
2018-02-15 09:57:00,107.27,107.36,107.24,107.36,1094.0
2018-02-15 09:58:00,107.285,107.305,107.28,107.28,500.0
2018-02-15 09:59:00,107.32,107.38,107.27,107.35,1569.0
2018-02-15 10:00:00,107.32,107.32,107.32,107.32,100.0
2018-02-15 10:01:00,107.28,107.34,107.26,107.34,3404.0
2018-02-15 10:03:00,107.41,107.42,107.34,107.34,1200.0
2018-02-15 10:04:00,107.385,107.43,107.34,107.385,3400.0
2018-02-15 10:05:00,107.39,107.45,107.34,107.385,4200.0
2018-02-15 10:06:00,107.44,107.44,107.38,107.39,5850.0
2018-02-15 10:07:00,107.4716,107.5,107.4,107.45,5773.0
2018-02-15 10:08:00,107.4025,107.47,107.38,107.47,5000.0
2018-02-15 10:09:00,107.335,107.42,107.31,107.4,3510.0
2018-02-15 10:10:00,107.25,107.28,107.24,107.27,15000.0
2018-02-15 10:11:00,107.2,107.3,107.12,107.24,13761.0
2018-02-15 10:12:00,107.25,107.34,107.19,107.195,7700.0
2018-02-15 10:13:00,107.285,107.285,107.28,107.28,1500.0
2018-02-15 10:14:00,107.295,107.33,107.21,107.26,4163.0
2018-02-15 10:15:00,107.25,107.295,107.25,107.295,1200.0
2018-02-15 10:16:00,107.45,107.45,107.285,107.285,2142.0
2018-02-15 10:17:00,107.28,107.43,107.28,107.43,3214.0
2018-02-15 10:18:00,107.36,107.42,107.36,107.36,2000.0
2018-02-15 10:19:00,107.39,107.39,107.39,107.39,100.0
2018-02-15 10:20:00,107.48,107.5,107.3,107.32,3658.0
2018-02-15 10:21:00,107.57,107.57,107.48,107.51,500.0
2018-02-15 10:22:00,107.76,107.76,107.55,107.55,1212.0
2018-02-15 10:23:00,107.72,107.76,107.65,107.68,4646.0
2018-02-15 10:24:00,107.66,107.75,107.66,107.75,523.0
2018-02-15 10:25:00,107.61,107.66,107.61,107.66,2152.0
2018-02-15 10:26:00,107.48,107.6,107.44,107.6,4665.0
2018-02-15 10:27:00,107.5,107.52,107.475,107.48,2400.0
2018-02-15 10:28:00,107.29,107.51,107.29,107.485,4237.0
2018-02-15 10:29:00,107.23,107.34,107.23,107.33,2380.0
2018-02-15 10:30:00,107.26,107.27,107.25,107.26,1000.0
2018-02-15 10:31:00,107.348,107.35,107.22,107.22,2940.0
2018-02-15 10:32:00,107.4299,107.4299,107.335,107.335,440.0
2018-02-15 10:33:00,107.365,107.365,107.33,107.365,1100.0
2018-02-15 10:34:00,107.44,107.44,107.3298,107.3298,6443.0
2018-02-15 10:35:00,107.37,107.44,107.34,107.44,1400.0
2018-02-15 10:36:00,107.42,107.42,107.41,107.41,500.0
2018-02-15 10:37:00,107.37,107.42,107.31,107.42,3394.0
2018-02-15 10:38:00,107.3843,107.44,107.35,107.38,1600.0
2018-02-15 10:39:00,107.36,107.4,107.33,107.33,1300.0
2018-02-15 10:40:00,107.38,107.48,107.38,107.38,2700.0
2018-02-15 10:41:00,107.36,107.44,107.36,107.36,2470.0
2018-02-15 10:42:00,107.21,107.37,107.15,107.365,5370.0
2018-02-15 10:43:00,107.11,107.14,107.11,107.14,500.0
2018-02-15 10:44:00,107.04,107.12,107.04,107.1,300.0
2018-02-15 10:45:00,106.89,107.07,106.89,107.07,1300.0
2018-02-15 10:46:00,107.05,107.05,106.86,106.93,4418.0
2018-02-15 10:47:00,107.03,107.13,107.03,107.07,2300.0
2018-02-15 10:48:00,107.19,107.19,107.01,107.01,2700.0
2018-02-15 10:49:00,107.19,107.21,107.19,107.21,700.0
2018-02-15 10:50:00,107.027,107.16,107.02,107.11,1941.0
2018-02-15 10:51:00,107.15,107.15,107.051,107.051,1523.0
2018-02-15 10:52:00,107.14,107.14,107.07,107.11,1335.0
2018-02-15 10:53:00,107.04,107.04,107.04,107.04,300.0
2018-02-15 10:54:00,107.02,107.02,106.94,107.02,1732.0
2018-02-15 10:55:00,107.01,107.07,106.96,107.0138,1600.0
2018-02-15 10:56:00,106.75299999999999,106.96,106.75299999999999,106.96,2320.0
2018-02-15 10:57:00,106.89,106.93,106.84,106.84,1500.0
2018-02-15 10:58:00,106.72,106.86,106.66,106.82,1968.0
2018-02-15 10:59:00,106.7,106.7,106.7,106.7,100.0
2018-02-15 11:00:00,106.5,106.65,106.45,106.65,3100.0
2018-02-15 11:01:00,106.5,106.51,106.39,106.49,7731.0
2018-02-15 11:02:00,106.615,106.62,106.54,106.54,1100.0
2018-02-15 11:03:00,106.63,106.63,106.54,106.55,1000.0
2018-02-15 11:04:00,106.52,106.56,106.45,106.54,3082.0
2018-02-15 11:05:00,106.485,106.485,106.45,106.46,900.0
2018-02-15 11:06:00,106.59,106.61,106.53,106.53,2250.0
2018-02-15 11:07:00,106.605,106.605,106.605,106.605,700.0
2018-02-15 11:08:00,106.7599,106.7599,106.65,106.65,2157.0
2018-02-15 11:09:00,106.77,106.78,106.69,106.78,2358.0
2018-02-15 11:10:00,106.93,106.9499,106.681,106.681,1000.0
2018-02-15 11:11:00,106.999,106.999,106.99,106.99,200.0
2018-02-15 11:12:00,107.01,107.01,106.9,106.93,1720.0
2018-02-15 11:13:00,107.12,107.12,107.05,107.05,1508.0
2018-02-15 11:14:00,107.14,107.19,107.08,107.12,2000.0
2018-02-15 11:15:00,107.22,107.22,107.2,107.2134,907.0
2018-02-15 11:16:00,107.212,107.22,107.16,107.16,3124.0
2018-02-15 11:17:00,107.16,107.2199,107.1,107.2199,4884.0
2018-02-15 11:18:00,107.2,107.2,107.14,107.2,1593.0
2018-02-15 11:19:00,107.28,107.28,107.23,107.23,500.0
2018-02-15 11:20:00,107.25,107.31,107.2,107.2,700.0
2018-02-15 11:21:00,107.27,107.3,107.2208,107.25,1575.0
2018-02-15 11:22:00,107.5,107.5,107.33,107.33,2206.0
2018-02-15 11:23:00,107.26,107.4,107.26,107.39,3548.0
2018-02-15 11:25:00,107.16,107.28,107.14,107.28,8134.0
2018-02-15 11:26:00,107.14,107.2,107.13,107.15,1913.0
2018-02-15 11:27:00,107.04,107.04,107.04,107.04,100.0
2018-02-15 11:28:00,107.09,107.09,107.09,107.09,100.0
2018-02-15 11:29:00,107.15,107.15,107.07,107.07,1318.0
2018-02-15 11:30:00,107.2614,107.3999,107.19,107.19,2300.0
2018-02-15 11:31:00,107.05,107.26,107.05,107.25,1300.0
2018-02-15 11:32:00,106.93,107.0299,106.93,107.0299,200.0
2018-02-15 11:33:00,106.94,107.03,106.94,107.03,200.0
2018-02-15 11:34:00,106.83,107.01,106.83,107.01,2000.0
2018-02-15 11:35:00,106.86,106.88,106.82,106.82,1600.0
2018-02-15 11:36:00,106.78,106.8999,106.78,106.8999,1144.0
2018-02-15 11:37:00,106.78,106.83,106.7,106.83,3088.0
2018-02-15 11:38:00,106.73,106.73,106.73,106.73,200.0
2018-02-15 11:40:00,106.68,106.72,106.68,106.71,600.0
2018-02-15 11:41:00,106.8,106.83,106.73,106.73,2631.0
2018-02-15 11:42:00,106.87,106.87,106.87,106.87,300.0
2018-02-15 11:43:00,106.97,106.97,106.97,106.97,200.0
2018-02-15 11:44:00,106.96,106.96,106.9,106.93,1800.0
2018-02-15 11:45:00,107.0,107.01,106.96,106.96,2099.0
2018-02-15 11:46:00,107.0634,107.11,107.02,107.06,2670.0
2018-02-15 11:47:00,107.12,107.12,107.12,107.12,100.0
2018-02-15 11:48:00,107.12,107.12,107.07,107.1,400.0
2018-02-15 11:49:00,107.05,107.12,107.02,107.1,2800.0
2018-02-15 11:50:00,107.07,107.07,107.02,107.02,2701.0
2018-02-15 11:51:00,107.11,107.11,107.09,107.09,600.0
2018-02-15 11:52:00,107.135,107.14,107.0799,107.0799,830.0
2018-02-15 11:53:00,107.095,107.15,107.07,107.135,3074.0
2018-02-15 11:54:00,107.12,107.12,107.07,107.07,2949.0
2018-02-15 11:55:00,107.1,107.17,107.1,107.15,800.0
2018-02-15 11:56:00,107.02,107.1,107.02,107.1,7500.0
2018-02-15 11:57:00,107.06,107.07,107.01,107.01,3500.0
2018-02-15 11:58:00,107.06,107.06,107.06,107.06,400.0
2018-02-15 12:00:00,106.98,107.0965,106.97,107.0965,2390.0
2018-02-15 12:02:00,107.04,107.04,106.97,106.97,1352.0
2018-02-15 12:03:00,107.18,107.18,107.06,107.06,1250.0
2018-02-15 12:04:00,107.01,107.12,107.01,107.12,1635.0
2018-02-15 12:05:00,106.99,107.06,106.99,107.06,300.0
2018-02-15 12:06:00,106.86,106.97,106.86,106.97,2682.0
2018-02-15 12:07:00,106.92,106.93,106.72,106.78,1900.0
2018-02-15 12:09:00,106.89,106.89,106.89,106.89,200.0
2018-02-15 12:11:00,107.01,107.01,106.97,106.97,1326.0
2018-02-15 12:12:00,106.92,106.99,106.92,106.97,1546.0
2018-02-15 12:13:00,106.94,106.97,106.94,106.96,700.0
2018-02-15 12:14:00,106.75,106.94,106.75,106.94,7270.0
2018-02-15 12:16:00,106.91,106.91,106.83,106.83,1196.0
2018-02-15 12:17:00,106.85,106.85,106.85,106.85,100.0
2018-02-15 12:18:00,106.97,106.97,106.91,106.91,1100.0
2018-02-15 12:19:00,107.01,107.015,107.01,107.01,300.0
2018-02-15 12:20:00,107.0,107.0,107.0,107.0,200.0
2018-02-15 12:21:00,106.96,107.0,106.96,107.0,300.0
2018-02-15 12:22:00,107.01,107.01,106.95,107.0,2600.0
2018-02-15 12:23:00,107.03,107.03,107.015,107.015,1826.0
2018-02-15 12:24:00,107.135,107.17,107.04,107.07,2500.0
2018-02-15 12:25:00,107.2,107.2,107.135,107.135,500.0
2018-02-15 12:26:00,107.22,107.22,107.22,107.22,400.0
2018-02-15 12:27:00,107.16,107.16,107.15,107.16,1800.0
2018-02-15 12:28:00,107.11,107.146,107.11,107.146,892.0
2018-02-15 12:29:00,107.14,107.14,107.14,107.14,896.0
2018-02-15 12:30:00,107.17,107.17,107.17,107.17,100.0
2018-02-15 12:31:00,107.19,107.19,107.125,107.125,708.0
2018-02-15 12:32:00,107.2,107.2,107.19,107.19,400.0
2018-02-15 12:33:00,107.23,107.23,107.23,107.23,200.0
2018-02-15 12:34:00,107.18,107.22,107.16,107.22,1735.0
2018-02-15 12:35:00,107.18,107.18,107.17,107.17,1200.0
2018-02-15 12:36:00,107.17,107.17,107.16,107.16,700.0
2018-02-15 12:37:00,107.07,107.16,107.07,107.16,700.0
2018-02-15 12:38:00,107.11,107.13,107.1,107.1,1599.0
2018-02-15 12:39:00,107.15,107.15,107.12,107.12,500.0
2018-02-15 12:41:00,107.22,107.22,107.2,107.2,500.0
2018-02-15 12:42:00,107.21,107.22,107.16,107.17,1900.0
2018-02-15 12:43:00,107.17,107.19,107.17,107.19,350.0
2018-02-15 12:44:00,107.13,107.14,107.13,107.14,500.0
2018-02-15 12:45:00,107.15,107.15,107.12,107.15,525.0
2018-02-15 12:46:00,107.15,107.15,107.09,107.11,1836.0
2018-02-15 12:47:00,107.15,107.16,107.15,107.16,300.0
2018-02-15 12:48:00,107.1,107.1,107.1,107.1,100.0
2018-02-15 12:49:00,107.02,107.11,107.02,107.02,300.0
2018-02-15 12:50:00,106.99,107.05,106.99,107.05,800.0
2018-02-15 12:51:00,106.945,106.98,106.945,106.98,500.0
2018-02-15 12:52:00,106.89,106.98,106.88,106.98,2675.0
2018-02-15 12:53:00,106.81,106.91,106.81,106.85,537.0
2018-02-15 12:54:00,106.76,106.8,106.76,106.8,600.0
2018-02-15 12:55:00,106.71,106.71,106.71,106.71,100.0
2018-02-15 12:56:00,106.72,106.72,106.72,106.72,100.0
2018-02-15 12:57:00,106.76,106.77,106.72,106.77,1269.0
2018-02-15 12:58:00,106.76100000000001,106.76100000000001,106.76100000000001,106.76100000000001,238.0
2018-02-15 13:00:00,106.745,106.8,106.71,106.78,3052.0
2018-02-15 13:01:00,106.92,106.94,106.74,106.765,1300.0
2018-02-15 13:02:00,106.85,106.9448,106.85,106.9448,1000.0
2018-02-15 13:03:00,106.8,106.91,106.8,106.85,400.0
2018-02-15 13:04:00,106.91,106.91,106.88,106.88,600.0
2018-02-15 13:05:00,106.94,106.96,106.915,106.96,600.0
2018-02-15 13:07:00,106.98,106.98,106.96,106.96,800.0
2018-02-15 13:08:00,107.0,107.0,106.93,106.93,600.0
2018-02-15 13:12:00,107.13,107.13,107.13,107.13,100.0
2018-02-15 13:13:00,107.1,107.14,107.1,107.14,300.0
2018-02-15 13:14:00,107.21,107.21,107.085,107.09,1700.0
2018-02-15 13:15:00,107.09,107.17,107.09,107.13,2285.0
2018-02-15 13:16:00,107.2,107.2,107.15,107.15,1900.0
2018-02-15 13:18:00,107.08,107.17,107.08,107.14,1371.0
2018-02-15 13:19:00,107.01,107.1184,107.01,107.1184,201.0
2018-02-15 13:20:00,107.0428,107.0428,107.0428,107.0428,189.0
2018-02-15 13:21:00,107.08,107.08,107.079,107.08,2690.0
2018-02-15 13:22:00,106.92,107.01,106.92,107.01,1798.0
2018-02-15 13:23:00,107.01,107.01,106.96,106.96,2440.0
2018-02-15 13:24:00,107.04,107.04,107.04,107.04,100.0
2018-02-15 13:25:00,107.03,107.03,107.03,107.03,100.0
2018-02-15 13:26:00,107.08,107.08,107.0,107.0,1334.0
2018-02-15 13:27:00,107.03,107.08,107.02,107.08,1300.0
2018-02-15 13:29:00,106.96,107.02,106.96,107.02,600.0
2018-02-15 13:31:00,106.865,106.98,106.865,106.92,812.0
2018-02-15 13:32:00,106.89,106.92,106.8501,106.91,600.0
2018-02-15 13:33:00,106.83,106.9,106.83,106.9,1091.0
2018-02-15 13:34:00,106.82,106.82,106.81,106.81,1000.0
2018-02-15 13:35:00,106.8799,106.8799,106.8147,106.86,650.0
2018-02-15 13:36:00,106.885,106.89,106.885,106.89,290.0
2018-02-15 13:37:00,107.0,107.0,107.0,107.0,200.0
2018-02-15 13:38:00,107.0,107.0,106.94,106.94,1600.0
2018-02-15 13:39:00,106.86,107.06,106.86,107.06,2000.0
2018-02-15 13:40:00,106.87,106.87,106.82,106.86,1100.0
2018-02-15 13:42:00,106.87,106.87,106.8685,106.8685,350.0
2018-02-15 13:43:00,106.95,106.96,106.88,106.9,1852.0
2018-02-15 13:44:00,106.87,106.95,106.87,106.91,900.0
2018-02-15 13:45:00,106.91,106.92,106.9,106.9,1050.0
2018-02-15 13:46:00,106.99,106.99,106.92,106.96,758.0
2018-02-15 13:47:00,106.98,106.98,106.98,106.98,100.0
2018-02-15 13:48:00,106.96,106.98,106.92,106.92,673.0
2018-02-15 13:49:00,107.07,107.07,106.93,106.98,2737.0
2018-02-15 13:50:00,107.1,107.11,107.1,107.11,200.0
2018-02-15 13:51:00,107.07,107.09,107.05,107.09,1000.0
2018-02-15 13:52:00,107.02,107.02,107.02,107.02,100.0
2018-02-15 13:53:00,107.02,107.08,107.02,107.08,400.0
2018-02-15 13:54:00,107.11,107.13,107.04,107.07,3000.0
2018-02-15 13:55:00,107.15,107.16,107.06,107.12,4195.0
2018-02-15 13:56:00,107.22,107.22,107.14,107.14,5700.0
2018-02-15 13:57:00,107.17,107.28,107.17,107.28,2998.0
2018-02-15 13:58:00,107.155,107.19,107.155,107.16,1154.0
2018-02-15 13:59:00,107.14,107.19,107.14,107.16,700.0
2018-02-15 14:00:00,107.2799,107.2799,107.16,107.17,1800.0
2018-02-15 14:01:00,107.28,107.28,107.23,107.27,743.0
2018-02-15 14:02:00,107.2825,107.34,107.28,107.28,1701.0
2018-02-15 14:03:00,107.26,107.26,107.26,107.26,100.0
2018-02-15 14:04:00,107.34,107.34,107.255,107.29,1100.0
2018-02-15 14:05:00,107.34,107.34,107.33,107.33,537.0
2018-02-15 14:06:00,107.43,107.44,107.355,107.44,1462.0
2018-02-15 14:07:00,107.52,107.52,107.39,107.4,1400.0
2018-02-15 14:08:00,107.57,107.57,107.5,107.5,400.0
2018-02-15 14:09:00,107.555,107.59,107.555,107.59,300.0
2018-02-15 14:10:00,107.65,107.66,107.56,107.59,5605.0
2018-02-15 14:11:00,107.7,107.77,107.67,107.67,4800.0
2018-02-15 14:12:00,107.81,107.81,107.7,107.71,3094.0
2018-02-15 14:13:00,107.745,107.78,107.71,107.74,4100.0
2018-02-15 14:14:00,107.83,107.83,107.745,107.745,3070.0
2018-02-15 14:15:00,107.775,107.86,107.76,107.8,1250.0
2018-02-15 14:16:00,107.86,107.88,107.775,107.775,1146.0
2018-02-15 14:17:00,107.82,107.96,107.82,107.96,2300.0
2018-02-15 14:18:00,107.69,107.84,107.62,107.78,1445.0
2018-02-15 14:19:00,107.65,107.65,107.63,107.64,1100.0
2018-02-15 14:20:00,107.54,107.5763,107.48,107.5763,1450.0
2018-02-15 14:21:00,107.69,107.69,107.495,107.495,2800.0
2018-02-15 14:22:00,107.67,107.7,107.64,107.7,500.0
2018-02-15 14:23:00,107.7,107.715,107.67,107.67,1400.0
2018-02-15 14:24:00,107.73,107.73,107.69,107.69,600.0
2018-02-15 14:25:00,107.83,107.83,107.76,107.76,639.0
2018-02-15 14:26:00,107.765,107.765,107.765,107.765,200.0
2018-02-15 14:27:00,107.79,107.83,107.77,107.8,1600.0
2018-02-15 14:28:00,107.74,107.7826,107.74,107.7826,1663.0
2018-02-15 14:29:00,107.58,107.77,107.58,107.77,2500.0
2018-02-15 14:30:00,107.73,107.73,107.63,107.63,1950.0
2018-02-15 14:31:00,107.635,107.7,107.62,107.67,2355.0
2018-02-15 14:32:00,107.7,107.7,107.61,107.62,1490.0
2018-02-15 14:33:00,107.51,107.68,107.51,107.68,4000.0
2018-02-15 14:34:00,107.47,107.47,107.46,107.46,300.0
2018-02-15 14:35:00,107.45,107.46,107.45,107.46,800.0
2018-02-15 14:36:00,107.45,107.455,107.4,107.455,1549.0
2018-02-15 14:37:00,107.38,107.45,107.38,107.45,1200.0
2018-02-15 14:38:00,107.29,107.34,107.29,107.34,867.0
2018-02-15 14:39:00,107.36,107.36,107.29,107.29,1674.0
2018-02-15 14:40:00,107.3,107.33,107.28,107.33,1200.0
2018-02-15 14:41:00,107.36,107.38,107.33,107.33,2896.0
2018-02-15 14:42:00,107.28,107.37,107.28,107.33,1700.0
2018-02-15 14:43:00,107.3,107.33,107.23,107.26,9000.0
2018-02-15 14:44:00,107.295,107.3,107.28,107.3,6166.0
2018-02-15 14:45:00,107.335,107.45,107.28,107.3,10338.0
2018-02-15 14:46:00,107.32,107.365,107.31,107.36,1797.0
2018-02-15 14:47:00,107.32,107.34,107.26,107.29,3646.0
2018-02-15 14:49:00,107.335,107.34,107.28,107.31,700.0
2018-02-15 14:50:00,107.31,107.33,107.29,107.31,1800.0
2018-02-15 14:51:00,107.26,107.3169,107.25,107.315,1000.0
2018-02-15 14:52:00,107.24,107.25,107.21,107.22,1360.0
2018-02-15 14:54:00,107.23,107.24,107.2,107.22,5466.0
2018-02-15 14:55:00,107.26,107.26,107.23,107.23,800.0
2018-02-15 14:57:00,107.2,107.24,107.2,107.2,1800.0
2018-02-15 14:58:00,107.245,107.27,107.245,107.25,936.0
2018-02-15 14:59:00,107.34,107.34,107.27,107.27,1900.0
2018-02-15 15:00:00,107.3232,107.34,107.3,107.34,1200.0
2018-02-15 15:01:00,107.365,107.38,107.34,107.34,900.0
2018-02-15 15:02:00,107.55,107.56,107.39,107.39,3900.0
2018-02-15 15:03:00,107.5338,107.55,107.51,107.54,2403.0
2018-02-15 15:04:00,107.62,107.62,107.535,107.535,1900.0
2018-02-15 15:05:00,107.6,107.6,107.6,107.6,200.0
2018-02-15 15:06:00,107.66,107.66,107.59,107.59,300.0
2018-02-15 15:07:00,107.61,107.65,107.6,107.65,2654.0
2018-02-15 15:08:00,107.65,107.65,107.58,107.58,800.0
2018-02-15 15:09:00,107.56,107.66,107.56,107.66,1593.0
2018-02-15 15:10:00,107.5,107.55,107.5,107.53,2300.0
2018-02-15 15:11:00,107.45,107.5,107.45,107.5,1000.0
2018-02-15 15:12:00,107.4,107.46,107.4,107.46,800.0
2018-02-15 15:13:00,107.34,107.405,107.33,107.37,1100.0
2018-02-15 15:14:00,107.45,107.45,107.34,107.36,3500.0
2018-02-15 15:15:00,107.54,107.54,107.47,107.47,400.0
2018-02-15 15:16:00,107.5345,107.5623,107.53,107.55,2594.0
2018-02-15 15:17:00,107.525,107.525,107.525,107.525,200.0
2018-02-15 15:18:00,107.54,107.58,107.535,107.55,1900.0
2018-02-15 15:19:00,107.53,107.57,107.53,107.54,2593.0
2018-02-15 15:20:00,107.64,107.64,107.53,107.53,3300.0
2018-02-15 15:21:00,107.67299999999999,107.67299999999999,107.64,107.64,300.0
2018-02-15 15:22:00,107.64,107.7099,107.64,107.666,2400.0
2018-02-15 15:23:00,107.68,107.73,107.665,107.665,1900.0
2018-02-15 15:24:00,107.68,107.72,107.67,107.7,1779.0
2018-02-15 15:25:00,107.64,107.68,107.64,107.66,600.0
2018-02-15 15:26:00,107.65,107.67,107.65,107.665,300.0
2018-02-15 15:27:00,107.57,107.67,107.57,107.65,4030.0
2018-02-15 15:28:00,107.44,107.53,107.44,107.53,427.0
2018-02-15 15:29:00,107.4,107.44,107.37,107.44,2150.0
2018-02-15 15:30:00,107.4,107.43,107.39,107.39,1536.0
2018-02-15 15:31:00,107.43,107.43,107.35,107.37,4544.0
2018-02-15 15:32:00,107.41,107.41,107.36,107.41,2500.0
2018-02-15 15:33:00,107.35,107.38,107.31,107.38,1418.0
2018-02-15 15:34:00,107.31,107.355,107.285,107.355,1755.0
2018-02-15 15:35:00,107.22,107.32,107.22,107.31,1647.0
2018-02-15 15:36:00,107.21,107.21,107.13,107.1998,2914.0
2018-02-15 15:37:00,107.26,107.26,107.22,107.22,1300.0
2018-02-15 15:38:00,107.24,107.25,107.22,107.25,1234.0
2018-02-15 15:39:00,107.26,107.29,107.24,107.24,2293.0
2018-02-15 15:40:00,107.25,107.28,107.25,107.26,1100.0
2018-02-15 15:41:00,107.33,107.37,107.3,107.3,5189.0
2018-02-15 15:42:00,107.32,107.37,107.32,107.35,3132.0
2018-02-15 15:43:00,107.31,107.32,107.3,107.32,1602.0
2018-02-15 15:44:00,107.26,107.32,107.255,107.32,5128.0
2018-02-15 15:45:00,107.1,107.26,107.1,107.26,3316.0
2018-02-15 15:46:00,107.23,107.289,107.125,107.125,9407.0
2018-02-15 15:47:00,107.29,107.3,107.23,107.23,5600.0
2018-02-15 15:48:00,107.26,107.31,107.24,107.27,4303.0
2018-02-15 15:49:00,107.29,107.29,107.24,107.255,2550.0
2018-02-15 15:50:00,107.24,107.28,107.21,107.265,3467.0
2018-02-15 15:51:00,107.275,107.275,107.21,107.225,9291.0
2018-02-15 15:52:00,107.32,107.34,107.28,107.28,5313.0
2018-02-15 15:53:00,107.31,107.34,107.28,107.34,3050.0
2018-02-15 15:54:00,107.3,107.34,107.3,107.32,14480.0
2018-02-15 15:55:00,107.24,107.305,107.22,107.3,6266.0
2018-02-15 15:56:00,107.3,107.3,107.24,107.24,1900.0
2018-02-15 15:57:00,107.37,107.38,107.27,107.28,12624.0
2018-02-15 15:58:00,107.36,107.37,107.34,107.36,5444.0
2018-02-15 15:59:00,107.4,107.43,107.37,107.38,9968.0
2018-02-15 16:00:00,107.57,107.57,107.4,107.44,11241.0
2018-02-16 09:30:00,107.28,107.28,107.28,107.28,22649.0
2018-02-16 09:31:00,106.62,106.65,106.62,106.65,200.0
2018-02-16 09:32:00,106.8,106.81,106.68,106.68,300.0
2018-02-16 09:33:00,106.83,106.83,106.83,106.83,100.0
2018-02-16 09:35:00,107.04,107.16,107.01,107.16,1000.0
2018-02-16 09:36:00,107.25,107.25,107.25,107.25,100.0
2018-02-16 09:40:00,107.705,107.705,107.36,107.52,2800.0
2018-02-16 09:41:00,107.69,107.69,107.6643,107.68,977.0
2018-02-16 09:42:00,107.47,107.61,107.38,107.6,2500.0
2018-02-16 09:43:00,107.5718,107.5718,107.5718,107.5718,100.0
2018-02-16 09:44:00,107.39,107.39,107.39,107.39,200.0
2018-02-16 09:45:00,107.395,107.395,107.22,107.33,3810.0
2018-02-16 09:46:00,107.38,107.48,107.22,107.405,7070.0
2018-02-16 09:47:00,107.375,107.375,107.2,107.2,200.0
2018-02-16 09:48:00,107.44,107.45,107.44,107.45,200.0
2018-02-16 09:49:00,107.43,107.43,107.43,107.43,100.0
2018-02-16 09:50:00,107.57,107.73,107.57,107.65,900.0
2018-02-16 09:51:00,107.51,107.51,107.51,107.51,200.0
2018-02-16 09:52:00,107.6,107.6,107.6,107.6,200.0
2018-02-16 09:53:00,107.66,107.74,107.66,107.7,300.0
2018-02-16 09:55:00,107.705,107.77,107.63,107.64,800.0
2018-02-16 09:56:00,107.91,108.03,107.705,107.705,6145.0
2018-02-16 09:57:00,108.0,108.02,107.88,107.89,1700.0
2018-02-16 09:58:00,108.09,108.09,107.94,108.045,3642.0
2018-02-16 09:59:00,107.89,108.005,107.89,108.0,1800.0
2018-02-16 10:00:00,107.71,107.8,107.71,107.8,1100.0
2018-02-16 10:01:00,107.705,107.705,107.6,107.64,400.0
2018-02-16 10:02:00,107.7,107.7,107.7,107.7,100.0
2018-02-16 10:03:00,107.64,107.7,107.64,107.7,300.0
2018-02-16 10:04:00,107.83,107.84,107.79,107.79,400.0
2018-02-16 10:05:00,107.91,107.94,107.75,107.7623,936.0
2018-02-16 10:06:00,108.08,108.14,107.9,107.975,1900.0
2018-02-16 10:07:00,108.06,108.065,108.02,108.05,700.0
2018-02-16 10:08:00,108.13,108.23,108.06,108.07,2100.0
2018-02-16 10:09:00,108.19,108.19,108.1,108.13,700.0
2018-02-16 10:10:00,108.29,108.29,108.16,108.16,1800.0
2018-02-16 10:11:00,108.1,108.26,108.1,108.26,800.0
2018-02-16 10:12:00,107.98,108.06,107.98,108.06,1297.0
2018-02-16 10:13:00,107.91,107.91,107.81,107.81,200.0
2018-02-16 10:15:00,108.05,108.07,107.76,107.81,1274.0
2018-02-16 10:17:00,108.18,108.18,108.095,108.095,200.0
2018-02-16 10:18:00,108.28,108.28,108.2,108.2,300.0
2018-02-16 10:19:00,108.34,108.43,108.14,108.15,2500.0
2018-02-16 10:20:00,108.36,108.48,108.36,108.425,1700.0
2018-02-16 10:21:00,108.37,108.42,108.37,108.375,400.0
2018-02-16 10:22:00,108.49,108.55,108.46,108.47,2290.0
2018-02-16 10:23:00,108.605,108.65,108.48,108.48,3050.0
2018-02-16 10:24:00,108.56,108.61,108.47,108.61,1200.0
2018-02-16 10:25:00,108.48,108.5,108.44,108.48,1229.0
2018-02-16 10:26:00,108.62,108.675,108.48,108.48,2400.0
2018-02-16 10:27:00,108.4,108.45,108.4,108.45,1100.0
2018-02-16 10:28:00,108.23,108.42,108.23,108.24,700.0
2018-02-16 10:29:00,108.21,108.41,108.21,108.295,2694.0
2018-02-16 10:30:00,108.44,108.44,108.32,108.39,1900.0
2018-02-16 10:31:00,108.39,108.48,108.37,108.37,400.0
2018-02-16 10:32:00,108.37,108.405,108.29,108.4,1721.0
2018-02-16 10:33:00,108.31,108.39,108.29,108.29,800.0
2018-02-16 10:34:00,108.4,108.44,108.38,108.38,347.0
2018-02-16 10:35:00,108.37,108.4202,108.33,108.33,4225.0
2018-02-16 10:36:00,108.4365,108.44,108.39,108.39,1585.0
2018-02-16 10:37:00,108.39,108.42,108.36,108.39,1300.0
2018-02-16 10:38:00,108.28,108.35,108.28,108.35,826.0
2018-02-16 10:39:00,108.12,108.195,108.12,108.195,200.0
2018-02-16 10:41:00,108.15,108.23,108.13,108.13,600.0
2018-02-16 10:42:00,108.23,108.25,108.19,108.23,1301.0
2018-02-16 10:43:00,108.175,108.36,108.175,108.36,1500.0
2018-02-16 10:44:00,108.16,108.16,108.16,108.16,113.0
2018-02-16 10:45:00,108.09,108.15,108.09,108.15,1100.0
2018-02-16 10:46:00,108.01,108.09,108.0,108.01,4728.0
2018-02-16 10:47:00,108.19,108.19,108.13,108.16,520.0
2018-02-16 10:48:00,108.32,108.32,108.205,108.21,2555.0
2018-02-16 10:49:00,108.3,108.36,108.21,108.31,2300.0
2018-02-16 10:50:00,108.3,108.3,108.3,108.3,100.0
2018-02-16 10:51:00,108.37,108.37,108.34,108.35,4450.0
2018-02-16 10:52:00,108.3,108.395,108.3,108.375,3150.0
2018-02-16 10:55:00,108.37,108.37,108.25,108.25,2800.0
2018-02-16 10:56:00,108.37,108.37,108.37,108.37,456.0
2018-02-16 10:57:00,108.34,108.36,108.34,108.36,200.0
2018-02-16 10:58:00,108.28,108.355,108.28,108.32,1500.0
2018-02-16 10:59:00,108.23,108.28,108.23,108.28,1512.0
2018-02-16 11:00:00,108.18,108.265,108.11,108.23,2597.0
2018-02-16 11:01:00,108.21,108.21,108.14,108.14,800.0
2018-02-16 11:02:00,108.22,108.22,108.22,108.22,100.0
2018-02-16 11:03:00,108.2,108.24,108.2,108.24,500.0
2018-02-16 11:04:00,108.12,108.12,108.12,108.12,400.0
2018-02-16 11:05:00,108.27,108.31,108.161,108.17,2309.0
2018-02-16 11:06:00,108.265,108.3,108.265,108.3,800.0
2018-02-16 11:07:00,108.295,108.33,108.22,108.22,650.0
2018-02-16 11:08:00,108.39,108.39,108.3126,108.34,1350.0
2018-02-16 11:09:00,108.53,108.53,108.33,108.41,2000.0
2018-02-16 11:10:00,108.65,108.65,108.57,108.57,500.0
2018-02-16 11:11:00,108.72,108.72,108.64,108.68,989.0
2018-02-16 11:12:00,108.715,108.759,108.68,108.69,2440.0
2018-02-16 11:13:00,108.76,108.76,108.67,108.67,500.0
2018-02-16 11:14:00,108.75,108.75,108.67,108.7,1000.0
2018-02-16 11:15:00,108.8,108.8,108.705,108.75,1600.0
2018-02-16 11:17:00,108.78,108.8,108.7,108.74,1597.0
2018-02-16 11:18:00,108.76,108.82,108.74,108.75,600.0
2018-02-16 11:19:00,108.81,108.88,108.77,108.77,1200.0
2018-02-16 11:20:00,108.88,108.88,108.85,108.85,400.0
2018-02-16 11:21:00,108.84,108.88,108.84,108.88,500.0
2018-02-16 11:22:00,108.88,108.88,108.88,108.88,100.0
2018-02-16 11:23:00,108.81,108.84,108.79,108.84,2800.0
2018-02-16 11:24:00,108.79,108.85,108.79,108.8,600.0
2018-02-16 11:25:00,108.71,108.7578,108.55,108.73,506.0
2018-02-16 11:26:00,108.645,108.645,108.645,108.645,200.0
2018-02-16 11:27:00,108.575,108.63,108.49,108.53,700.0
2018-02-16 11:28:00,108.585,108.585,108.54,108.54,400.0
2018-02-16 11:29:00,108.54,108.55,108.54,108.55,400.0
2018-02-16 11:30:00,108.52,108.62,108.52,108.54,1700.0
2018-02-16 11:31:00,108.635,108.635,108.59,108.59,2100.0
2018-02-16 11:32:00,108.66,108.66,108.635,108.635,600.0
2018-02-16 11:33:00,108.64,108.65,108.632,108.632,748.0
2018-02-16 11:34:00,108.62,108.62,108.62,108.62,100.0
2018-02-16 11:35:00,108.66,108.66,108.64,108.64,200.0
2018-02-16 11:36:00,108.69,108.69,108.61,108.63,2225.0
2018-02-16 11:37:00,108.71,108.71,108.675,108.675,800.0
2018-02-16 11:38:00,108.71,108.71,108.71,108.71,300.0
2018-02-16 11:39:00,108.64,108.75,108.64,108.64,700.0
2018-02-16 11:40:00,108.71,108.71,108.71,108.71,100.0
2018-02-16 11:41:00,108.58,108.64,108.58,108.64,200.0
2018-02-16 11:42:00,108.89,108.89,108.61,108.62,4600.0
2018-02-16 11:43:00,108.88,108.88,108.84,108.875,1400.0
2018-02-16 11:44:00,108.79,108.875,108.79,108.85,2600.0
2018-02-16 11:45:00,108.75,108.76,108.75,108.76,300.0
2018-02-16 11:46:00,108.72,108.72,108.72,108.72,100.0
2018-02-16 11:48:00,108.87,108.87,108.74,108.74,2900.0
2018-02-16 11:49:00,108.945,108.945,108.87,108.87,800.0
2018-02-16 11:50:00,108.82,108.95,108.82,108.95,2600.0
2018-02-16 11:51:00,108.82,108.83,108.82,108.83,200.0
2018-02-16 11:52:00,108.74,108.82,108.73,108.82,3200.0
2018-02-16 11:53:00,108.71,108.75,108.68,108.745,3206.0
2018-02-16 11:54:00,108.79,108.81,108.68,108.69,6323.0
2018-02-16 11:55:00,108.76,108.78,108.76,108.78,200.0
2018-02-16 11:56:00,108.69,108.75,108.69,108.71,1100.0
2018-02-16 11:57:00,108.69,108.735,108.69,108.735,600.0
2018-02-16 11:58:00,108.78,108.78,108.68,108.69,1618.0
2018-02-16 11:59:00,108.74,108.78,108.74,108.74,900.0
2018-02-16 12:00:00,108.8,109.06,108.7,108.7,5991.0
2018-02-16 12:01:00,108.83,108.83,108.83,108.83,100.0
2018-02-16 12:02:00,108.69,108.775,108.69,108.76,1800.0
2018-02-16 12:04:00,108.71,108.71,108.57,108.62,490.0
2018-02-16 12:05:00,108.545,108.66,108.5,108.66,2250.0
2018-02-16 12:06:00,108.6,108.6,108.56,108.6,800.0
2018-02-16 12:07:00,108.56,108.605,108.56,108.605,300.0
2018-02-16 12:08:00,108.52,108.55,108.46,108.55,1200.0
2018-02-16 12:09:00,108.47,108.47,108.47,108.47,100.0
2018-02-16 12:10:00,108.48,108.561,108.48,108.561,425.0
2018-02-16 12:11:00,108.66,108.68,108.58,108.58,2304.0
2018-02-16 12:12:00,108.7,108.7,108.7,108.7,100.0
2018-02-16 12:13:00,108.8,108.8,108.8,108.8,100.0
2018-02-16 12:14:00,108.82,108.84,108.8,108.81,1300.0
2018-02-16 12:15:00,108.83,108.83,108.77,108.81,3100.0
2018-02-16 12:17:00,108.65,108.755,108.65,108.69,1336.0
2018-02-16 12:19:00,108.83,108.83,108.8,108.8,500.0
2018-02-16 12:20:00,108.74,108.78,108.7,108.78,1100.0
2018-02-16 12:21:00,108.67,108.69,108.67,108.69,200.0
2018-02-16 12:23:00,108.6255,108.67,108.61,108.67,800.0
2018-02-16 12:25:00,108.58,108.65,108.58,108.65,900.0
2018-02-16 12:26:00,108.64,108.64,108.54,108.6,1335.0
2018-02-16 12:27:00,108.58,108.63,108.58,108.63,200.0
2018-02-16 12:28:00,108.63,108.63,108.63,108.63,100.0
2018-02-16 12:29:00,108.69,108.71,108.56,108.57,2199.0
2018-02-16 12:30:00,108.62,108.62,108.62,108.62,100.0
2018-02-16 12:31:00,108.75,108.75,108.7,108.7,1607.0
2018-02-16 12:32:00,108.88,108.98,108.77,108.77,3237.0
2018-02-16 12:33:00,108.84,108.86,108.84,108.86,400.0
2018-02-16 12:34:00,108.99,108.99,108.84,108.84,1868.0
2018-02-16 12:35:00,109.03,109.03,109.01,109.01,300.0
2018-02-16 12:37:00,109.14,109.14,109.1,109.1,1000.0
2018-02-16 12:38:00,109.16,109.16,109.16,109.16,100.0
2018-02-16 12:39:00,109.14,109.17,109.14,109.16,700.0
2018-02-16 12:40:00,109.06,109.164,109.06,109.12,1607.0
2018-02-16 12:41:00,109.085,109.085,109.085,109.085,100.0
2018-02-16 12:43:00,108.95,109.03,108.95,109.03,1200.0
2018-02-16 12:44:00,108.97,108.98,108.92,108.93,900.0
2018-02-16 12:45:00,108.86,108.9152,108.86,108.9152,400.0
2018-02-16 12:46:00,108.83,108.95,108.83,108.895,1300.0
2018-02-16 12:47:00,108.84,108.84,108.79,108.8,700.0
2018-02-16 12:49:00,108.88,108.88,108.79,108.79,900.0
2018-02-16 12:50:00,108.76,108.76,108.76,108.76,100.0
2018-02-16 12:51:00,108.81,108.81,108.75,108.76,1600.0
2018-02-16 12:52:00,108.64,108.73,108.54,108.73,1630.0
2018-02-16 12:53:00,108.52,108.61,108.43,108.48,2000.0
2018-02-16 12:54:00,108.53,108.57,108.42,108.42,1000.0
2018-02-16 12:55:00,108.48,108.57,108.48,108.56,900.0
2018-02-16 12:56:00,108.47,108.57,108.47,108.57,600.0
2018-02-16 12:57:00,108.62,108.62,108.47,108.47,1000.0
2018-02-16 12:58:00,108.59,108.59,108.53,108.56,600.0
2018-02-16 12:59:00,108.63,108.65,108.59,108.59,700.0
2018-02-16 13:00:00,108.57,108.57,108.57,108.57,100.0
2018-02-16 13:01:00,108.78,108.78,108.67,108.67,2199.0
2018-02-16 13:02:00,108.71,108.75,108.7,108.75,1600.0
2018-02-16 13:03:00,108.75,108.75,108.75,108.75,200.0
2018-02-16 13:04:00,108.75,108.75,108.62,108.66,700.0
2018-02-16 13:06:00,108.65,108.67,108.6,108.64,1400.0
2018-02-16 13:07:00,108.52,108.65,108.52,108.6,2200.0
2018-02-16 13:08:00,108.57,108.68,108.57,108.68,400.0
2018-02-16 13:10:00,108.65,108.65,108.56,108.56,900.0
2018-02-16 13:11:00,108.6,108.6,108.54,108.57,1200.0
2018-02-16 13:12:00,108.57,108.6,108.55,108.57,700.0
2018-02-16 13:13:00,108.55,108.63,108.55,108.63,1000.0
2018-02-16 13:14:00,108.56,108.56,108.51,108.56,929.0
2018-02-16 13:15:00,108.59,108.59,108.56,108.56,470.0
2018-02-16 13:16:00,108.63,108.63,108.52,108.54,1065.0
2018-02-16 13:17:00,108.59,108.62,108.59,108.62,600.0
2018-02-16 13:18:00,108.54,108.6,108.54,108.57,1900.0
2018-02-16 13:19:00,108.55,108.61,108.46,108.61,2234.0
2018-02-16 13:20:00,108.6,108.6,108.525,108.54,1100.0
2018-02-16 13:22:00,108.59,108.59,108.53,108.56,700.0
2018-02-16 13:23:00,108.64,108.64,108.64,108.64,100.0
2018-02-16 13:24:00,108.65,108.65,108.5736,108.5736,893.0
2018-02-16 13:25:00,108.56,108.75,108.56,108.67,1500.0
2018-02-16 13:26:00,108.68,108.68,108.68,108.68,100.0
2018-02-16 13:27:00,108.56,108.675,108.53,108.675,1500.0
2018-02-16 13:28:00,108.6,108.69,108.53,108.56,2539.0
2018-02-16 13:29:00,108.59,108.59,108.5,108.53,2500.0
2018-02-16 13:30:00,108.48,108.61,108.48,108.61,700.0
2018-02-16 13:31:00,108.48,108.49,108.39,108.48,828.0
2018-02-16 13:32:00,108.41,108.51,108.41,108.46,800.0
2018-02-16 13:33:00,108.44,108.53,108.43,108.47,800.0
2018-02-16 13:34:00,108.56,108.56,108.56,108.56,100.0
2018-02-16 13:35:00,108.66,108.66,108.45,108.51,800.0
2018-02-16 13:36:00,108.78,108.83,108.74,108.74,1103.0
2018-02-16 13:37:00,108.74,108.765,108.69,108.75,1800.0
2018-02-16 13:38:00,108.7,108.83,108.7,108.83,1063.0
2018-02-16 13:39:00,108.67,108.74,108.67,108.74,600.0
2018-02-16 13:40:00,108.69,108.7,108.66,108.68,937.0
2018-02-16 13:41:00,108.78,108.78,108.77,108.77,200.0
2018-02-16 13:42:00,108.88,108.88,108.66,108.72,1837.0
2018-02-16 13:43:00,108.91,108.925,108.84,108.925,1710.0
2018-02-16 13:44:00,108.95,108.95,108.95,108.95,100.0
2018-02-16 13:45:00,108.86,108.88,108.82,108.88,1269.0
2018-02-16 13:46:00,108.91,108.91,108.745,108.78,1400.0
2018-02-16 13:48:00,108.78,108.84,108.78,108.84,1000.0
2018-02-16 13:49:00,108.8,108.82,108.72,108.76,900.0
2018-02-16 13:50:00,108.7,108.795,108.7,108.7449,530.0
2018-02-16 13:51:00,108.67,108.79,108.67,108.79,600.0
2018-02-16 13:52:00,108.65,108.65,108.65,108.65,200.0
2018-02-16 13:53:00,108.66,108.7232,108.66,108.7232,1800.0
2018-02-16 13:54:00,108.65,108.67,108.65,108.65,600.0
2018-02-16 13:55:00,108.57,108.66,108.57,108.64,918.0
2018-02-16 13:56:00,108.58,108.595,108.54,108.595,600.0
2018-02-16 13:57:00,108.64,108.64,108.51,108.565,1700.0
2018-02-16 13:58:00,108.57,108.59,108.57,108.59,441.0
2018-02-16 13:59:00,108.79,108.82,108.68,108.68,1000.0
2018-02-16 14:00:00,108.68,108.74,108.57,108.74,1300.0
2018-02-16 14:01:00,108.76,108.76,108.655,108.66,806.0
2018-02-16 14:02:00,108.88,108.91,108.785,108.785,1300.0
2018-02-16 14:03:00,108.7586,108.82,108.6,108.82,2100.0
2018-02-16 14:04:00,108.7,108.75,108.7,108.71,902.0
2018-02-16 14:05:00,108.72,108.72,108.67,108.68,400.0
2018-02-16 14:06:00,108.6392,108.6392,108.55,108.62,1034.0
2018-02-16 14:07:00,108.59,108.65,108.57,108.585,3400.0
2018-02-16 14:08:00,108.6677,108.68,108.66,108.66,543.0
2018-02-16 14:09:00,108.6,108.62,108.56,108.62,900.0
2018-02-16 14:10:00,108.52,108.6,108.48,108.58,550.0
2018-02-16 14:11:00,108.59,108.59,108.45,108.45,640.0
2018-02-16 14:12:00,108.44,108.55,108.44,108.52,3100.0
2018-02-16 14:13:00,108.445,108.455,108.44,108.44,500.0
2018-02-16 14:14:00,108.41,108.41,108.4,108.4,200.0
2018-02-16 14:15:00,108.3,108.35,108.3,108.35,1000.0
2018-02-16 14:16:00,108.295,108.3,108.27,108.3,800.0
2018-02-16 14:17:00,108.29,108.39,108.27,108.33,3411.0
2018-02-16 14:18:00,108.25,108.35,108.25,108.32,1614.0
2018-02-16 14:20:00,108.43,108.43,108.33,108.33,1658.0
2018-02-16 14:21:00,108.43,108.43,108.33,108.39,4400.0
2018-02-16 14:22:00,108.36,108.36,108.28,108.33,2981.0
2018-02-16 14:23:00,108.42,108.42,108.25,108.27,2300.0
2018-02-16 14:24:00,108.35,108.44,108.3,108.41,900.0
2018-02-16 14:25:00,108.28,108.28,108.28,108.28,200.0
2018-02-16 14:26:00,108.32,108.35,108.32,108.35,1100.0
2018-02-16 14:27:00,108.45,108.45,108.32,108.32,1100.0
2018-02-16 14:28:00,108.38,108.41,108.36,108.41,1100.0
2018-02-16 14:29:00,108.42,108.48,108.385,108.4069,1564.0
2018-02-16 14:30:00,108.48,108.48,108.445,108.445,400.0
2018-02-16 14:31:00,108.42,108.45,108.36,108.44,1700.0
2018-02-16 14:32:00,108.5,108.5,108.46,108.46,900.0
2018-02-16 14:33:00,108.54,108.55,108.5,108.52,620.0
2018-02-16 14:35:00,108.59,108.5905,108.56,108.5905,900.0
2018-02-16 14:36:00,108.54,108.59,108.54,108.59,2850.0
2018-02-16 14:37:00,108.64,108.64,108.6,108.6,899.0
2018-02-16 14:38:00,108.67,108.67,108.63,108.65,1700.0
2018-02-16 14:39:00,108.69,108.69,108.63,108.66,3469.0
2018-02-16 14:40:00,108.67,108.71,108.66,108.71,700.0
2018-02-16 14:41:00,108.65,108.65,108.63,108.63,1100.0
2018-02-16 14:42:00,108.62,108.67,108.62,108.67,277.0
2018-02-16 14:43:00,108.66,108.69,108.66,108.66,842.0
2018-02-16 14:44:00,108.645,108.675,108.63,108.675,1900.0
2018-02-16 14:45:00,108.62,108.68,108.52,108.68,3783.0
2018-02-16 14:46:00,108.64,108.64,108.63,108.63,300.0
2018-02-16 14:47:00,108.52,108.57,108.52,108.57,2000.0
2018-02-16 14:48:00,108.53,108.55,108.42,108.49,4200.0
2018-02-16 14:49:00,108.515,108.53,108.485,108.49,994.0
2018-02-16 14:50:00,108.665,108.665,108.535,108.535,2488.0
2018-02-16 14:51:00,108.59,108.64,108.59,108.64,1400.0
2018-02-16 14:52:00,108.64,108.64,108.55,108.57,3300.0
2018-02-16 14:53:00,108.62,108.66,108.59,108.6599,2000.0
2018-02-16 14:54:00,108.73,108.73,108.62,108.656,1595.0
2018-02-16 14:55:00,108.87,108.87,108.75,108.75,4000.0
2018-02-16 14:56:00,108.89,108.93,108.88,108.88,1409.0
2018-02-16 14:57:00,108.97,108.97,108.95,108.95,200.0
2018-02-16 14:58:00,108.95,109.0,108.92,109.0,1000.0
2018-02-16 14:59:00,109.05,109.05,108.94,108.985,1000.0
2018-02-16 15:00:00,109.07,109.12,109.02,109.05,2400.0
2018-02-16 15:01:00,109.11,109.11,109.05,109.06,1100.0
2018-02-16 15:02:00,109.12,109.12,109.07,109.1,2286.0
2018-02-16 15:03:00,109.12,109.14,109.08,109.12,800.0
2018-02-16 15:04:00,109.02,109.09,109.02,109.06,1300.0
2018-02-16 15:05:00,109.0,109.04,108.98,108.98,1400.0
2018-02-16 15:06:00,109.0,109.0,109.0,109.0,200.0
2018-02-16 15:07:00,109.05,109.0594,109.0,109.01,906.0
2018-02-16 15:08:00,109.0744,109.0744,109.0,109.0,1700.0
2018-02-16 15:09:00,109.12,109.15,109.04,109.07,6459.0
2018-02-16 15:10:00,109.2,109.2,109.1,109.11,3462.0
2018-02-16 15:11:00,109.205,109.23,109.18,109.2258,1725.0
2018-02-16 15:12:00,109.24,109.3,109.24,109.24,2748.0
2018-02-16 15:13:00,109.18,109.27,109.17,109.27,5900.0
2018-02-16 15:14:00,109.24,109.24,109.19,109.19,1100.0
2018-02-16 15:15:00,109.19,109.2,109.18,109.19,1900.0
2018-02-16 15:16:00,109.13,109.205,109.13,109.17,3600.0
2018-02-16 15:17:00,109.1,109.12,109.07,109.12,2722.0
2018-02-16 15:18:00,109.01,109.1,108.96,109.07,2300.0
2018-02-16 15:19:00,109.08,109.08,109.01,109.01,1907.0
2018-02-16 15:20:00,109.09,109.09,109.035,109.035,700.0
2018-02-16 15:21:00,109.07,109.1061,108.98,109.08,2600.0
2018-02-16 15:22:00,108.91,109.02,108.84,108.99,7476.0
2018-02-16 15:23:00,108.9,108.92,108.86,108.885,1800.0
2018-02-16 15:24:00,108.89,108.93,108.87,108.88,2100.0
2018-02-16 15:25:00,108.86,108.92,108.78,108.86,5100.0
2018-02-16 15:26:00,108.95,108.95,108.8146,108.86,6222.0
2018-02-16 15:27:00,109.0455,109.07,108.98,108.98,952.0
2018-02-16 15:28:00,109.08,109.09,109.04,109.08,1800.0
2018-02-16 15:29:00,109.1,109.11,109.04,109.11,1800.0
2018-02-16 15:30:00,108.97,109.1,108.97,109.1,4818.0
2018-02-16 15:31:00,109.04,109.04,108.99,108.99,2200.0
2018-02-16 15:32:00,108.87,109.03,108.805,108.98,4976.0
2018-02-16 15:33:00,108.88,108.89,108.83,108.85,3700.0
2018-02-16 15:34:00,108.86,108.86,108.79,108.82,3406.0
2018-02-16 15:35:00,108.82,108.86,108.76,108.8396,2632.0
2018-02-16 15:36:00,108.8,108.83,108.76,108.83,2900.0
2018-02-16 15:37:00,108.86,108.88,108.83,108.83,2300.0
2018-02-16 15:38:00,108.86,108.8899,108.82,108.87,10200.0
2018-02-16 15:39:00,108.86,108.89,108.84,108.86,3900.0
2018-02-16 15:40:00,108.8603,108.89,108.81,108.855,8135.0
2018-02-16 15:41:00,108.7901,108.875,108.7901,108.875,3201.0
2018-02-16 15:42:00,108.8,108.81,108.75,108.81,5695.0
2018-02-16 15:43:00,108.78,108.81,108.75,108.78,1800.0
2018-02-16 15:44:00,108.7,108.78,108.68,108.78,6076.0
2018-02-16 15:45:00,108.75,108.77,108.7,108.705,4534.0
2018-02-16 15:46:00,108.91,108.9299,108.77,108.77,8913.0
2018-02-16 15:47:00,109.03,109.11,108.92,108.92,6800.0
2018-02-16 15:48:00,109.15,109.15,109.09,109.09,2610.0
2018-02-16 15:49:00,109.17,109.2,109.13,109.15,3750.0
2018-02-16 15:50:00,109.19,109.23,109.15,109.16,10450.0
2018-02-16 15:51:00,109.2,109.24,109.17,109.18,7047.0
2018-02-16 15:52:00,109.22,109.22,109.17,109.17,7070.0
2018-02-16 15:53:00,109.185,109.23,109.17,109.21,8112.0
2018-02-16 15:54:00,109.18,109.185,109.14,109.185,6956.0
2018-02-16 15:55:00,109.205,109.21,109.16,109.16,10690.0
2018-02-16 15:56:00,109.18,109.24,109.18,109.205,11088.0
2018-02-16 15:57:00,109.17,109.2,109.17,109.17,5509.0
2018-02-16 15:58:00,109.15,109.18,109.15,109.17,9975.0
2018-02-16 15:59:00,109.05,109.14,109.01,109.14,10802.0
