1.000000000000000000e+00 3.077034421321659385e-01 2.093121487783670964e-01 2.079366242849616520e-01 2.203521076139119128e-01 3.804580186442784728e-01 3.108978354019791279e-01 2.476677142344230476e-01 3.576257882075364325e-01 3.005372880716511430e-01 2.537239925919156369e-01 3.654634600795593768e-01 2.374859478194090434e-01 3.681025885593376401e-01 3.676462863208074805e-01 3.089676282769475701e-01 4.461676525891379308e-01 3.336941385414243788e-01 3.585521147269982722e-01 2.692961096635489437e-01 3.774535979486167703e-01 2.511365274248348323e-01 3.091873193400956343e-01 3.074010379660392922e-01 3.478063227753271924e-01 2.615509572372222702e-01 3.347152631388122246e-01 2.727911098421319513e-01 3.156753094019615347e-01 3.650275494709863122e-01 1.248729295403791795e-01 2.670613778511616299e-01 3.066343088702926933e-01 4.019354977585117839e-01 2.777969129346898325e-01 2.073607841389703832e-01 4.151539161116634125e-01 2.932521872577244504e-01 2.195295539097942006e-01 2.968497194225979130e-01 3.404878806387072188e-01 2.721203117144811445e-01 3.346649368209550501e-01 1.623539365562178538e-01 1.661817996139560716e-01 3.588899311884226617e-01 3.938381223614293991e-01 2.047807522506596700e-01 2.202306268088623786e-01 2.250862780777253269e-01 3.401705087180976195e-01 3.319491327322438012e-01 3.447130437571175876e-01 3.028167872238981539e-01 3.406787323664571820e-01 4.386596129222520291e-01 2.136475941655002764e-01 2.535324395414931264e-01 2.081501591938878515e-01 3.243041937649100981e-01
3.077034421321659385e-01 1.000000000000000000e+00 2.885604303237711554e-01 1.275025363519112220e-01 6.231004457046169370e-02 3.062089662595998130e-01 2.912199232581327846e-01 2.693017115085952207e-01 3.010809888043806670e-01 3.790567316210717297e-01 3.896823328436160305e-01 2.569468046486207413e-01 2.445234411846129163e-01 4.303622426037913007e-01 2.801059223142708943e-01 3.367052495089453701e-01 2.981016532908457028e-01 2.566699167528484482e-01 2.624945318000685979e-01 2.284063765352405684e-01 2.640399530068988088e-01 2.019000060206940506e-01 2.518290969256191669e-01 2.571557097718933371e-01 3.117530663124116752e-01 2.014070525195354733e-01 2.331136109481655172e-01 2.356728778633823129e-01 1.711846407913919510e-01 4.050981764694071563e-01 9.354354003642938176e-02 3.054678269584284456e-01 3.675347120962985104e-01 3.608412036752927099e-01 3.164505249017310895e-01 2.635845128776496682e-01 4.447708222386247967e-01 2.413831077140278503e-01 1.543535545777970364e-01 3.380849508555326399e-01 2.908201725989821296e-01 2.206086025024393271e-01 3.579240510553741150e-01 2.223334095314231373e-01 1.319648889820513871e-01 4.158031468322659352e-01 4.987306156229045495e-01 1.285818373531456560e-01 2.174392022034685457e-01 2.522765711847831382e-01 3.927781904217556574e-01 2.786078753138206410e-01 3.132460276561564450e-01 2.661173913879387731e-01 3.297264437399063941e-01 3.952326607653427470e-01 2.710152344279055936e-01 1.448305077182756029e-01 1.293768188327281687e-01 3.251982824046348308e-01
2.093121487783670964e-01 2.885604303237711554e-01 1.000000000000000000e+00 1.209338218976350743e-01 2.027775388332543616e-01 2.312575430351386796e-01 3.842542981519128653e-01 1.879217230927854865e-01 3.320429593315101791e-01 4.509953419746384751e-01 2.818975404998218526e-01 1.284601732230800375e-01 3.555712474909125675e-01 3.134495809405516975e-01 2.246534609610786604e-01 2.667507201225840507e-01 2.007202816805827572e-01 3.052673338389814695e-01 2.352103190372390462e-01 2.153742597923285762e-01 1.827105900408353689e-01 1.252210034039778763e-01 1.672488834505525546e-01 1.843230250617125809e-01 2.792527132062536110e-01 1.978951485688260348e-01 2.514625635714302643e-01 2.211000925499973513e-01 1.740664136420961017e-01 2.459633782946079039e-01 1.529412816393355412e-01 3.721150201266871793e-01 4.480100102197476786e-01 2.458632887903770547e-01 4.352490189642397311e-01 4.270208693215793438e-01 3.141286547464770540e-01 2.018804509915596568e-01 1.864821769026067944e-01 5.391963714017283804e-01 2.588965585093098154e-01 1.027565592693743396e-01 3.003250117584549961e-01 2.706294498476580213e-01 1.959437149163200664e-01 3.295024924376834252e-01 3.472108855992997456e-01 1.908906362242946686e-01 3.389300684235740380e-01 1.795711016420181438e-01 2.708102180311988683e-01 2.551896765071786088e-01 3.508365732143737259e-01 1.635820739727563145e-01 2.457385214249124261e-01 2.892972600015186746e-01 2.527690174450885063e-01 1.486302653937318641e-01 1.979676824093113963e-01 4.206472695361009317e-01
2.079366242849616520e-01 1.275025363519112220e-01 1.209338218976350743e-01 1.000000000000000000e+00 1.198189527186963727e-01 2.248121667958973280e-01 1.336480017710262036e-01 1.071309218754551151e-01 1.904311003990821205e-01 1.792357106564630709e-01 1.083683878568017372e-01 1.520358905449293863e-01 7.172289593646559436e-02 1.386396879648156555e-01 2.153618283557935664e-01 1.956020148298482919e-01 2.342338267325077827e-01 1.141430732318263752e-01 1.312325832242436097e-01 1.548624846611693362e-01 1.907389032028719567e-01 1.149040288848613839e-01 2.257797063586249875e-01 1.410077015878941076e-01 2.204681914046601465e-01 1.439165886157482976e-01 1.699960542631538118e-01 1.930059196925024423e-01 1.416761213218824533e-01 1.871481247423208705e-01 -3.164437412817270451e-02 2.527541709563753125e-01 1.547677368342446902e-01 1.740860923149416817e-01 1.175520355527214372e-01 1.856042124312304864e-01 1.817819911687358903e-01 1.441815572022843162e-01 1.036491392419016111e-01 2.045736119970361921e-01 1.819190204850779924e-01 1.657935433737923736e-01 1.371254352454672754e-01 1.120386576215988972e-01 6.960486025723519599e-02 2.073025247977909602e-01 1.606727810244105159e-01 9.650377191062732563e-02 9.377172489694125812e-02 1.277919271503261400e-01 2.278224017684471747e-01 1.792504965644032000e-01 1.595767060830946826e-01 2.276695704093798234e-01 1.632103202558246591e-01 2.238705283674655433e-01 1.511295764920403406e-01 1.394569282571530011e-01 1.375105321293378924e-01 1.938215564683342385e-01
2.203521076139119128e-01 6.231004457046169370e-02 2.027775388332543616e-01 1.198189527186963727e-01 1.000000000000000000e+00 1.979199552961629915e-01 2.276442462790239374e-01 1.435918919847193054e-01 2.173791420066340241e-01 1.850663638423990232e-01 1.451835328231394218e-01 2.108473524859883208e-01 2.007836708441564644e-01 2.197828619968284491e-01 1.567745205758921401e-01 1.890661201553300030e-01 1.525931981340728216e-01 2.159905696923171137e-01 1.789393940107865955e-01 1.875421660197030549e-01 2.225165680756967801e-01 1.508449711588089881e-01 1.515788868049167126e-01 1.821943696692877868e-01 2.009912101524131689e-01 1.612009900014962638e-01 2.096564163194714059e-01 1.621292964197071362e-01 2.109745986517846117e-01 1.779926354658313836e-01 5.352209914163151561e-02 1.605829839211581900e-01 1.803371996759904061e-01 1.857269776014985052e-01 2.187627654202229377e-01 1.921419043829166728e-01 2.227592793964595363e-01 1.604128141582042144e-01 1.770153340121602692e-01 1.974544075303063806e-01 2.423240768596618411e-01 1.670072929744203516e-01 1.915807587657564759e-01 1.306064888282265357e-01 9.909207458053777284e-02 1.959176474915275690e-01 1.837903644117074020e-01 1.746135625843018846e-01 1.744079341912227188e-01 1.246945994574450295e-01 2.076159527710500496e-01 1.636870723380283721e-01 2.030873266220114826e-01 1.843847890948585311e-01 1.741973162193687641e-01 2.193488953532345409e-01 1.752478139433277793e-01 2.245212414156003977e-01 1.751675007921799920e-01 2.123976261621596529e-01
3.804580186442784728e-01 3.062089662595998130e-01 2.312575430351386796e-01 2.248121667958973280e-01 1.979199552961629915e-01 1.000000000000000000e+00 4.044176573318648549e-01 3.049413501490120804e-01 3.699956157227000109e-01 3.803495409561546414e-01 2.944328947401306240e-01 2.962890248040978558e-01 2.993455963776164297e-01 4.288953658521059142e-01 3.653661931673060637e-01 3.115594776668749732e-01 2.624701533190610947e-01 3.880607369352587210e-01 2.508009588795118150e-01 2.949770318586946161e-01 3.331164491956362661e-01 2.480801566357886401e-01 3.849311837520859592e-01 3.649747153063486738e-01 3.554488007032599595e-01 3.181497009613910576e-01 3.478822866938307001e-01 3.238844466012763545e-01 2.154994122369169318e-01 3.827928451657521269e-01 5.377109626955380722e-02 3.310719688891492485e-01 3.669506144411045501e-01 3.623954946825690415e-01 3.847062153981741783e-01 2.755856117505046665e-01 3.863466395855184032e-01 3.262947198380782288e-01 1.898243850827701917e-01 3.441343414579206561e-01 3.496339300970593422e-01 2.902861860575860486e-01 3.595123165829995360e-01 2.576705598492808336e-01 1.515527853810741121e-01 3.670385010914220536e-01 3.875837728265830728e-01 2.305029717630468489e-01 2.416949249500226216e-01 2.245054749515585923e-01 4.144415780705930641e-01 4.070255662332107338e-01 4.264840727383936159e-01 3.455417710637984641e-01 3.415748947692622828e-01 3.956532730897603378e-01 2.772593139866076917e-01 2.242613322697547262e-01 2.584688335244034185e-01 4.041039170446609763e-01
3.108978354019791279e-01 2.912199232581327846e-01 3.842542981519128653e-01 1.336480017710262036e-01 2.276442462790239374e-01 4.044176573318648549e-01 1.000000000000000000e+00 2.810799483477549598e-01 4.117301944382455448e-01 5.194540067153067264e-01 2.919640412048512546e-01 2.524767501856614582e-01 4.646386260896123166e-01 4.457737582913634533e-01 3.034536640477312197e-01 3.211067754433225008e-01 2.315027458841114327e-01 3.296402736636931396e-01 2.254552822396486134e-01 2.677016946642802875e-01 2.623304027570277919e-01 1.328625439003195963e-01 2.653647320511545726e-01 2.578863490240542178e-01 3.521537987726454655e-01 2.836843289552234415e-01 3.151956950969820315e-01 4.364616131616382289e-01 2.260033010937102238e-01 3.153622678638394738e-01 1.520653867446157825e-01 4.539374730525158053e-01 5.228344144490266743e-01 3.392237126119840851e-01 6.238987734222198878e-01 4.299150794996583480e-01 3.999227648319856887e-01 2.476442178707885522e-01 2.367618592504010799e-01 4.484615948431187049e-01 3.020249950444949261e-01 2.485761036375194744e-01 3.520767502437464613e-01 3.834331236050597669e-01 2.527522078096228197e-01 3.675988889861689368e-01 3.924245164310818934e-01 2.216408779800841944e-01 4.763291154211072298e-01 2.191074607069805613e-01 3.313975056239964467e-01 2.597373388209738843e-01 6.155747819951696842e-01 2.566179720906022199e-01 3.360770181299791437e-01 3.655852987319578862e-01 3.407356190790479800e-01 1.976430566668663791e-01 2.002975308283830580e-01 5.811125052977079708e-01
2.476677142344230476e-01 2.693017115085952207e-01 1.879217230927854865e-01 1.071309218754551151e-01 1.435918919847193054e-01 3.049413501490120804e-01 2.810799483477549598e-01 1.000000000000000000e+00 2.770268259292349433e-01 2.698508832162563320e-01 2.771007128293541122e-01 1.805672049484615405e-01 2.098247034626106178e-01 3.960535867288767498e-01 2.330498836818820363e-01 2.418284722187742097e-01 2.878605944020388163e-01 2.046315324041372008e-01 2.086444977174705395e-01 1.820703570020104356e-01 1.991242781989400190e-01 2.452182588357218751e-01 2.369841044755574277e-01 1.975285954623266782e-01 2.847848213322439204e-01 1.864684226442975268e-01 2.274564221789076579e-01 2.193997530741735869e-01 1.870311281301879902e-01 2.987832452258042948e-01 8.226360198545150382e-02 2.645660667242475950e-01 2.701461619681449489e-01 2.626719528379072854e-01 3.014846672761452573e-01 2.064858600362968200e-01 3.182953498323434771e-01 2.223837312851074388e-01 1.119003947012815053e-01 2.653593351026262148e-01 2.767843797737264411e-01 1.880220762253337619e-01 2.542446741411728550e-01 1.026205941714318504e-01 1.354386880512591373e-01 3.185169640422446102e-01 3.422392148673703005e-01 1.550406656680450579e-01 1.800335248288499612e-01 4.080176424299414295e-02 3.511681358186087287e-01 2.868297379413348169e-01 2.684170095853986027e-01 2.287647807384269039e-01 2.593232124175406383e-01 2.611163504592001194e-01 1.633273368602781994e-01 1.170212336763293004e-01 1.368379004987358150e-01 2.904636246295219104e-01
3.576257882075364325e-01 3.010809888043806670e-01 3.320429593315101791e-01 1.904311003990821205e-01 2.173791420066340241e-01 3.699956157227000109e-01 4.117301944382455448e-01 2.770268259292349433e-01 1.000000000000000000e+00 4.505859907612767556e-01 3.289177726658280565e-01 2.240692792928585808e-01 4.430853022949057252e-01 3.735819818497617684e-01 3.789834693433385970e-01 3.190871353418656686e-01 3.039040868817185492e-01 3.746708169812538736e-01 2.784707266239479506e-01 2.821563547539726047e-01 2.405770946697319834e-01 1.857380458883017837e-01 2.938398822120200093e-01 2.104528590261748322e-01 3.591906797437001697e-01 2.984589161327053652e-01 3.594962041206144487e-01 3.488172718108484283e-01 2.100111653195546324e-01 2.885286313145719594e-01 1.496396928395608839e-01 3.572610188126498776e-01 4.395835736647877301e-01 3.919910883353303621e-01 4.102208118380530899e-01 4.562197474674797859e-01 4.465963023932831844e-01 2.512828207914524770e-01 2.590291563431155741e-01 4.705158490587278974e-01 3.170744126062924884e-01 1.830060789831081114e-01 3.945849498806831002e-01 3.321711494154085953e-01 1.597889675357026529e-01 3.994068440259214148e-01 4.049330470938589110e-01 2.444683945737858299e-01 4.709254447551122214e-01 2.229483884203922461e-01 3.327976293564474108e-01 3.358720030895552822e-01 4.289221868215475908e-01 2.916701322970920995e-01 3.215969632523201227e-01 4.015371615248091719e-01 3.718496874045115197e-01 1.930638378685937406e-01 2.317191516197798229e-01 4.223701077873397436e-01
3.005372880716511430e-01 3.790567316210717297e-01 4.509953419746384751e-01 1.792357106564630709e-01 1.850663638423990232e-01 3.803495409561546414e-01 5.194540067153067264e-01 2.698508832162563320e-01 4.505859907612767556e-01 1.000000000000000000e+00 3.613294201782313864e-01 2.017501813530880872e-01 4.526885294027629958e-01 4.796682369837799165e-01 3.114042261660314725e-01 3.197011709116696632e-01 2.715580161756629418e-01 3.578476889225900570e-01 3.256682446499999384e-01 2.342926399854743935e-01 2.576783928945771684e-01 1.682375263438078417e-01 2.970477305962098691e-01 2.554011670456198813e-01 3.743450787335130814e-01 3.058881092172487937e-01 3.183972998701231627e-01 3.597788257330805650e-01 2.210378867789158375e-01 3.493475930638952898e-01 9.812083011773650720e-02 6.551717814711851551e-01 7.880084392219162126e-01 3.695636983232492567e-01 5.440408064989662451e-01 6.029196096216439260e-01 4.127361520307156195e-01 2.568865880675448299e-01 2.643794820413716828e-01 5.866676047620484891e-01 3.477319140853565860e-01 2.085261185838934994e-01 4.360443557483294486e-01 4.098896342641112356e-01 2.042293129310031319e-01 4.293067678794638686e-01 4.756822147323505612e-01 2.791453929522401123e-01 4.660152358905371717e-01 2.537049917718263159e-01 3.995400630530709374e-01 3.617235963071948612e-01 5.579532604899228865e-01 2.869800122592374159e-01 3.590288468207631922e-01 4.493873904327495561e-01 3.771425894891677899e-01 2.024658105019403742e-01 1.869600583714157993e-01 5.358028738751965392e-01
2.537239925919156369e-01 3.896823328436160305e-01 2.818975404998218526e-01 1.083683878568017372e-01 1.451835328231394218e-01 2.944328947401306240e-01 2.919640412048512546e-01 2.771007128293541122e-01 3.289177726658280565e-01 3.613294201782313864e-01 1.000000000000000000e+00 2.466219805814864330e-01 2.781643354576281424e-01 4.043690288808748368e-01 2.561096974217863531e-01 3.500785104847186080e-01 2.447760539218755971e-01 2.560876289272175366e-01 2.377727538329713342e-01 1.869535929527005313e-01 2.053290060187688559e-01 1.623634827977012696e-01 2.185915454901170840e-01 2.148033348918082786e-01 3.048838387475961142e-01 2.117272808799054162e-01 2.421493542912210306e-01 2.066618462819563296e-01 1.566390016461440826e-01 3.299397921023926594e-01 8.540434313822224677e-02 2.954462719422697448e-01 3.551243147605718797e-01 2.930151083549848989e-01 3.311730793883097546e-01 2.855583088452258722e-01 3.512050634112128256e-01 2.394568523349824285e-01 1.782319026339561352e-01 3.231033222709852604e-01 2.922682031064353092e-01 2.052271974221165640e-01 3.213099045641633067e-01 2.296255600328744317e-01 1.416154007697332240e-01 3.966262298107579021e-01 4.424247319200336759e-01 1.643779616030678625e-01 2.412116775986341277e-01 2.372368462096122177e-01 3.558938383406590744e-01 2.681542395186741756e-01 2.923745536968940240e-01 2.540873114757117301e-01 2.953592609696955029e-01 3.162997289161583736e-01 2.399437534490917179e-01 1.471095481640259106e-01 1.582269475488251032e-01 3.402942929237931513e-01
3.654634600795593768e-01 2.569468046486207413e-01 1.284601732230800375e-01 1.520358905449293863e-01 2.108473524859883208e-01 2.962890248040978558e-01 2.524767501856614582e-01 1.805672049484615405e-01 2.240692792928585808e-01 2.017501813530880872e-01 2.466219805814864330e-01 1.000000000000000000e+00 1.673039335236352065e-01 3.355955380197533366e-01 3.218770825821859471e-01 2.760299741345909608e-01 3.208087820383647149e-01 2.630118929195071620e-01 2.422835196392738033e-01 2.412397502846204966e-01 3.177852041479268252e-01 3.054662478056786035e-01 2.664672003306228221e-01 3.183225889277295773e-01 2.733588606629526185e-01 2.554634973197653092e-01 2.738779948567651723e-01 2.187886789414242583e-01 2.447265682400175946e-01 3.075250324035447291e-01 1.343727759118260590e-01 2.219438710723454500e-01 1.859594129458150558e-01 2.658243914473383263e-01 2.321113620456962123e-01 1.344085567985411900e-01 3.148457380216214130e-01 2.518516532533305319e-01 1.846326784767617912e-01 1.842979229765283611e-01 2.560127680081461521e-01 5.100106761009642886e-01 2.752983645888051334e-01 8.346740328111278140e-02 1.262178381031869578e-01 2.627496492630089775e-01 2.540354001020706520e-01 1.675873087310865706e-01 1.029071695207799259e-01 2.882981269374467193e-01 2.879202029345072078e-01 2.618092026777898429e-01 2.539613152464582635e-01 2.539958362518623392e-01 3.024245139580107877e-01 2.943715065927399732e-01 1.739501508497860727e-01 2.415547112589415957e-01 2.057551248657588372e-01 2.590739101652551057e-01
2.374859478194090434e-01 2.445234411846129163e-01 3.555712474909125675e-01 7.172289593646559436e-02 2.007836708441564644e-01 2.993455963776164297e-01 4.646386260896123166e-01 2.098247034626106178e-01 4.430853022949057252e-01 4.526885294027629958e-01 2.781643354576281424e-01 1.673039335236352065e-01 1.000000000000000000e+00 3.554201349064878279e-01 2.330777068529374108e-01 2.899544026313859435e-01 2.018886386834488622e-01 2.832819771792273178e-01 2.166169006325112112e-01 2.069284456350071189e-01 1.967085320335688059e-01 1.032978513159807932e-01 1.738930677228998356e-01 1.270318927006504339e-01 2.980676079904056586e-01 2.065418842443809688e-01 2.527486000005018107e-01 2.974761975616999066e-01 1.364788051297708416e-01 2.579009727566574650e-01 5.059794685547278070e-02 3.547562235647197526e-01 4.682738570367339093e-01 2.352221283260388651e-01 4.861698961017149045e-01 4.464479113396463972e-01 2.976500041832799703e-01 2.060820259295470247e-01 1.868205477820667482e-01 4.485439757858544207e-01 2.455969438647186975e-01 1.532716904915869538e-01 3.913768980428771194e-01 3.634377096627642301e-01 2.698776037347805357e-01 3.369655599589068129e-01 3.442866261094627012e-01 1.794288998668722435e-01 5.161205284133213445e-01 2.233161399111446843e-01 2.776286025512563760e-01 2.430588600116831144e-01 4.364515553214098897e-01 2.285574132844829798e-01 2.650833491165969225e-01 2.892144746335469363e-01 3.201051432319418910e-01 1.127709999500228488e-01 2.105851824983223097e-01 4.505623199879676410e-01
3.681025885593376401e-01 4.303622426037913007e-01 3.134495809405516975e-01 1.386396879648156555e-01 2.197828619968284491e-01 4.288953658521059142e-01 4.457737582913634533e-01 3.960535867288767498e-01 3.735819818497617684e-01 4.796682369837799165e-01 4.043690288808748368e-01 3.355955380197533366e-01 3.554201349064878279e-01 1.000000000000000000e+00 3.344763961015783660e-01 4.072632714833513967e-01 2.800454429757244790e-01 3.366370777919047153e-01 3.264866598214388183e-01 2.679743788820784789e-01 3.532152883016150824e-01 2.286173067250707458e-01 3.116683693560996504e-01 3.851784387621832173e-01 4.163253547430473822e-01 2.987295995221955214e-01 3.267043725688106304e-01 2.657466598862701646e-01 2.448173513509818155e-01 4.594843363270699754e-01 1.210206389057196241e-01 4.515486536044115429e-01 4.543308962823035535e-01 3.911290909735942734e-01 4.728489348137333570e-01 3.519551830307751095e-01 3.786202248367281364e-01 3.010399014529567263e-01 2.877720704790615591e-01 3.990377011243609329e-01 3.790091359989114506e-01 3.013202242654864360e-01 4.702250861603591292e-01 2.281273868689470130e-01 1.720792234157464407e-01 4.781131378804196475e-01 4.976821557579760302e-01 2.453472955246980558e-01 2.836499325163245322e-01 3.000810785001166714e-01 5.664849834188095956e-01 3.769498626628248750e-01 4.342447121009644917e-01 3.547795684794229354e-01 3.882876654889688139e-01 4.402865762988321108e-01 3.213262063222812603e-01 2.136914642376264717e-01 2.100166239900993492e-01 4.578672036782620580e-01
3.676462863208074805e-01 2.801059223142708943e-01 2.246534609610786604e-01 2.153618283557935664e-01 1.567745205758921401e-01 3.653661931673060637e-01 3.034536640477312197e-01 2.330498836818820363e-01 3.789834693433385970e-01 3.114042261660314725e-01 2.561096974217863531e-01 3.218770825821859471e-01 2.330777068529374108e-01 3.344763961015783660e-01 1.000000000000000000e+00 2.878334046311659122e-01 2.959825664159641545e-01 3.818910268903043526e-01 1.936707808738598324e-01 3.263225264011714311e-01 2.692046495333884626e-01 2.341971081368718621e-01 2.954830599286696891e-01 2.397266293110596469e-01 2.553066825512674831e-01 3.393413934809438870e-01 3.491005242922890495e-01 3.300457541811449014e-01 3.008230698258753111e-01 3.061921851242331294e-01 2.973561743756012454e-01 2.982775376644076770e-01 2.876200505987556166e-01 3.151619638221213604e-01 2.866593260603089721e-01 2.458083603644817816e-01 3.601077804411006444e-01 3.523562034360699369e-01 3.493057583934814914e-01 3.151730187266463257e-01 3.349335889369871033e-01 2.891917352564487009e-01 3.520988102440352763e-01 1.904444106367139677e-01 1.689291275739249476e-01 3.053010828019976919e-01 3.526141005360705627e-01 2.498987302637295793e-01 2.221182276841014158e-01 2.353822095163771444e-01 3.209157392371311257e-01 3.818439084458953303e-01 3.409470277485583400e-01 2.788082770749908401e-01 3.016248857131612615e-01 3.597486576483537868e-01 2.612679250239283713e-01 2.336855754745977565e-01 1.949469228367572415e-01 3.431544125191730021e-01
3.089676282769475701e-01 3.367052495089453701e-01 2.667507201225840507e-01 1.956020148298482919e-01 1.890661201553300030e-01 3.115594776668749732e-01 3.211067754433225008e-01 2.418284722187742097e-01 3.190871353418656686e-01 3.197011709116696632e-01 3.500785104847186080e-01 2.760299741345909608e-01 2.899544026313859435e-01 4.072632714833513967e-01 2.878334046311659122e-01 1.000000000000000000e+00 2.811865574421905656e-01 2.902601208406258015e-01 2.731104936896294744e-01 2.207364075815928528e-01 2.729274076922477144e-01 2.016058239688585385e-01 2.101821030578303606e-01 2.443535261120167446e-01 3.384739796228513065e-01 2.564938831768646121e-01 2.896094196429155887e-01 2.865518857708841405e-01 1.985698736057525393e-01 3.836691626932607346e-01 1.313039136362287307e-01 2.925721455070809940e-01 3.140652732174681883e-01 2.883595582394693491e-01 3.273292658007131983e-01 2.670673776607367378e-01 3.812799012801377785e-01 2.622590096398275672e-01 2.017575158002834490e-01 2.697554288308377513e-01 3.620768318683532661e-01 2.287209517263534275e-01 3.237459519425316401e-01 1.961422456765593847e-01 1.565870516908413057e-01 3.916002078501469308e-01 4.139579026605661460e-01 1.571674483535111799e-01 2.302823749739057735e-01 2.617942500873135514e-01 3.602979817332738754e-01 2.872886995204004812e-01 3.096662503488806784e-01 2.755387583154608744e-01 3.365805030219073402e-01 3.247427986499089592e-01 2.591755945661918803e-01 1.617163782601533928e-01 1.743044665623800227e-01 3.453104996772783930e-01
4.461676525891379308e-01 2.981016532908457028e-01 2.007202816805827572e-01 2.342338267325077827e-01 1.525931981340728216e-01 2.624701533190610947e-01 2.315027458841114327e-01 2.878605944020388163e-01 3.039040868817185492e-01 2.715580161756629418e-01 2.447760539218755971e-01 3.208087820383647149e-01 2.018886386834488622e-01 2.800454429757244790e-01 2.959825664159641545e-01 2.811865574421905656e-01 1.000000000000000000e+00 2.463342039381860027e-01 2.923318324483682451e-01 2.510971986952593715e-01 2.519280855122131846e-01 3.869478505860887707e-01 2.392595044155488571e-01 1.945546548047616120e-01 3.013692147663733500e-01 2.330238501974387089e-01 2.718376584495234005e-01 2.323598730323754857e-01 2.398551464099598907e-01 2.758703728766520036e-01 1.182574622597225983e-01 2.467918552809627575e-01 2.895128931108876258e-01 2.834433559014357118e-01 2.089062455151050046e-01 2.101386839245233673e-01 3.121663435492166849e-01 2.051953808777986221e-01 1.800375751726488449e-01 2.784540383119448181e-01 2.901257723612535311e-01 2.326893620838438315e-01 3.104535274580007553e-01 1.608711570660842360e-01 1.383615616937827197e-01 2.824285189584564426e-01 3.248496482968289967e-01 1.806603808797505872e-01 2.047487878277641227e-01 1.966612673589006599e-01 3.100054352215769748e-01 2.320522793809899897e-01 2.561215507657264023e-01 2.501883123926657571e-01 2.659514883511032712e-01 3.228319173916692209e-01 2.128110517127736745e-01 1.552631138290211377e-01 1.817198580316706502e-01 2.795319600727548259e-01
3.336941385414243788e-01 2.566699167528484482e-01 3.052673338389814695e-01 1.141430732318263752e-01 2.159905696923171137e-01 3.880607369352587210e-01 3.296402736636931396e-01 2.046315324041372008e-01 3.746708169812538736e-01 3.578476889225900570e-01 2.560876289272175366e-01 2.630118929195071620e-01 2.832819771792273178e-01 3.366370777919047153e-01 3.818910268903043526e-01 2.902601208406258015e-01 2.463342039381860027e-01 1.000000000000000000e+00 2.244993616330015762e-01 2.974414110506088949e-01 2.695418222713572010e-01 1.894949414075888516e-01 2.714360108201469002e-01 2.750498605028289800e-01 2.919291007743063937e-01 3.158607065519620782e-01 3.163098386004596918e-01 2.784044265695982956e-01 2.356370175815816481e-01 2.793977250526515910e-01 2.482360293190499501e-01 3.134060222137061702e-01 3.311138412125916863e-01 3.038565123445639560e-01 3.283023201990394879e-01 2.975317156380613004e-01 3.304740613540968486e-01 3.015257688968247529e-01 2.271612453581845492e-01 3.261089383770487959e-01 2.960160740178544025e-01 2.226937199561028480e-01 2.838391340406632990e-01 2.095672177479163678e-01 1.561629527018415231e-01 3.497400248790355493e-01 3.112751312056982189e-01 2.572425126199723300e-01 2.527083111889353306e-01 2.007992824183733038e-01 2.956480977200784399e-01 3.903557489589455920e-01 3.569718626170167997e-01 2.196494605223291430e-01 2.947573211298942786e-01 3.482981105570302494e-01 2.457510362444661201e-01 2.180158689867268129e-01 2.493163845659357170e-01 3.525055330451012381e-01
3.585521147269982722e-01 2.624945318000685979e-01 2.352103190372390462e-01 1.312325832242436097e-01 1.789393940107865955e-01 2.508009588795118150e-01 2.254552822396486134e-01 2.086444977174705395e-01 2.784707266239479506e-01 3.256682446499999384e-01 2.377727538329713342e-01 2.422835196392738033e-01 2.166169006325112112e-01 3.264866598214388183e-01 1.936707808738598324e-01 2.731104936896294744e-01 2.923318324483682451e-01 2.244993616330015762e-01 1.000000000000000000e+00 1.891309902842092661e-01 2.801008092881074329e-01 1.817043684261746561e-01 2.557705505277360625e-01 2.813558617734966960e-01 2.853331115511000271e-01 2.400220700014785158e-01 2.688428714849566692e-01 1.694304767047790650e-01 2.233780652206015793e-01 2.628951684377884845e-01 2.504241801643327520e-02 2.723125236193959520e-01 3.066739611975954349e-01 3.101581645510380625e-01 2.614391359796943703e-01 2.228257706859985698e-01 3.031493310869533553e-01 2.146443527001040408e-01 1.698674348505078147e-01 2.932112140866047767e-01 2.536677906174897301e-01 2.110317823681314153e-01 2.938664100367170406e-01 1.563991052261548831e-01 1.165821859331895027e-01 3.192906606170134443e-01 3.524670765334052547e-01 1.611817789833264736e-01 1.787594920205705928e-01 2.092457286130380845e-01 3.014506228495518747e-01 2.681932595050195989e-01 2.672078276163754595e-01 2.655741908755623881e-01 2.930670323575619851e-01 3.528899127420505044e-01 2.407702472613358624e-01 1.618760451343645435e-01 1.762790436933276417e-01 2.669771914872735574e-01
2.692961096635489437e-01 2.284063765352405684e-01 2.153742597923285762e-01 1.548624846611693362e-01 1.875421660197030549e-01 2.949770318586946161e-01 2.677016946642802875e-01 1.820703570020104356e-01 2.821563547539726047e-01 2.342926399854743935e-01 1.869535929527005313e-01 2.412397502846204966e-01 2.069284456350071189e-01 2.679743788820784789e-01 3.263225264011714311e-01 2.207364075815928528e-01 2.510971986952593715e-01 2.974414110506088949e-01 1.891309902842092661e-01 1.000000000000000000e+00 1.964791478425282900e-01 1.781052641203361431e-01 2.474272190876622146e-01 2.051266953520331504e-01 2.471283025652843413e-01 2.441044346396346598e-01 2.563186297237861067e-01 1.731402932382901938e-01 1.669390159259913076e-01 2.403646749802551830e-01 2.931572313718086020e-01 2.100792463478564909e-01 2.499662070844543560e-01 2.428272085561502258e-01 2.764301555265080146e-01 1.866435188583129012e-01 2.759118208678902340e-01 2.556028420702545212e-01 1.633204700833219003e-01 2.618576055468933572e-01 2.306381277083436876e-01 1.974105422174901869e-01 2.480112082637309368e-01 1.781224284962824311e-01 1.186250684106912590e-01 2.559860877281706637e-01 2.717881326048859347e-01 1.374289904470352153e-01 2.258503435491986677e-01 1.795452555878780387e-01 2.422696922519401719e-01 2.572477258883047457e-01 2.692018269900130489e-01 2.264492713254638301e-01 2.630461890046652540e-01 2.661361467772978551e-01 1.633885272950826584e-01 1.988803056112614931e-01 1.510845776207229152e-01 2.639031423838485990e-01
3.774535979486167703e-01 2.640399530068988088e-01 1.827105900408353689e-01 1.907389032028719567e-01 2.225165680756967801e-01 3.331164491956362661e-01 2.623304027570277919e-01 1.991242781989400190e-01 2.405770946697319834e-01 2.576783928945771684e-01 2.053290060187688559e-01 3.177852041479268252e-01 1.967085320335688059e-01 3.532152883016150824e-01 2.692046495333884626e-01 2.729274076922477144e-01 2.519280855122131846e-01 2.695418222713572010e-01 2.801008092881074329e-01 1.964791478425282900e-01 1.000000000000000000e+00 2.726657912588099641e-01 2.302019794074412207e-01 3.420644666915176879e-01 3.470881508210279520e-01 2.313282589690372482e-01 2.719832120075313941e-01 2.406143790923395420e-01 2.605910497279947946e-01 3.422267905678317290e-01 7.684897515498619047e-02 2.421579391215022969e-01 2.396114986626157184e-01 3.497468233539108295e-01 2.247465987227875439e-01 1.453946627516838896e-01 3.041079584879201048e-01 2.393570719262041457e-01 1.849817540822033535e-01 2.055025394347649303e-01 2.881647535942707949e-01 3.250520843482574973e-01 2.692864789142060955e-01 1.440535086098326534e-01 1.375079962240101650e-01 2.899254608975915248e-01 3.200164062959245936e-01 1.748365756244769087e-01 1.244241460617427908e-01 1.779197476551905299e-01 3.411476640659312221e-01 2.842414341332012429e-01 2.502993821163523314e-01 3.034860405482648904e-01 2.859799705429965644e-01 3.912533678444158891e-01 1.855904714963993174e-01 2.111706513294092924e-01 1.755533466880196958e-01 2.515633263281559784e-01
2.511365274248348323e-01 2.019000060206940506e-01 1.252210034039778763e-01 1.149040288848613839e-01 1.508449711588089881e-01 2.480801566357886401e-01 1.328625439003195963e-01 2.452182588357218751e-01 1.857380458883017837e-01 1.682375263438078417e-01 1.623634827977012696e-01 3.054662478056786035e-01 1.032978513159807932e-01 2.286173067250707458e-01 2.341971081368718621e-01 2.016058239688585385e-01 3.869478505860887707e-01 1.894949414075888516e-01 1.817043684261746561e-01 1.781052641203361431e-01 2.726657912588099641e-01 1.000000000000000000e+00 2.254617376667500672e-01 2.481998988750201141e-01 2.545913642099150720e-01 1.930257933282698291e-01 2.318236587151891737e-01 1.420315280696182736e-01 1.737463967212816984e-01 2.429997384964737994e-01 9.566519386819989645e-02 1.677105265321692795e-01 1.558040347634274125e-01 1.964535191334509101e-01 2.055004803171269767e-01 1.105681510739929124e-01 2.118564656399685442e-01 1.830785669332918864e-01 1.476156343176992791e-01 1.934229117780137674e-01 2.127442687276779876e-01 2.730893925146627432e-01 1.901908013878494952e-01 8.777447238166814769e-02 8.893730597490415168e-02 2.122541702981123324e-01 1.820133867992988208e-01 9.061884116418617019e-02 7.643819115007093046e-02 1.668094407893853104e-01 2.488697142947651486e-01 1.562073776032761319e-01 1.773023465400822285e-01 2.236137084439283329e-01 2.328045192723125767e-01 2.137996681487132900e-01 8.912224629897384787e-02 1.314420536408733298e-01 1.368613903832304191e-01 2.004520419324446467e-01
3.091873193400956343e-01 2.518290969256191669e-01 1.672488834505525546e-01 2.257797063586249875e-01 1.515788868049167126e-01 3.849311837520859592e-01 2.653647320511545726e-01 2.369841044755574277e-01 2.938398822120200093e-01 2.970477305962098691e-01 2.185915454901170840e-01 2.664672003306228221e-01 1.738930677228998356e-01 3.116683693560996504e-01 2.954830599286696891e-01 2.101821030578303606e-01 2.392595044155488571e-01 2.714360108201469002e-01 2.557705505277360625e-01 2.474272190876622146e-01 2.302019794074412207e-01 2.254617376667500672e-01 1.000000000000000000e+00 3.233929166929335186e-01 2.922612408997909972e-01 2.421390760341830539e-01 3.243932589900088703e-01 2.265091864582410019e-01 2.239826893026570509e-01 2.527220631545836760e-01 2.087420512606483897e-02 2.491046528451197895e-01 2.804882398804652288e-01 2.857207912302118791e-01 2.562343031959057882e-01 1.834837925673154513e-01 3.083874118400521946e-01 2.263602272897550505e-01 1.636787053899526057e-01 2.809644522811388656e-01 2.704314713793887770e-01 2.421849659710363367e-01 2.733004329663324405e-01 1.663965161072334387e-01 7.096222175578775770e-02 2.906618912895749252e-01 2.962540168513445038e-01 3.352083673220622173e-01 1.252692581393809734e-01 1.771162390313954504e-01 3.219589854347934543e-01 3.560379998469776486e-01 2.589909464167315933e-01 3.240686178184806199e-01 3.017646539222207380e-01 3.025096480524162024e-01 2.496362023260299823e-01 3.152690783954102405e-01 1.850948472482080442e-01 2.725565348092964801e-01
3.074010379660392922e-01 2.571557097718933371e-01 1.843230250617125809e-01 1.410077015878941076e-01 1.821943696692877868e-01 3.649747153063486738e-01 2.578863490240542178e-01 1.975285954623266782e-01 2.104528590261748322e-01 2.554011670456198813e-01 2.148033348918082786e-01 3.183225889277295773e-01 1.270318927006504339e-01 3.851784387621832173e-01 2.397266293110596469e-01 2.443535261120167446e-01 1.945546548047616120e-01 2.750498605028289800e-01 2.813558617734966960e-01 2.051266953520331504e-01 3.420644666915176879e-01 2.481998988750201141e-01 3.233929166929335186e-01 1.000000000000000000e+00 3.161300624394634551e-01 2.914675781470554838e-01 3.350034455787160304e-01 1.594146862036275869e-01 2.529758930721789367e-01 2.787264802687760556e-01 1.203520773665986837e-01 2.323731320070065165e-01 2.131292682295505558e-01 2.847105266090301234e-01 2.305935722415214661e-01 7.928418040613940954e-02 2.990131729976591157e-01 2.618969779869527170e-01 2.000114738069579123e-01 2.044161185222767851e-01 2.511521716435000662e-01 2.996487193502974100e-01 2.731358904796341580e-01 8.253609958886645726e-02 -1.222757508240594586e-02 3.230856702280540671e-01 3.236491556054982288e-01 1.632254222123396270e-01 -2.026703956446975624e-02 2.107919416378721267e-01 2.972601481490108610e-01 2.919046213028358983e-01 2.268518631067248381e-01 3.038678983117263366e-01 2.828540142552383174e-01 2.905504952327609969e-01 1.475537890238937389e-01 2.209321641700426886e-01 2.124373201061382499e-01 2.777532236625215312e-01
3.478063227753271924e-01 3.117530663124116752e-01 2.792527132062536110e-01 2.204681914046601465e-01 2.009912101524131689e-01 3.554488007032599595e-01 3.521537987726454655e-01 2.847848213322439204e-01 3.591906797437001697e-01 3.743450787335130814e-01 3.048838387475961142e-01 2.733588606629526185e-01 2.980676079904056586e-01 4.163253547430473822e-01 2.553066825512674831e-01 3.384739796228513065e-01 3.013692147663733500e-01 2.919291007743063937e-01 2.853331115511000271e-01 2.471283025652843413e-01 3.470881508210279520e-01 2.545913642099150720e-01 2.922612408997909972e-01 3.161300624394634551e-01 1.000000000000000000e+00 2.446758180425784579e-01 2.832700084695563558e-01 2.607069289825146852e-01 2.379812050816172420e-01 3.242992633106564493e-01 1.096218133184081872e-01 3.489894176338873555e-01 3.721534179879514292e-01 4.478684193107260736e-01 3.371093349307407450e-01 3.126756426808495193e-01 3.937611649498929389e-01 2.673426386295114088e-01 2.508497526912576991e-01 3.732515739281030420e-01 3.083624610770153707e-01 2.608324100490154174e-01 3.893891221605752517e-01 2.516543054955845959e-01 1.168662572764491842e-01 3.872467232657667013e-01 4.043556571029088276e-01 1.854970135843964085e-01 2.625326442065822330e-01 2.408745886270020342e-01 3.580643840434871161e-01 3.252346270315921717e-01 3.349304042490592881e-01 4.053115050320216795e-01 3.470595765993785276e-01 4.493248277170696081e-01 2.634479276639314360e-01 2.017189256158912758e-01 1.937513646890200170e-01 3.690359020461310147e-01
2.615509572372222702e-01 2.014070525195354733e-01 1.978951485688260348e-01 1.439165886157482976e-01 1.612009900014962638e-01 3.181497009613910576e-01 2.836843289552234415e-01 1.864684226442975268e-01 2.984589161327053652e-01 3.058881092172487937e-01 2.117272808799054162e-01 2.554634973197653092e-01 2.065418842443809688e-01 2.987295995221955214e-01 3.393413934809438870e-01 2.564938831768646121e-01 2.330238501974387089e-01 3.158607065519620782e-01 2.400220700014785158e-01 2.441044346396346598e-01 2.313282589690372482e-01 1.930257933282698291e-01 2.421390760341830539e-01 2.914675781470554838e-01 2.446758180425784579e-01 1.000000000000000000e+00 4.667644282118926791e-01 2.441155904358916218e-01 2.456848875699525758e-01 2.734825359091201391e-01 1.417757208642068667e-01 2.547622876072946352e-01 2.898516584708807353e-01 2.493138577318137483e-01 2.752967207633408298e-01 2.105427606526934226e-01 2.887641038288514261e-01 2.410474226139031340e-01 2.294055080733159724e-01 2.828541450691125503e-01 2.768569164498876911e-01 2.338162413561080677e-01 2.396197410558399410e-01 1.749577354976371846e-01 1.215673570921290553e-01 3.021629264797959791e-01 3.509994208949265282e-01 2.324469352385780951e-01 1.589237566265249424e-01 2.365148695529595280e-01 2.756674136845573275e-01 3.293412117443370590e-01 2.916365716209906034e-01 2.283904109972822172e-01 2.513892959212583045e-01 2.621368868144268727e-01 2.469434165806588533e-01 2.071161367941972420e-01 2.596921694468134478e-01 2.977051708736730973e-01
